2.75735e-39 3.50439e-11 2.75735e-39 3.50439e-11 1.76525e-39 3.50439e-11 1.76525e-39 3.50439e-11
-0.000138815  3.34172e-06 -0.000138831  3.25392e-06 -0.000138509  4.72036e-06 -0.000138563  4.50699e-06
 -0.00055341  1.33098e-05 -0.000553468  1.29915e-05 -0.000552198  1.87767e-05 -0.000552413  1.79304e-05
-0.00124102 2.98249e-05 -0.00124114 2.91627e-05 -0.00123834 4.19223e-05 -0.00123879 4.01353e-05
-0.00219887 5.28079e-05 -0.00219905 5.18283e-05 -0.00219424 7.38472e-05 -0.00219499 7.08683e-05
-0.00342422 8.22322e-05 -0.00342445 8.09578e-05 -0.00341714 0.000114449 -0.00341823 0.000110113
-0.00491432 0.000117969 -0.00491457 0.000116596 -0.00490425 0.000163901 -0.00490571  0.00015807
-0.00666643 0.000160079 -0.00666669 0.000158615 -0.00665287 0.000221946  -0.0066547 0.000214655
-0.00867778 0.000208611 -0.00867814 0.000206649 -0.00866039 0.000288111 -0.00866253 0.000279533
 -0.0109456 0.000263692  -0.0109461 0.000260998  -0.0109237 0.000363729  -0.0109264 0.000352868
 -0.0134673 0.000325195  -0.0134683 0.000319666  -0.0134402 0.000448643  -0.0134436 0.000434946
 -0.0162399 0.000393865  -0.0162416 0.000384758  -0.0162071 0.000542734  -0.0162113 0.000526028
  -0.019261 0.000468696  -0.0192629 0.000458259  -0.0192217  0.00064634  -0.0192268 0.000626006
 -0.0225276 0.000551179  -0.0225299 0.000538762  -0.0224814 0.000758843  -0.0224874 0.000735019
  -0.026037 0.000640835  -0.0260399 0.000625234  -0.0259832 0.000881281  -0.0259906  0.00085224
 -0.0297864 0.000738691  -0.0297898 0.000720627  -0.0297251  0.00101159  -0.0297331  0.00098037
 -0.0337737 0.000842157  -0.0337773 0.000822873  -0.0337038  0.00115179  -0.0337129  0.00111654
 -0.0379968 0.000947736  -0.0379997 0.000932653  -0.0379175  0.00129875   -0.037927  0.00126199
-0.0424519 0.00106222 -0.0424538 0.00105211 -0.0423624 0.00145679 -0.0423724 0.00141791
-0.0471365 0.00118408 -0.0471373 0.00117995 -0.0470358  0.0016259 -0.0470466 0.00158422
-0.0520475 0.00131627 -0.0520476 0.00131574 -0.0519361 0.00180227  -0.051948 0.00175691
-0.0571827 0.00145634  -0.057184 0.00144965 -0.0570593  0.0019916 -0.0570724 0.00194179
-0.0625398 0.00160265 -0.0625403 0.00160029 -0.0624026 0.00219362 -0.0624176 0.00213717
 -0.068113  0.0017717 -0.0681182 0.00174507 -0.0679643 0.00240562 -0.0679798 0.00234786
 -0.073901 0.00195617 -0.0739127 0.00189712 -0.0737406 0.00263175 -0.0737581 0.00256687
-0.0799026 0.00214907  -0.079919 0.00206778  -0.079731 0.00286442 -0.0797482 0.00280117
-0.0861164 0.00234527 -0.0861357 0.00225023 -0.0859293 0.00311664 -0.0859483 0.00304741
-0.0925398 0.00254433 -0.0925592 0.00244994 -0.0923348 0.00338155 -0.0923553 0.00330737
-0.0991677 0.00275876 -0.0991877 0.00266287 -0.0989446 0.00366001 -0.0989693 0.00357169
 -0.105998 0.00298402  -0.106019 0.00288713  -0.105755 0.00395503  -0.105784  0.0038518
 -0.113028 0.00322506  -0.113048 0.00313292  -0.112767 0.00425777  -0.112797 0.00415298
 -0.120255 0.00348434  -0.120277  0.0033835  -0.119973  0.0045823  -0.120005 0.00447074
 -0.127675 0.00375896  -0.127699 0.00365221  -0.127371 0.00492711  -0.127406  0.0048088
 -0.135284  0.0040618  -0.135314 0.00392873  -0.134961 0.00528511  -0.134997 0.00516237
 -0.143083  0.0043752  -0.143118 0.00422026  -0.142738 0.00565973   -0.14278 0.00551946
 -0.151073 0.00468344  -0.151106 0.00454189  -0.150701 0.00605249  -0.150746 0.00590261
 -0.159242 0.00502722  -0.159279 0.00487252  -0.158842 0.00647552  -0.158889 0.00632256
 -0.167596 0.00537157  -0.167632 0.00522506  -0.167163 0.00691898  -0.167214 0.00675319
 -0.176125 0.00575185  -0.176166 0.00558276  -0.175662 0.00737308  -0.175715 0.00720672
 -0.184823 0.00616868  -0.184875 0.00596185  -0.184336 0.00784895  -0.184394 0.00766796
 -0.193702 0.00657814  -0.193761 0.00634413  -0.193184 0.00833671  -0.193246 0.00814705
 -0.202749 0.00700961  -0.202812 0.00676765  -0.202195 0.00886261  -0.202264 0.00865207
 -0.211961 0.00747479   -0.21203 0.00721542  -0.211372 0.00940838  -0.211444 0.00919337
 -0.221338 0.00795715  -0.221416 0.00766886  -0.220709 0.00998567  -0.220792 0.00974204
 -0.230877 0.00846087  -0.230962 0.00815127  -0.230216  0.0105595  -0.230295  0.0103315
 -0.240572 0.00899726  -0.240672 0.00864128   -0.23987  0.0111849  -0.239959  0.0109335
 -0.250429 0.00953776  -0.250532 0.00917641  -0.249681  0.0118284  -0.249779  0.0115563
 -0.260436  0.0101141  -0.260552 0.00971453  -0.259646  0.0124931  -0.259753   0.012197
-0.270604 0.0106784 -0.270717 0.0102987 -0.269754 0.0131988 -0.269873 0.0128741
-0.280917 0.0112815 -0.281033  0.010898 -0.280007 0.0139332 -0.280147 0.0135582
-0.291366 0.0119416 -0.291487 0.0115478 -0.290408 0.0146824 -0.290554 0.0142995
-0.301944 0.0126702 -0.302086 0.0122184 -0.300943 0.0154767 -0.301108 0.0150491
-0.312685 0.0133484 -0.312834 0.0128833 -0.311627 0.0162701  -0.31179  0.015855
-0.323557  0.014078 -0.323716 0.0135915 -0.322433 0.0171235  -0.32261 0.0166814
-0.334562 0.0148386 -0.334734 0.0143216 -0.333375 0.0179984 -0.333553 0.0175604
-0.345695 0.0156354 -0.345875 0.0151073 -0.344452 0.0188887 -0.344631  0.018457
-0.356974 0.0164158 -0.357139 0.0159379 -0.355644 0.0198381 -0.355822 0.0194147
-0.368377 0.0172313 -0.368524 0.0168132 -0.366951 0.0208367 -0.367138  0.020401
-0.379889 0.0181172 -0.380055 0.0176547 -0.378372 0.0218817 -0.378573 0.0214217
-0.391516 0.0190469 -0.391688 0.0185793 -0.389911 0.0229565 -0.390114 0.0224998
-0.403248 0.0200442 -0.403445 0.0195176  -0.40156 0.0240738 -0.401804 0.0235364
-0.415111  0.021026 -0.415305 0.0205194 -0.413327 0.0252126  -0.41359 0.0246415
 -0.42707 0.0220849 -0.427297 0.0215025 -0.425175 0.0264419   -0.4255 0.0257468
-0.439156  0.023129 -0.439383 0.0225577 -0.437157 0.0276457 -0.437487 0.0269526
-0.451312 0.0242958 -0.451589 0.0236116 -0.449218 0.0289329 -0.449558 0.0282339
-0.463583 0.0254672 -0.463879 0.0247496 -0.461367 0.0302793 -0.461735 0.0295353
-0.475946 0.0266893 -0.476263 0.0259388 -0.473608 0.0316701 -0.474039 0.0308138
-0.488402 0.0279582 -0.488739 0.0271757 -0.485905 0.0331687 -0.486401  0.032202
-0.500974 0.0292127 -0.501279 0.0285192 -0.498288 0.0347096 -0.498894 0.0335497
-0.513608 0.0305685 -0.513943 0.0298218 -0.510771 0.0362604 -0.511393 0.0350938
 -0.52635 0.0319177 -0.526663 0.0312337 -0.523342 0.0378418 -0.524008  0.036616
-0.539119 0.0334276 -0.539467 0.0326848 -0.535934 0.0395683 -0.536761 0.0380739
-0.552006 0.0348988 -0.552322 0.0342397  -0.54862 0.0413025  -0.54949 0.0397591
-0.564915 0.0365262  -0.56525 0.0358413 -0.561363 0.0431017 -0.562348 0.0413881
-0.577898 0.0381894 -0.578217 0.0375517 -0.574233 0.0448468 -0.575219 0.0431612
 -0.59091 0.0399757 -0.591281 0.0392519 -0.587137 0.0466889 -0.588192 0.0449169
-0.604035 0.0417132 -0.604424 0.0409688 -0.600149 0.0485038 -0.601184 0.0467953
 -0.61718 0.0435751 -0.617637 0.0427183  -0.61314 0.0504926 -0.614223  0.048739
-0.630458 0.0453464 -0.630867 0.0445955 -0.626259 0.0524137 -0.627325 0.0507166
-0.643736 0.0472668 -0.644162 0.0465016 -0.639327 0.0545414 -0.640448 0.0527916
-0.657055  0.049255 -0.657483  0.048502 -0.652478 0.0566638 -0.653661 0.0548501
-0.670449 0.0512466 -0.670888 0.0504878 -0.665639 0.0588853 -0.666858 0.0570511
-0.683856 0.0533417 -0.684324 0.0525496  -0.67889 0.0610847 -0.680118 0.0592683
-0.697311 0.0554758 -0.697738 0.0547682 -0.692167 0.0633507 -0.693408 0.0615483
-0.710797 0.0576733 -0.711129 0.0571337 -0.705432 0.0657328 -0.706679 0.0639562
-0.724341 0.0598837 -0.724575 0.0595127 -0.718781 0.0680919 -0.720039 0.0663287
-0.737777 0.0623648 -0.738085 0.0618855 -0.732112 0.0705647 -0.733343 0.0688717
-0.751233  0.064902 -0.751636 0.0642881 -0.745377 0.0732087 -0.746712 0.0714066
-0.764761 0.0674152 -0.765173 0.0668002 -0.758675 0.0758849 -0.760041  0.074074
-0.778247 0.0700703 -0.778736 0.0693548 -0.772056 0.0785248 -0.773443 0.0767181
-0.791771 0.0727416  -0.79235 0.0719121 -0.785392 0.0812926 -0.786861 0.0794113
-0.805286 0.0754957  -0.80586 0.0746895  -0.79864 0.0842326 -0.800285 0.0821625
 -0.81876 0.0783682 -0.819444 0.0774274 -0.811845 0.0872795 -0.813498 0.0852407
-0.832326 0.0811749 -0.832918 0.0803754 -0.825037 0.0903931 -0.826865 0.0881784
-0.845871 0.0840653 -0.846304 0.0834923 -0.838167 0.0936231 -0.840333 0.0910467
-0.859541 0.0868452 -0.859692 0.0866499 -0.851382 0.0967966 -0.853614 0.0941884
-0.872966 0.0899918 -0.873017 0.0899271 -0.864393  0.100241  -0.86699  0.097261
-0.886478 0.0930675 -0.886488 0.0930554 -0.877493  0.103617 -0.880179   0.10059
-0.899825 0.0963851 -0.899976  0.096201 -0.890603  0.107012 -0.893428  0.103883
-0.913021 0.0999129 -0.913237 0.0996546 -0.903505   0.11066 -0.906511  0.107393
-0.926205  0.103476 -0.926584  0.103031 -0.916398  0.114337 -0.919612  0.110907
-0.939261  0.107203 -0.939651  0.106755 -0.929273  0.118049  -0.93241  0.114766
-0.952398  0.110851 -0.952861  0.110329 -0.942119  0.121808 -0.945187  0.118656
-0.965327  0.114741 -0.965846  0.114169 -0.954955  0.125591 -0.957902  0.122618
 -0.97819  0.118707 -0.978835  0.118009 -0.967567  0.129604 -0.970456  0.126746
-0.990865  0.122872 -0.991735  0.121951 -0.980217  0.133586 -0.982948  0.130933
 -1.00358   0.12699  -1.00452  0.126015 -0.992634  0.137792 -0.995388  0.135167
-1.01649 0.130902 -1.01724 0.130141 -1.00525 0.141814 -1.00806 0.139174
-1.02912 0.135094 -1.02967 0.134544 -1.01749 0.146179 -1.02022 0.143662
-1.04155 0.139484 -1.04228 0.138764 -1.02945 0.150782 -1.03274 0.147811
-1.05386 0.143967 -1.05464 0.143208  -1.0416 0.155206 -1.04469 0.152465
-1.06637 0.148236 -1.06713 0.147523  -1.0538 0.159569 -1.05694 0.156829
-1.07859  0.15277 -1.07939 0.152026 -1.06573 0.164162 -1.06868 0.161635
-1.09088 0.157227 -1.09132 0.156825 -1.07747 0.168894 -1.08066 0.166209
-1.10265 0.162118 -1.10355 0.161318 -1.08903 0.173756 -1.09218 0.171147
-1.11456 0.166866 -1.11546 0.166075 -1.10044 0.178708 -1.10361 0.176133
-1.12665 0.171427 -1.12755 0.170651 -1.11188 0.183618 -1.11477 0.181312
-1.13815 0.176467 -1.13928 0.175513 -1.12301 0.188743 -1.12617 0.186259
-1.14933  0.18174 -1.15134 0.180066 -1.13411 0.193852 -1.13723 0.191443
-1.16016 0.187253 -1.16296 0.184964 -1.14475  0.19928 -1.14801 0.196814
-1.17124 0.192514 -1.17437 0.190001 -1.15556 0.204546 -1.15864 0.202252
-1.18229 0.197762 -1.18557 0.195175 -1.16589  0.21012 -1.16946 0.207506
 -1.1929 0.203306 -1.19677 0.200303 -1.17575 0.215988 -1.18004 0.212901
-1.20326 0.208988 -1.20769 0.205614 -1.18574 0.221713 -1.19021 0.218551
-1.21324 0.214906 -1.21862  0.21088 -1.19511  0.22781 -1.19966 0.224661
-1.22325 0.220734 -1.22881 0.216651 -1.20472 0.233696 -1.20925 0.230614
-1.23354 0.226311 -1.23909 0.222303 -1.21383 0.239854 -1.21841 0.236797
-1.24393 0.231768  -1.2489 0.228244 -1.22322 0.245777 -1.22789 0.242708
-1.25341 0.237812  -1.2585 0.234271 -1.23297 0.251413 -1.23673 0.248985
-1.26349 0.243392 -1.26777 0.240463 -1.24188 0.257543 -1.24591 0.254984
-1.27255  0.24961 -1.27687 0.246706 -1.25107 0.263444 -1.25446 0.261322
 -1.2822 0.255372  -1.2863 0.252661 -1.25932 0.269868 -1.26323 0.267462
-1.29102 0.261629 -1.29512 0.258963 -1.26785 0.276063 -1.27173 0.273718
-1.29937 0.268113 -1.30377 0.265302 -1.27637 0.282206 -1.28003 0.280028
 -1.3073 0.274791  -1.3121 0.271784 -1.28406 0.288784 -1.28842 0.286233
-1.31556 0.281199 -1.32031 0.278269 -1.29121   0.2956 -1.29617 0.292745
-1.32346 0.287752 -1.32778  0.28513 -1.29864  0.30219 -1.30489 0.298648
-1.33154  0.29413 -1.33524 0.291921 -1.30593 0.308791 -1.31252 0.305116
-1.33914  0.30072 -1.34307 0.298418 -1.31269 0.315619 -1.32052 0.311318
-1.34672 0.307262 -1.35021 0.305246 -1.31955 0.322326 -1.32756 0.317987
-1.35392  0.31395 -1.35754 0.311897 -1.32565 0.329361 -1.33381 0.325023
-1.36057 0.320868 -1.36418 0.318855 -1.33233 0.336024 -1.34073  0.33162
-1.36737 0.327636 -1.37106  0.32561 -1.33841  0.34293 -1.34673 0.338639
-1.37364 0.334613 -1.37679 0.332915 -1.34514 0.349444 -1.35248 0.345713
-1.37969  0.34163 -1.38318 0.339779 -1.35049 0.356577 -1.35765 0.353001
-1.38591 0.348485  -1.3871 0.347867 -1.35657 0.363284 -1.36217 0.360531
-1.39211 0.355279 -1.39168 0.355497  -1.3613 0.370578 -1.36624  0.36819
-1.39698 0.362672 -1.39591 0.363212 -1.36488 0.378333 -1.37186 0.375018
-1.40025 0.370772 -1.39874 0.371519 -1.36892 0.385788  -1.3763 0.382335
-1.40241 0.379305 -1.40135 0.379817 -1.37291 0.393177 -1.38075 0.389566
-1.40579 0.387128 -1.40295 0.388471  -1.3768 0.400536 -1.38454 0.397027
-1.40876 0.395046 -1.40481 0.396881 -1.38014 0.408058 -1.38803 0.404539
-1.41065  0.40336 -1.40622 0.405377 -1.38214  0.41608 -1.39098 0.412205
-1.41259 0.411537 -1.40741 0.413852  -1.3849 0.423677 -1.39394 0.419781
 -1.4137 0.419975 -1.40745 0.422712 -1.38726 0.431361  -1.3976  0.42697
-1.41513 0.428159 -1.40806 0.431196 -1.38907 0.439187  -1.4008 0.434283
-1.41826 0.435514   -1.411 0.438589 -1.39061 0.447032 -1.40384 0.441586
-1.41998 0.443383 -1.41268 0.446425 -1.39169 0.454973 -1.40585 0.449236
-1.42224 0.450934 -1.41496 0.453924 -1.39193  0.46315 -1.40882 0.456415
-1.42388 0.458657 -1.41651 0.461632  -1.3916 0.471446 -1.40959 0.464399
-1.42508 0.466465  -1.4179 0.469322  -1.3901 0.480086 -1.41145 0.471859
-1.42579 0.474378 -1.41897 0.477048  -1.3877 0.488942 -1.41185 0.479805
-1.42667 0.482133 -1.41921 0.485006 -1.38486 0.497836 -1.41219  0.48768
-1.42671 0.490116 -1.41884 0.493099 -1.38462 0.505675 -1.41144 0.495871
-1.42751 0.497723 -1.41968 0.500649 -1.38267 0.514028 -1.41034 0.504093
-1.42686 0.505783 -1.41909 0.508638 -1.38277  0.52157 -1.40893 0.512323
-1.42787  0.51314 -1.41853  0.51652 -1.38126  0.52958 -1.40811 0.520239
-1.42719  0.52103 -1.41672 0.524757 -1.37915   0.5377 -1.40645  0.52836
-1.42655 0.528811 -1.41565 0.532634 -1.37554 0.546218 -1.40495  0.53633
-1.42463 0.536953 -1.41342 0.540817 -1.37335 0.554167 -1.40191 0.544725
-1.42492 0.544237  -1.4124 0.548491 -1.36987 0.562435 -1.40034 0.552526
-1.42302 0.552184 -1.40867 0.556981 -1.36683 0.570466 -1.39766 0.560602
-1.42269  0.55952   -1.406 0.565016 -1.36237  0.57884 -1.39523   0.5685
-1.42121 0.567154 -1.40262 0.573181  -1.3595 0.586623 -1.39165 0.576671
 -1.4194 0.574809 -1.39828 0.581546 -1.35534 0.594707 -1.38644 0.585248
-1.41652 0.582723 -1.39608 0.589144 -1.35264 0.602264 -1.38193 0.593496
-1.41318 0.590685 -1.39225 0.597156 -1.34721 0.610529  -1.3763 0.601976
-1.41038 0.598383 -1.38626 0.605719 -1.34298 0.618351 -1.37158 0.610077
-1.40695 0.606187 -1.38257 0.613488  -1.3372 0.626516 -1.36452 0.618755
-1.40381 0.613813 -1.37719 0.621659 -1.33279 0.634201 -1.35975 0.626664
-1.39894 0.621861 -1.37314 0.629346  -1.3274 0.642063 -1.35418   0.6347
-1.39495 0.629554 -1.36797 0.637259 -1.32086 0.650139  -1.3493 0.642449
-1.39221 0.636804 -1.36287 0.645059 -1.31578 0.657733 -1.34339 0.650384
-1.38692 0.644689 -1.35783 0.652748 -1.31232 0.664821 -1.33829 0.658009
-1.38161 0.652486 -1.35266 0.660381 -1.30699 0.672312 -1.33296 0.665604
-1.37434 0.660722 -1.34628 0.668244 -1.30192 0.679651 -1.32605 0.673518
-1.36568 0.669221 -1.34178 0.675519 -1.29467 0.687449 -1.32096  0.68087
-1.35636 0.677772 -1.33665 0.682879 -1.29009 0.694501  -1.3148  0.68841
-1.34589 0.686492 -1.33151 0.690154 -1.28371 0.701911 -1.30895  0.69578
 -1.3348 0.695239 -1.32531 0.697611  -1.2782 0.709027 -1.30262 0.703184
-1.32234 0.704189 -1.31749  0.70538 -1.27281 0.716038 -1.29435 0.710966
 -1.3095 0.713086 -1.31073  0.71279 -1.26592 0.723316 -1.28732 0.718354
 -1.2971 0.721734 -1.30275 0.720402 -1.25747 0.730858 -1.27888 0.725978
-1.28635 0.729867 -1.29531  0.72779 -1.24944 0.738213  -1.2729 0.732947
-1.27397 0.738252 -1.28882  0.73487 -1.24098 0.745572 -1.26514 0.740237
-1.26344   0.7461 -1.28278 0.741767 -1.23244 0.752858 -1.25728 0.747461
-1.25222 0.753987 -1.27455 0.749073 -1.22495 0.759828 -1.25041  0.75438
-1.24389 0.761145 -1.26358 0.756887 -1.21614 0.766993   -1.242 0.761548
-1.23474 0.768387 -1.25368 0.764361 -1.20673  0.77419 -1.23247 0.768864
-1.22719 0.775204  -1.2461 0.771245 -1.19586 0.781587  -1.2241 0.775844
-1.21996 0.781875 -1.23775 0.778206 -1.18637 0.788613 -1.21434  0.78302
-1.21078 0.788861 -1.22957 0.785046 -1.17552 0.795811 -1.20539  0.78994
-1.20219 0.795642 -1.22198 0.791684 -1.16393 0.803053 -1.19466 0.797124
-1.19293 0.802468 -1.21309 0.798502 -1.15147 0.810357 -1.18477 0.804048
-1.18331 0.809277 -1.20314 0.805441 -1.13965 0.817438 -1.17563  0.81074
-1.17202 0.816312 -1.19391 0.812149 -1.12693 0.824582 -1.16782 0.817101
 -1.1615 0.823109 -1.18311  0.81907 -1.11475 0.831527 -1.15737 0.823871
-1.15198 0.829633 -1.17288  0.82579 -1.10201 0.838472 -1.14836 0.830289
-1.14128 0.836284 -1.15998 0.832907 -1.08921 0.845324 -1.13789 0.836888
 -1.1313 0.842718 -1.14926 0.839532 -1.07462 0.852374 -1.12759 0.843369
-1.12067 0.849183 -1.13743  0.84626 -1.05903 0.859476 -1.11659 0.849886
-1.10984 0.855594 -1.12751 0.852563 -1.04411 0.866357  -1.1036  0.85665
-1.09921 0.861884 -1.11681 0.858917 -1.02959 0.873067 -1.09054 0.863325
-1.08857 0.868092  -1.1075 0.864952 -1.01698 0.879385 -1.07762 0.869878
 -1.0787 0.874093 -1.09628 0.871224  -1.0072  0.88519 -1.06537  0.87623
 -1.06754  0.880218  -1.08444  0.877509 -0.996746   0.89102  -1.05374  0.882392
 -1.05576  0.886356   -1.0727   0.88369 -0.984855  0.896978  -1.04396  0.888184
 -1.04367  0.892455  -1.06187  0.889639 -0.971521  0.903056  -1.03264  0.894132
-1.03046 0.898633 -1.05124 0.895476 -0.95849    0.909 -1.02241 0.899836
 -1.01599  0.904904  -1.04113  0.901156 -0.945971  0.914787  -1.01027  0.905742
 -1.00262  0.910916  -1.02921  0.907026 -0.933321  0.920506 -0.996958   0.91173
-0.990485  0.916662  -1.01686  0.912873 -0.920983    0.9261 -0.985634  0.917347
-0.978455  0.922309  -1.00479  0.918595 -0.908034   0.93169 -0.974774  0.922819
-0.966731  0.927831 -0.992847  0.924214 -0.895462  0.937147 -0.963198  0.928312
-0.957216  0.932976 -0.980214  0.929845 -0.882948  0.942515 -0.953965  0.933412
-0.946325  0.938232 -0.969026  0.935194  -0.87135  0.947692 -0.942094  0.938789
-0.935645  0.943385 -0.957477  0.940513 -0.859121  0.952867 -0.930832  0.944008
-0.925136  0.948442  -0.94498  0.945877 -0.851185  0.957465 -0.918144  0.949331
-0.914084  0.953494 -0.933052  0.951086 -0.841735  0.962175 -0.903998  0.954752
-0.902999  0.958475 -0.920922   0.95624  -0.83281  0.966759 -0.889059  0.960179
-0.890804  0.963515 -0.909283  0.961253 -0.822455  0.971438 -0.877375  0.965127
 -0.87903  0.968427  -0.89698   0.96627  -0.81178  0.976082 -0.865637  0.970005
-0.867425  0.973242 -0.885318   0.97113 -0.800811  0.980687 -0.854471  0.974741
-0.855904  0.977972 -0.874631    0.9758 -0.791758   0.98502 -0.842603  0.979483
-0.844103  0.982658  -0.86368  0.980429 -0.780048  0.989564 -0.830977  0.984122
-0.832759  0.987219 -0.852694  0.984989  -0.76944  0.993923 -0.818731  0.988754
-0.821545  0.991692 -0.844901   0.98912  -0.75758  0.998337 -0.807314  0.993221
-0.812054  0.995909 -0.835453  0.993372 -0.743869   1.00286 -0.794928  0.997717
-0.801628   1.00016 -0.823023  0.997881 -0.731226    1.0072 -0.781744   1.00222
-0.792226   1.00423 -0.810778   1.00229 -0.717335   1.01158 -0.768972    1.0066
-0.780976   1.00843 -0.801052   1.00637 -0.704527   1.01578  -0.75883   1.01064
-0.769594   1.01257 -0.792249   1.01028  -0.69037   1.02002 -0.747308   1.01475
-0.758371   1.01662 -0.779871   1.01449 -0.678028   1.02403 -0.736744    1.0187
-0.745068    1.0208 -0.769114   1.01847 -0.664012    1.0281 -0.725695   1.02263
-0.732654   1.02482 -0.755828   1.02262 -0.652286   1.03191 -0.713534   1.02659
-0.719807   1.02881 -0.743797   1.02657 -0.641418   1.03557 -0.702044   1.03041
-0.707336   1.03268 -0.732013   1.03043 -0.629309   1.03927 -0.689431   1.03426
-0.694304   1.03653 -0.721584   1.03409 -0.617552   1.04287 -0.676116    1.0381
 -0.68331   1.04013 -0.708139   1.03795 -0.604973   1.04646 -0.660155   1.04208
-0.671584   1.04372 -0.696481   1.04158 -0.593807   1.04987 -0.644858   1.04592
-0.660585   1.04718 -0.683757   1.04523 -0.581104   1.05333 -0.629306    1.0497
-0.650858   1.05047 -0.672358   1.04869 -0.569423   1.05664 -0.614345   1.05334
-0.638836   1.05388 -0.659778   1.05219 -0.558069   1.05986 -0.599633   1.05689
-0.626528   1.05724 -0.649632   1.05541 -0.548188   1.06292 -0.585045   1.06034
-0.616077   1.06038 -0.637756    1.0587  -0.53674   1.06601 -0.570679    1.0637
-0.605215   1.06349 -0.626557   1.06187 -0.526544   1.06896 -0.554788   1.06709
-0.595318   1.06647 -0.613731    1.0651  -0.51656   1.07183 -0.543423   1.07009
 -0.58433   1.06945 -0.603103   1.06809 -0.506355   1.07465 -0.533199   1.07295
-0.574779   1.07227  -0.59465   1.07085 -0.494872   1.07748 -0.522768   1.07575
-0.563464   1.07515 -0.584784   1.07366 -0.481409   1.08036 -0.511909   1.07852
 -0.55214   1.07796 -0.574184   1.07645 -0.469671   1.08307 -0.501864   1.08118
-0.541241   1.08068 -0.563659   1.07918 -0.457992   1.08571 -0.492294   1.08374
-0.531756   1.08324 -0.554502   1.08174 -0.448758   1.08814 -0.480657   1.08636
-0.521733   1.08577 -0.545265   1.08425 -0.439591   1.09052 -0.469078   1.08891
 -0.51263   1.08818 -0.535386   1.08674 -0.430972    1.0928 -0.460072   1.09125
-0.501057   1.09068 -0.525364   1.08918 -0.421353   1.09508 -0.450278   1.09357
-0.490881   1.09302 -0.516063    1.0915 -0.412612   1.09725  -0.44159   1.09577
-0.480945   1.09529 -0.506034   1.09381 -0.402908   1.09941 -0.433013   1.09791
-0.471683   1.09746 -0.496096   1.09605 -0.395367    1.1014 -0.425348   1.09994
-0.461923    1.0996 -0.486239   1.09822 -0.387374   1.10336 -0.415617   1.10201
-0.453538   1.10159 -0.477467   1.10027 -0.380019   1.10523 -0.406007   1.10402
-0.444226   1.10358 -0.468432   1.10227 -0.370399   1.10714 -0.396151   1.10598
-0.435794   1.10546 -0.457868   1.10429 -0.361143   1.10898 -0.388668   1.10776
-0.427412   1.10728 -0.448563   1.10619 -0.351765   1.11076 -0.380671   1.10951
-0.418824   1.10905 -0.439651     1.108 -0.344151   1.11241 -0.372601   1.11121
 -0.40983   1.11078 -0.431035   1.10973 -0.334312   1.11409 -0.365443   1.11281
-0.402491   1.11237 -0.422074   1.11142 -0.325363   1.11567 -0.358055   1.11436
-0.394913   1.11392 -0.413923   1.11301  -0.31594   1.11721 -0.349731   1.11589
-0.386925   1.11542 -0.406486   1.11451 -0.307803   1.11864 -0.342155   1.11734
-0.378597   1.11689 -0.397896   1.11601 -0.298831   1.12005 -0.334919   1.11871
-0.370465   1.11828 -0.389027   1.11745 -0.291045   1.12135 -0.328473      1.12
-0.362177   1.11962 -0.381109    1.1188 -0.282682   1.12262 -0.322406   1.12121
 -0.35468   1.12087  -0.37376   1.12006 -0.274674   1.12381 -0.314932   1.12243
-0.346749   1.12209 -0.367439   1.12122 -0.266156   1.12496 -0.307068    1.1236
-0.338975   1.12323 -0.359916   1.12238 -0.258597   1.12603 -0.297675   1.12476
-0.331317   1.12432 -0.351526   1.12351 -0.249835   1.12707 -0.290664   1.12579
-0.323908   1.12533 -0.343444   1.12457 -0.241994   1.12803 -0.282997   1.12678
-0.314861   1.12635 -0.335124   1.12559 -0.234355   1.12892 -0.276662   1.12767
-0.305532   1.12732 -0.327677   1.12651 -0.226235   1.12977 -0.268663   1.12855
-0.297221    1.1282 -0.318649   1.12743 -0.217525   1.13057 -0.262246   1.12933
-0.289767   1.12898 -0.309386    1.1283 -0.209245   1.13131 -0.256436   1.13004
-0.282685    1.1297 -0.300022   1.12911 -0.200794   1.13199 -0.250326    1.1307
-0.276501   1.13033 -0.289718    1.1299 -0.193064    1.1326 -0.244075   1.13131
 -0.26909   1.13094 -0.279748    1.1306 -0.184898   1.13315 -0.238673   1.13184
-0.262811   1.13147 -0.269008   1.13128 -0.176769   1.13365 -0.233021   1.13232
-0.255782   1.13196 -0.258946   1.13186 -0.169139   1.13408 -0.225874   1.13279
-0.249272   1.13237 -0.251877    1.1323 -0.161903   1.13445  -0.21938   1.13318
-0.242005   1.13276 -0.244194    1.1327  -0.15398   1.13477  -0.21142   1.13356
-0.234906   1.13308 -0.238876   1.13297 -0.146703   1.13502 -0.204405   1.13385
 -0.22659   1.13338 -0.234047   1.13318 -0.139118   1.13522 -0.196462   1.13411
-0.218637   1.13361 -0.228318   1.13336 -0.131738   1.13536 -0.187725   1.13433
-0.210411   1.13379 -0.220599   1.13353 -0.124581   1.13544 -0.179276   1.13449
-0.203079   1.13388 -0.213736   1.13363  -0.11852   1.13545 -0.171438   1.13457
-0.195269   1.13394 -0.206638   1.13367 -0.113124    1.1354 -0.163992   1.13459
-0.187936   1.13392 -0.200182   1.13365 -0.108823   1.13528 -0.156486   1.13455
-0.180381   1.13386 -0.193523   1.13357 -0.102439   1.13513 -0.149154   1.13445
 -0.171838    1.13375  -0.187823    1.13342 -0.0973651    1.13491  -0.142811    1.13428
  -0.16429    1.13357  -0.181528    1.13322 -0.0912724    1.13465  -0.136113    1.13406
 -0.155943    1.13334  -0.175851    1.13296 -0.0857629    1.13432  -0.130554    1.13376
 -0.149066    1.13304  -0.167754    1.13269 -0.0798228    1.13395   -0.12611     1.1334
 -0.143327    1.13265   -0.16007    1.13236 -0.0740266    1.13352  -0.122364    1.13298
-0.138501    1.1322 -0.152957   1.13196 -0.067416   1.13305 -0.116965   1.13252
 -0.134966    1.13168  -0.146717    1.13149 -0.0615313    1.13251  -0.111594    1.13201
 -0.130985    1.13111  -0.141441    1.13094 -0.0561205    1.13192  -0.105464    1.13146
 -0.126311     1.1305  -0.136314    1.13034 -0.0508419    1.13127  -0.099337    1.13085
 -0.122055    1.12983  -0.130836     1.1297 -0.0454851    1.13057 -0.0937419    1.13018
 -0.116757    1.12912  -0.125814    1.12899  -0.039592    1.12982 -0.0874851    1.12946
 -0.111268    1.12836  -0.121014    1.12823 -0.0342377    1.12901 -0.0812843    1.12869
 -0.106248    1.12754  -0.115819    1.12742 -0.0292422    1.12815 -0.0736756    1.12788
  -0.10061    1.12668  -0.110516    1.12656 -0.0254634    1.12723 -0.0676992      1.127
-0.0964931    1.12574  -0.107158    1.12562 -0.0212159    1.12626 -0.0612316    1.12607
-0.0914151    1.12477  -0.103312    1.12463 -0.0166353    1.12524 -0.0560918    1.12507
-0.0860378    1.12374 -0.0984347    1.12361 -0.0118662    1.12417 -0.0519728    1.12402
 -0.0799208     1.12267  -0.0948911     1.12252 -0.00713037     1.12304  -0.0482994     1.12291
 -0.0753322     1.12153  -0.0917253     1.12137 -0.00249039     1.12186  -0.0437438     1.12175
-0.0710462    1.12034  -0.087227    1.12019 0.00130606    1.12064 -0.0392516    1.12055
-0.0668525     1.1191 -0.0820931    1.11896 0.00525661    1.11936 -0.0345636    1.11929
-0.0646906    1.11778 -0.0765469    1.11769 0.00926807    1.11802 -0.0291323    1.11798
-0.0612063    1.11643 -0.0716248    1.11635  0.0138297    1.11664 -0.0235777    1.11662
-0.0577553    1.11503  -0.068012    1.11495  0.0179846    1.11521 -0.0181427    1.11521
-0.0533389    1.11358 -0.0632577    1.11351  0.0223817    1.11372 -0.0131014    1.11374
 -0.0496595     1.11208  -0.0585679     1.11202   0.0260561     1.11219 -0.00911085     1.11222
 -0.0453168     1.11053  -0.0545633     1.11048   0.0293143      1.1106 -0.00592134     1.11065
 -0.0415334     1.10893   -0.050862     1.10888   0.0355392     1.10896 -0.00252511     1.10903
 -0.0380402     1.10727  -0.0467102     1.10723   0.0413964     1.10726 0.000196055     1.10736
-0.0350587    1.10557 -0.0436936    1.10553   0.048163     1.1055 0.00362762    1.10564
 -0.031838    1.10381 -0.0393867    1.10378  0.0546113     1.1037 0.00732896    1.10387
 -0.029085    1.10201 -0.0363258    1.10198  0.0565617    1.10187  0.0109141    1.10205
-0.0259385    1.10015 -0.0338221    1.10012  0.0580813    1.09999   0.015763    1.10018
-0.0222482    1.09825 -0.0313503    1.09822  0.0609433    1.09806  0.0202497    1.09825
 -0.019026     1.0963 -0.0283456    1.09627  0.0638207    1.09608   0.024977    1.09628
 -0.015036     1.0943 -0.0244745    1.09427   0.065655    1.09405  0.0290849    1.09426
-0.0118312    1.09225 -0.0208397    1.09223  0.0683236    1.09197  0.0324021    1.09219
-0.00925688     1.09015  -0.0170872     1.09013   0.0708736     1.08985   0.0352775     1.09008
-0.00636121       1.088  -0.0141116     1.08799   0.0738519     1.08767   0.0382855     1.08791
-0.00430852      1.0858  -0.0106405      1.0858   0.0772275     1.08544   0.0411002      1.0857
-0.000674605      1.08356  -0.00836693      1.08355    0.0807426      1.08316    0.0429693      1.08345
   0.003009     1.08126 -0.00459796     1.08126   0.0840012     1.08084   0.0458905     1.08114
 0.00626825     1.07892 -0.00106914     1.07893   0.0867641     1.07847   0.0484826     1.07878
0.00971191    1.07654 0.00207365    1.07654  0.0886265    1.07606  0.0514569    1.07638
 0.0127925     1.0741 0.00416541    1.07411  0.0906562    1.07361  0.0553011    1.07392
 0.0158693    1.07162 0.00622975    1.07163  0.0924571    1.07111  0.0581938    1.07142
 0.0173691    1.06909 0.00853881     1.0691  0.0943598    1.06856  0.0603106    1.06888
0.0188323   1.06651 0.0116474   1.06653 0.0962371   1.06597 0.0629151   1.06629
0.0201577    1.0639 0.0144599   1.06391  0.098245   1.06333 0.0652121   1.06366
0.0221489   1.06123 0.0168797   1.06124  0.101016   1.06063 0.0680409   1.06097
0.0232307   1.05852 0.0188224   1.05853  0.103433   1.05789 0.0712905   1.05824
0.0261058   1.05576  0.020414   1.05577  0.105166   1.05511 0.0737516   1.05546
0.0279537   1.05295 0.0218527   1.05297  0.105739   1.05231 0.0768315   1.05263
0.0300693    1.0501 0.0227739   1.05013  0.106759   1.04945 0.0792535   1.04977
0.0327238   1.04721 0.0247781   1.04723  0.108562   1.04654 0.0810586   1.04686
0.0353709   1.04426 0.0259546    1.0443  0.109499   1.04359 0.0828709   1.04391
0.0374205   1.04128 0.0279522   1.04132  0.112053   1.04058 0.0844144   1.04092
0.0399443   1.03825  0.029143   1.03829  0.113724   1.03753 0.0858025   1.03788
0.0414547   1.03517 0.0312014   1.03522  0.116353   1.03443 0.0868224   1.03481
0.0423456   1.03206 0.0329512   1.03211  0.118418   1.03129 0.0883083   1.03168
0.0429849   1.02891 0.0340243   1.02895  0.120498    1.0281 0.0896488   1.02851
0.0438771   1.02571 0.0349431   1.02575  0.121642   1.02489  0.090965    1.0253
0.0446998   1.02247 0.0369118   1.02251  0.125226   1.02159 0.0923011   1.02205
0.0461982   1.01918 0.0380997   1.01922  0.126516   1.01829 0.0940798   1.01875
0.0478359   1.01585 0.0395252   1.01589  0.128251   1.01493 0.0958843    1.0154
0.0494141   1.01247 0.0408228   1.01252  0.129089   1.01155 0.0974911   1.01202
0.0510126   1.00906 0.0424972   1.00911   0.13023   1.00812 0.0990955   1.00859
0.0524598    1.0056 0.0440826   1.00565  0.130792   1.00466 0.0999912   1.00513
0.0535001    1.0021 0.0448664   1.00216  0.131704   1.00115  0.101092   1.00162
0.0546135  0.998562 0.0457263   0.99862   0.13281    0.9976  0.102349   0.99807
0.0557334  0.994981  0.046764  0.995042  0.133785  0.994008  0.103436  0.994482
0.0572015  0.991357 0.0478551  0.991422  0.135338  0.990363  0.104212  0.990856
0.0584923  0.987693 0.0484631  0.987765  0.135649    0.9867  0.105042  0.987189
 0.060012  0.983987 0.0492521  0.984066  0.136194  0.982993  0.106353  0.983474
0.0613423  0.980243 0.0509409  0.980321  0.136931  0.979241  0.107615   0.97972
0.0634693  0.976451 0.0524234  0.976537  0.138586  0.975433  0.108711  0.975929
0.0644595  0.972629 0.0536366  0.972715  0.139757  0.971594  0.110958   0.97208
0.0648459  0.968773 0.0544537  0.968857  0.140903  0.967715  0.112968  0.968195
0.0673675  0.964859 0.0556604  0.964956  0.141463  0.963808  0.114279   0.96428
 0.069102  0.960912 0.0567047  0.961018  0.142385  0.959856  0.115689  0.960326
0.0702986  0.956932 0.0576992  0.957042  0.143938  0.955852  0.116537  0.956341
0.0711979  0.952916 0.0586547  0.953028  0.144311  0.951833  0.117834  0.952311
0.0721564  0.948862  0.059454  0.948978  0.145069  0.947769  0.119196  0.948241
 0.073105   0.94477 0.0606759  0.944886  0.145542  0.943672  0.120532  0.944134
 0.073666  0.940645 0.0614074   0.94076  0.147901    0.9395  0.121244      0.94
0.0745281   0.93648  0.062084  0.936599  0.149127  0.935313  0.122869  0.935813
0.0755723  0.932276 0.0625782  0.932402  0.150744  0.931081  0.123134  0.931612
 0.076698  0.928034 0.0635444  0.928164  0.150544   0.92685   0.12406  0.927363
0.0777784  0.923757 0.0649791  0.923886  0.150751  0.922575  0.125105  0.923076
0.0790443  0.919442 0.0667271   0.91957  0.150924  0.918264  0.125872  0.918758
0.0802767  0.915091 0.0683046  0.915218  0.151179  0.913917  0.126913    0.9144
0.0812777  0.910708   0.06994  0.910831  0.151507  0.909532  0.127781  0.910009
0.0821366  0.906291 0.0711451  0.906413  0.151871  0.905112  0.128644  0.905583
0.0827778  0.901843 0.0722126  0.901962  0.152486  0.900652  0.129246  0.901127
0.0830213  0.897365 0.0730842  0.897478  0.152401  0.896173  0.130407  0.896627
0.0835536   0.89285 0.0728454  0.892973  0.153838  0.891626  0.132639  0.892071
0.0845075  0.888296 0.0727331  0.888432  0.153963  0.887075  0.133013  0.887518
0.0853658   0.88371 0.0720016  0.883866  0.156766  0.882428  0.134401  0.882911
0.0857861  0.879097 0.0715223  0.879264  0.158464  0.877774  0.135668  0.878274
0.0864269  0.874448 0.0714989  0.874625  0.160694  0.873073  0.138223  0.873577
0.0870845  0.869767 0.0723381  0.869944  0.162101  0.868359  0.139127  0.868881
0.0876886  0.865055 0.0728485  0.865235  0.164809  0.863581  0.143804  0.864072
0.0885917  0.860308 0.0731485  0.860498  0.166446  0.858796  0.148589  0.859224
0.0894622   0.85553 0.0733105  0.855731  0.170098  0.853927  0.150737  0.854403
0.0897649  0.850728 0.0736038  0.850932  0.172463  0.849058  0.153968  0.849524
0.0900472  0.845897  0.073291  0.846109  0.174499  0.844167  0.154416  0.844679
0.0904434  0.841035 0.0730379  0.841256  0.175939   0.83926  0.156038  0.839776
0.0903672  0.836149 0.0733395  0.836368  0.175813  0.834367  0.156173  0.834878
0.0902109  0.831236 0.0743792  0.831441  0.175515  0.829449  0.157869  0.829913
 0.089894  0.826296 0.0744927  0.826497  0.177864  0.824428  0.157823  0.824962
0.0895542  0.821329 0.0745792  0.821524  0.178933  0.819414   0.15878  0.819957
0.0896644  0.816327 0.0747153  0.816524  0.180033   0.81437  0.156746     0.815
0.0894934  0.811301 0.0748635  0.811495  0.180785  0.809308   0.15514  0.810004
0.0898837   0.80624 0.0756086  0.806432  0.180468   0.80425  0.152809  0.804999
 0.090159  0.801154 0.0760339  0.801346  0.179877  0.799172  0.151118  0.799952
0.0899436  0.796049 0.0756124  0.796244  0.179082  0.794075  0.148598  0.794898
 0.090682  0.790904 0.0754456  0.791114  0.177577  0.788973  0.146627  0.789805
0.0904764  0.785747 0.0743105  0.785969  0.178309  0.783778  0.142533  0.784736
0.0909436  0.780556 0.0740517  0.780789  0.178132  0.778586  0.139561  0.779615
0.0915143  0.775337 0.0730652  0.775593  0.177584  0.773379  0.136222  0.774477
0.0919616  0.770096 0.0723703   0.77037  0.176606  0.768162  0.133408  0.769302
0.0924283  0.764831 0.0715109  0.765124  0.176005  0.762909  0.131138   0.76409
 0.092788  0.759544 0.0704855  0.759858  0.175003  0.757644  0.129184  0.758847
 0.093018  0.754236 0.0698759  0.754563   0.17439  0.752345  0.126974  0.753587
 0.093168  0.748906 0.0687529  0.749252  0.173311  0.747037  0.124561  0.748309
 0.092776  0.743564 0.0693689  0.743898  0.174746  0.741631  0.123203  0.742985
0.0922398  0.738202 0.0692808   0.73853  0.175215  0.736231  0.121343   0.73765
0.0902487  0.732842  0.069714  0.733135  0.177265   0.73076  0.121682  0.732247
0.0883695   0.72746 0.0699271  0.727722  0.177891  0.725312  0.121728  0.726829
0.0860305  0.722064 0.0697619  0.722293  0.180133   0.71979   0.12166  0.721393
0.0839744  0.716643 0.0696768  0.716844  0.181004  0.714291   0.12126  0.715944
0.0812124  0.711214 0.0696499  0.711374  0.183214  0.708727  0.120719  0.710479
0.0789933  0.705756 0.0696995  0.705884  0.184289   0.70318  0.120297  0.704992
0.0754215  0.700299 0.0696557  0.700377  0.187163  0.697551  0.119688  0.699491
0.0724694  0.694814 0.0694056  0.694855  0.188752  0.691947  0.118899  0.693977
0.0691477  0.689315 0.0690407  0.689317  0.191724  0.686272  0.120908   0.68838
0.0663817  0.683791 0.0685355  0.683763  0.193665  0.680615  0.122447  0.682777
0.0638496  0.678246 0.0681448  0.678191  0.197026  0.674885  0.124057  0.677153
0.0621116  0.672675 0.0676337  0.672605  0.199188   0.66918  0.125553  0.671515
 0.059588  0.667097 0.0676478  0.666996  0.202405  0.663415  0.125971  0.665887
0.0578187  0.661495 0.0679637  0.661368  0.204588  0.657673  0.125725   0.66026
0.0551562  0.655887 0.0675439  0.655736  0.207659  0.651875  0.125086  0.654628
0.0531025  0.650258 0.0670391   0.65009  0.209732  0.646101  0.124793  0.648973
0.0504837  0.644621 0.0663471  0.644433  0.212579  0.640277  0.124909  0.643294
0.0485258  0.638963 0.0657224  0.638762  0.214523  0.634474  0.124247  0.637622
0.0473253  0.633285 0.0653207  0.633075  0.217209  0.628623  0.123848   0.63193
0.0466679  0.627589 0.0650645  0.627375  0.218854  0.622803  0.123035  0.626236
0.0439244  0.621902 0.0654121  0.621654  0.221244  0.616933  0.121966  0.620537
0.0417445  0.616197 0.0658031  0.615922  0.222821  0.611086  0.120295  0.614843
0.0404925  0.610472 0.0668021   0.61017  0.224914  0.605202  0.118659  0.609137
 0.039697  0.604734 0.0674605  0.604412  0.226429  0.599331  0.117467   0.60341
0.0377606  0.598996 0.0678473  0.598649  0.228091  0.593441   0.11651  0.597667
0.0362976  0.593244 0.0680228  0.592879   0.22921  0.587566  0.115267  0.591922
0.0346418  0.587485 0.0681012  0.587102  0.230246  0.581684   0.11447  0.586158
0.0335428  0.581714 0.0684367  0.581313  0.230959  0.575808  0.113826  0.580381
 0.031379  0.575943 0.0685304  0.575521  0.231427  0.569936  0.112988  0.574602
0.0298361   0.57016 0.0687028   0.56972  0.231529  0.564075  0.112203  0.568815
0.0274053  0.564376 0.0689049  0.563912    0.2316  0.558208  0.111146  0.563029
0.0257316   0.55858 0.0689533  0.558101  0.230799  0.552382  0.110065  0.557237
 0.022892  0.552786 0.0690862  0.552283  0.230126  0.546542    0.1082   0.55146
0.0205281  0.546983 0.0692666  0.546459  0.228761  0.540735  0.106311  0.545679
0.017248 0.541178 0.069237 0.540634 0.226786 0.534958 0.105011 0.539879
0.0143935  0.535367 0.0690489  0.534809  0.224135  0.529215   0.10351   0.53408
0.0120698  0.529549 0.0691651  0.528975  0.222193  0.523429  0.102656  0.528262
0.0103367  0.523725 0.0687691  0.523147  0.219424  0.517686  0.101625  0.522446
0.00791997   0.517901  0.0685063   0.517316   0.216846   0.511932   0.100308   0.516636
0.00564832   0.512074   0.068367    0.51148   0.214006    0.50619  0.0990109   0.510824
0.0044488  0.506244 0.0677797  0.505652   0.21111  0.500451  0.098341  0.504995
0.00313792   0.500413  0.0672442   0.499823   0.208272   0.494708  0.0973736   0.499173
0.00301581   0.494582  0.0661706   0.494004   0.205361    0.48897  0.0966038   0.493347
0.00277269   0.488752  0.0650544   0.488186    0.20233    0.48324  0.0953089   0.487535
0.00110667   0.482924  0.0640621   0.482368   0.199385   0.477506  0.0950932   0.481697
-0.000599783     0.477098    0.0630946     0.476552     0.196331      0.47178    0.0943263     0.475876
-0.000659074     0.471275    0.0619258     0.470742      0.19342      0.46605    0.0930498     0.470071
-0.000729145     0.465454    0.0611974     0.464928     0.190455     0.460325    0.0915519     0.464274
-0.00178964    0.459638   0.0602118    0.459122    0.187619    0.454598   0.0901638    0.458479
-0.00272382    0.453826   0.0583829    0.453335    0.184712    0.448879   0.0886906    0.452691
-0.00271244     0.44802   0.0566553    0.447552    0.181552    0.443179   0.0871902    0.446909
-0.00285362    0.442219   0.0553115    0.441768    0.178634    0.437472   0.0857324    0.441131
-0.00409582    0.436424   0.0545952     0.43598    0.175801    0.431767   0.0842594    0.435361
-0.00502406    0.430636   0.0541139    0.430195    0.173151    0.426059   0.0828287    0.429596
-0.00575927    0.424856   0.0538222    0.424415    0.170548    0.420356   0.0816959    0.423832
-0.00608147    0.419085   0.0534243    0.418645    0.167775    0.414671   0.0801352    0.418086
-0.00752048     0.41332    0.052622     0.41289     0.16515    0.408987   0.0787949    0.412345
-0.00862597    0.407565   0.0520073    0.407143    0.162412    0.403319   0.0775764     0.40661
-0.0106599   0.401817  0.0508464   0.401414   0.159766   0.397656   0.076753   0.400875
-0.0121575    0.39608  0.0498592   0.395694   0.157336   0.391993  0.0756589   0.395158
-0.0124946   0.390359  0.0495276   0.389974   0.154788   0.386347  0.0748509   0.389445
-0.0127015   0.384651  0.0492034   0.384266   0.152197   0.380717  0.0737658   0.383752
-0.0124666   0.378958  0.0482841   0.378582   0.149559   0.375101  0.0727682   0.378069
-0.0121747   0.373278  0.0475042   0.372908   0.146943   0.369498  0.0723423   0.372385
-0.012874  0.367608 0.0470134  0.367244  0.144508    0.3639 0.0716037  0.366723
-0.0132543   0.361954    0.04628   0.361598   0.142131   0.358314  0.0707606   0.361079
-0.0135791   0.356316  0.0458026   0.355964   0.139689   0.352747  0.0699012   0.355451
-0.0136257   0.350695  0.0454119   0.350344   0.137314   0.347193  0.0688381   0.349844
-0.0135087   0.345092  0.0446629   0.344748   0.134972   0.341654  0.0678147   0.344253
-0.0135062   0.339506  0.0438844   0.339169   0.132672    0.33613  0.0671052   0.338672
-0.0123912   0.333943  0.0435196   0.333602   0.129209   0.330685  0.0662621   0.333112
-0.0116667   0.328398  0.0431107   0.328054   0.126126   0.325239  0.0651588   0.327577
-0.0112132    0.32287  0.0426164   0.322527   0.123107   0.319809  0.0641707    0.32206
-0.0107854   0.317363  0.0420998   0.317021   0.120336   0.314386   0.063592   0.316552
-0.0104202   0.311876  0.0413935   0.311539   0.117614   0.308982   0.062837   0.311069
-0.0101648   0.306411  0.0407807   0.306077    0.11515   0.303587  0.0622601   0.305604
-0.0107406   0.300964  0.0401889   0.300638   0.112127   0.298242  0.0615548   0.300164
-0.011123  0.295541 0.0395658  0.295221  0.109415  0.292905 0.0604568  0.294758
-0.0117749    0.29014  0.0389993   0.289828   0.106321    0.28761  0.0593602   0.289375
-0.0121653   0.284764  0.0383871    0.28446   0.103517   0.282325   0.057576   0.284035
-0.0130651   0.279411   0.037866   0.279115   0.100664   0.277067  0.0559312   0.278717
-0.0136731   0.274085  0.0374987   0.273793  0.0980323   0.271825  0.0540346   0.273431
-0.0142536   0.268785  0.0370456     0.2685  0.0951692    0.26662  0.0523318   0.268167
-0.0147191   0.263513   0.036649   0.263233  0.0925324   0.261431  0.0505755   0.262931
-0.0152419   0.258268  0.0362137   0.257994  0.0897157   0.256279  0.0489301    0.25772
-0.0156777   0.253052  0.0356516   0.252787  0.0870884   0.251147  0.0475177   0.252531
-0.0159289   0.247868  0.0350078   0.247611  0.0842936   0.246052  0.0461848   0.247371
-0.016127  0.242713  0.034445  0.242463 0.0816394   0.24098 0.0450169  0.242236
-0.0164083   0.237589   0.033753   0.237349  0.0789853   0.235939  0.0438379   0.237133
-0.0166109   0.232497  0.0330028   0.232268  0.0764734   0.230923  0.0427795   0.232059
-0.016854  0.227437 0.0322543  0.227219 0.0740992  0.225934 0.0417168  0.227017
-0.0170386   0.222411  0.0315359   0.222203  0.0717942   0.220974  0.0408108   0.222005
-0.0172109   0.217418  0.0308389   0.217221  0.0696143   0.216044  0.0399264   0.217027
-0.0172856   0.212461  0.0301193   0.212273   0.067481   0.211146  0.0389276   0.212086
-0.0171788   0.207541  0.0294026   0.207362  0.0654888   0.206278  0.0379597    0.20718
-0.0170231   0.202658  0.0286684   0.202486  0.0635596   0.201444  0.0367326   0.202316
-0.016598  0.197815 0.0279174  0.197649 0.0618384  0.196638 0.0356395  0.197486
-0.0161958    0.19301  0.0272345   0.192847  0.0602469   0.191865  0.0344835   0.192696
-0.0161812   0.188239  0.0265073   0.188086  0.0587804   0.187125  0.0334567   0.187941
-0.0160687   0.183508  0.0258263   0.183362   0.057325   0.182425  0.0323023   0.183228
-0.0157371    0.17882  0.0251589   0.178679  0.0559997    0.17776  0.0312191   0.178554
-0.015395  0.174173 0.0244513  0.174037 0.0546782  0.173135 0.0303019  0.173917
-0.0151141   0.169567  0.0238065   0.169436  0.0534342    0.16855  0.0294204   0.169321
-0.014757  0.165004 0.0228437  0.164883 0.0521899  0.164007 0.0285667  0.164767
-0.0147207   0.160481  0.0219847   0.160372  0.0509314   0.159508  0.0278046   0.160254
-0.0146039   0.156002  0.0212065   0.155903  0.0495708   0.155058  0.0271168   0.155783
-0.0144879   0.151569  0.0205548   0.151477  0.0482294   0.150652  0.0263829   0.151359
-0.0142308   0.147183  0.0199475   0.147096   0.046658   0.146302  0.0256988   0.146979
-0.0141395   0.142841  0.0194461   0.142759  0.0452792    0.14199  0.0250218   0.142645
-0.0139475   0.138548  0.0189261    0.13847  0.0437022   0.137735  0.0243556   0.138359
-0.0139166     0.1343  0.0184778   0.134228  0.0422766   0.133521  0.0236768   0.134121
-0.0137213   0.130104  0.0180034   0.130036  0.0406472   0.129365  0.0229538   0.129933
-0.0135664   0.125957  0.0174634   0.125894   0.039223   0.125251  0.0222803   0.125794
-0.0133072   0.121861  0.0169386   0.121802  0.0375771   0.121196    0.02166   0.121704
-0.013219  0.117815 0.0165032  0.117761 0.0361352  0.117185 0.0209591  0.117668
-0.0130191   0.113823  0.0160864   0.113771  0.0345802   0.113231  0.0202864   0.113683
-0.0128899   0.109882  0.0156211   0.109836  0.0331512   0.109325  0.0196001   0.109752
-0.0126603   0.105997  0.0150887   0.105955  0.0317947    0.10547  0.0189374   0.105874
-0.0124837   0.102165  0.0145851   0.102129  0.0305103   0.101668  0.0182584   0.102052
-0.0122258  0.0983908  0.0140785  0.0983584  0.0292027  0.0979218   0.017612  0.0982838
-0.0120748  0.0946709  0.0135491  0.0946447  0.0279876  0.0942291  0.0169612  0.0945727
-0.0118655  0.0910091  0.0129997  0.0909888  0.0268392  0.0905913  0.0163304  0.0909185
-0.0115494  0.0874073  0.0124545   0.087391  0.0257379  0.0870102  0.0156976  0.0873226
-0.0112036   0.083865  0.0119336  0.0838518   0.024551  0.0834916  0.0150835  0.0837853
-0.0108371  0.0803829  0.0114977  0.0803709  0.0234203  0.0800311  0.0144403  0.0803087
-0.0104485  0.0769619  0.0110488   0.076951  0.0222685  0.0766323  0.0138643  0.0768913
-0.010158 0.0736009 0.0105857  0.073593 0.0211898 0.0732926 0.0132644 0.0735361
-0.00982728    0.070303   0.0101197   0.0702975   0.0200481   0.0700181   0.0127002   0.0702427
-0.00952189   0.0670679  0.00966618   0.0670652   0.0189749   0.0668045   0.0121291   0.0670128
-0.00915647   0.0638983  0.00917781   0.0638979    0.017846   0.0636575   0.0115921   0.0638465
-0.00883465   0.0607929   0.0087608   0.0607943   0.0168156   0.0605721    0.011042   0.0607457
-0.00849493   0.0577539  0.00830054   0.0577576   0.0157748   0.0575533   0.0105225   0.0577102
-0.00820137   0.0547809  0.00786078   0.0547874   0.0148028   0.0545991    0.010003   0.0547417
-0.00788306   0.0518761  0.00744113   0.0518847   0.0138861    0.051711  0.00947981   0.0518411
-0.00758349   0.0490397  0.00698918   0.0490512   0.0130304   0.0488896  0.00890209   0.0490107
-0.00726506   0.0462732  0.00658471   0.0462865   0.0122178   0.0461365  0.00836647   0.0462488
-0.00695937   0.0435769  0.00615909   0.0435927   0.0114614   0.0434522  0.00776833    0.043559
-0.00664079   0.0409523  0.00576401   0.0409697   0.0106712   0.0408406  0.00723027   0.0409392
-0.0063259  0.0383999 0.00539738  0.0384185 0.00993232  0.0382999 0.00667113  0.0383923
-0.00599824   0.0359211  0.00504014   0.0359403  0.00920927    0.035832  0.00618266    0.035917
-0.00566264   0.0335165  0.00470317    0.033536  0.00853299   0.0334369  0.00575975   0.0335144
-0.00532233   0.0311872    0.004379   0.0312064  0.00786387   0.0311168  0.00537403    0.031186
-0.00495636   0.0289345  0.00406648   0.0289526  0.00724481   0.0288712  0.00497299   0.0289341
-0.00460031   0.0267585  0.00376503   0.0267756  0.00671339   0.0266999  0.00460623   0.0267583
-0.00423906   0.0246605   0.0034753   0.0246761   0.0061872   0.0246065  0.00422122   0.0246609
-0.00389271   0.0226409  0.00321156   0.0226549   0.0057565   0.0225889  0.00387487   0.0226414
-0.00357741   0.0207005  0.00294371   0.0207136   0.0053106   0.0206517  0.00351976   0.0207018
-0.00326792   0.0188406  0.00268995   0.0188526  0.00486518   0.0187954  0.00320047   0.0188421
-0.00297198    0.017062  0.00244554    0.017073   0.0044258   0.0170207   0.0028681   0.0170644
-0.00268627   0.0153658  0.00221381   0.0153757  0.00398557   0.0153289  0.00257813   0.0153683
-0.00240513   0.0137531  0.00198928   0.0137618  0.00356646     0.01372  0.00228103   0.0137558
-0.00213729   0.0122245  0.00177518   0.0122321  0.00316521   0.0121953  0.00201001   0.0122273
-0.00188379    0.010781  0.00156549   0.0107877  0.00279137   0.0107552  0.00176436   0.0107837
-0.00164465  0.00942366  0.00136719  0.00942946   0.0024373  0.00940116  0.00154201  0.00942593
-0.00142251  0.00815327  0.00118423  0.00815825  0.00210845   0.0081338  0.00133035   0.0081553
-0.0012148 0.00697088 0.00101726 0.00697502 0.00179899 0.00695433 0.00114019 0.00697253
-0.00102393  0.00587743 0.000862167  0.00588082  0.00151604  0.00586349 0.000958662  0.00587887
-0.000848681   0.00487389  0.000715847   0.00487668   0.00125495    0.0048624  0.000795451   0.00487507
-0.000689345   0.00396126  0.000582824    0.0039635   0.00101918   0.00395194  0.000640262   0.00396234
-0.000546031   0.00314049   0.00046388   0.00314222   0.00080644   0.00313315   0.00050689   0.00314135
-0.000418896   0.00241258  0.000357636   0.00241387  0.000618722   0.00240695  0.000385606   0.00241331
-0.000308464    0.0017785  0.000264638   0.00177943  0.000454928   0.00177438  0.000281373   0.00177909
-0.000214629   0.00123924  0.000185195   0.00123986  0.000316387   0.00123638   0.00019623   0.00123964
-0.000137686  0.000795785  0.000119016  0.000796179    0.0002024  0.000793972  0.000125971  0.000796039
-7.74921e-05  0.000449137  6.74095e-05   0.00044935  0.000113874  0.000448121  7.13542e-05   0.00044927
-3.4502e-05 0.000200287 3.01676e-05 0.000200379 5.05305e-05 0.000199841 3.18659e-05 0.000200344
-8.63882e-06  5.02397e-05  7.57975e-06  5.02621e-05  1.26192e-05  5.01293e-05  8.07778e-06  5.02519e-05
 3.24117e-25  7.28299e-27  3.24257e-25 -6.41112e-27   3.2342e-25  -1.0589e-26  3.24185e-25  -6.8747e-27
 0  0  0 -0  0  0  0  0
 0  0  0 -0  0  0  0  0
 0  0  0 -0  0  0  0  0
 0  0  0 -0  0  0  0  0
 0  0  0 -0  0  0  0  0
 0  0  0 -0  0  0  0  0
 0  0  0 -0  0  0  0  0
 0  0  0 -0  0  0  0  0
 0  0  0 -0  0  0  0  0
 0  0  0 -0  0  0  0  0
 0  0  0 -0  0  0  0  0
 0  0  0 -0  0  0  0  0
 0  0  0 -0  0  0  0  0
 0  0  0 -0  0  0  0  0
 0  0  0 -0  0  0  0  0
 0  0  0 -0  0  0  0  0
 0  0  0 -0  0  0  0  0
 0  0  0 -0  0  0  0  0
 0  0  0 -0  0  0  0  0
 0  0  0 -0  0  0  0  0
 0  0  0 -0  0  0  0  0
 0  0  0 -0  0  0  0  0
 0  0  0 -0  0  0  0  0
 0  0  0 -0  0  0  0  0
 0  0  0 -0  0  0  0  0
 0  0  0 -0  0  0  0  0
 0  0  0 -0  0  0  0  0
 0  0  0 -0  0  0  0  0
 0  0  0 -0  0  0  0  0
 0  0  0 -0  0  0  0  0
 0  0  0 -0  0  0  0  0
 0  0  0 -0  0  0  0  0
 0  0  0 -0  0  0  0  0
 0  0  0 -0  0  0  0  0
 0  0  0 -0  0  0  0  0
 0  0  0 -0  0  0  0  0
 0  0  0 -0  0  0  0  0
 0  0  0 -0  0  0  0  0
 0  0  0 -0  0  0  0  0
 0  0  0 -0  0  0  0  0
 0  0  0 -0  0  0  0  0
 0  0  0 -0  0  0  0  0
 0  0  0 -0  0  0  0  0
 0  0  0 -0  0  0  0  0
 0  0  0 -0  0  0  0  0
 0  0  0 -0  0  0  0  0
 0  0  0 -0  0  0  0  0
 0  0  0 -0  0  0  0  0
 0  0  0 -0  0  0  0  0
 0  0  0 -0  0  0  0  0
 0  0  0 -0  0  0  0  0
 0  0  0 -0  0  0  0  0
 0  0  0 -0  0  0  0  0
 0  0  0 -0  0  0  0  0
 0  0  0 -0  0  0  0  0
 0  0  0 -0  0  0  0  0
 0  0  0 -0  0  0  0  0
 0  0  0 -0  0  0  0  0
 0  0  0 -0  0  0  0  0
 0  0  0 -0  0  0  0  0
 0  0  0 -0  0  0  0  0
 0  0  0 -0  0  0  0  0
 0  0  0 -0  0  0  0  0
 0  0  0 -0  0  0  0  0
 0  0  0 -0  0  0  0  0
 0  0  0 -0  0  0  0  0
 0  0  0 -0  0  0  0  0
 0  0  0 -0  0  0  0  0
 0  0  0 -0  0  0  0  0
 0  0  0 -0  0  0  0  0
 0  0  0 -0  0  0  0  0
 0  0  0 -0  0  0  0  0
 0  0  0 -0  0  0  0  0
 0  0  0 -0  0  0  0  0
 0  0  0 -0  0  0  0  0
 0  0  0 -0  0  0  0  0
 0  0  0 -0  0  0  0  0
 0  0  0 -0  0  0  0  0
 0  0  0 -0  0  0  0  0
 0  0  0 -0  0  0  0  0
 0  0  0 -0  0  0  0  0
 0  0  0 -0  0  0  0  0
 0  0  0 -0  0  0  0  0
 0  0  0 -0  0  0  0  0
 0  0  0 -0  0  0  0  0
 0  0  0 -0  0  0  0  0
 0  0  0 -0  0  0  0  0
 0  0  0 -0  0  0  0  0
