8.41806e-41 8.41806e-41 8.41806e-41 8.41806e-41 8.41806e-41 8.41806e-41 8.41806e-41 8.41806e-41
0.0354479 -0.112796 0.0817956 -0.121642 -0.285551 -0.104599  0.116873 -0.123074
0.0673945  -1.07926 0.0251536 -0.237232 -0.158129 -0.222302  0.213049 0.0486632
 0.0910669   -1.09162  -0.011923  -0.291115  0.0734314  -0.268699   0.292168 -0.0149307
  0.111852   0.518688   -0.11902  -0.754195   0.366808  -0.297536   0.446278 -0.0650883
 0.108066  0.445852  -0.22244  -0.77045  0.592353 -0.336448  0.534375  -0.10284
 0.117666   1.88888 -0.337105 -0.776565  0.672283 -0.852791  0.496598 -0.132549
 0.100456   1.73324 -0.422537 -0.799561  0.728972 -0.865913  0.421081 -0.198182
 0.055252  0.824574 -0.433222 -0.674971  0.833644 -0.882052  0.381523 -0.289831
-0.024487  0.728846 -0.459456  -0.69643  0.749823 -0.821836  0.325082 -0.294634
  -0.10734 0.00422449  -0.273583  -0.542015   0.589165  -0.822381   0.222114  -0.377658
 -0.261124 -0.0581639  -0.193055  -0.593093   0.401625  -0.845147  0.0695427  -0.435391
 -0.370401  -0.666989  -0.334089   -1.41687   0.175874  -0.859413 -0.0995269  -0.595236
 -0.552416  -0.697675  -0.503697   -1.39831 -0.0249738  -0.950019  -0.284443  -0.584715
-0.744689  -0.76684 -0.625914  -1.44309 -0.267484 -0.967227 -0.427216 -0.705834
-0.990074 -0.816189 -0.866019  -1.43851 -0.425542 -0.959938 -0.679214 -0.695381
 -1.14664 -0.842633  -1.08199  -1.41347 -0.618047 -0.963795 -0.866429 -0.700126
 -1.10287 -0.875102  -1.30372  -1.40926 -0.705209 -0.963044  -1.05704 -0.715184
 -1.16929  -0.87233  -1.60014    -1.332 -0.876155 -0.970395  -1.28908 -0.708578
  -1.2616 -0.889075  -1.89864  -1.28653  -1.10144 -0.950206  -1.54225 -0.702417
 -1.45574 -0.900859  -2.17961  -1.28979  -1.24963 -0.949061  -1.68877 -0.711251
  -1.6544 -0.902065  -2.18251  -1.28028  -1.49272 -0.937824  -1.91162 -0.707955
 -1.81244 -0.930534  -2.43493  -1.28892  -1.79292 -0.910599  -2.14417 -0.689074
 -2.30401 -0.916275  -2.36428    -1.287  -2.07008 -0.930074  -2.48722 -0.713505
 -2.88282 -0.970998  -2.32474  -1.29063   -2.4106 -0.903739  -2.76266 -0.692278
 -3.38447 -0.923069   -2.5239  -1.27237  -2.64951 -0.888805  -3.11517 -0.679608
 -3.72965 -0.922046  -2.77985  -1.27071  -3.03667 -0.869639  -3.46156 -0.635406
 -3.94308 -0.904809  -3.16452  -1.20929  -3.41895 -0.813006  -3.82708 -0.615557
 -4.24208 -0.900622  -3.58082  -1.16719  -3.80513 -0.809288  -4.05925 -0.567771
 -4.53838  -0.86372  -3.98825  -1.14517  -4.23198 -0.764505  -4.34811 -0.533578
 -4.89436 -0.788505  -4.51953  -1.08036  -4.56649 -0.690892  -4.74777 -0.515846
 -5.32295 -0.750046  -4.93072  -1.04544  -5.00129 -0.676727  -5.17294  -0.43651
 -5.76912  -0.74074   -5.3993 -0.970027  -5.49197 -0.612237  -5.65699  -0.37136
 -6.36727 -0.620772  -5.79264  -0.94413  -5.94189  -0.59232  -6.12841 -0.329478
 -6.89346 -0.572998  -6.19658  -0.81734  -6.39043 -0.537054  -6.45746 -0.251471
 -7.19872 -0.481313  -6.75493 -0.783102  -6.84769 -0.515383  -6.89379 -0.249644
 -7.70681 -0.377472   -7.2322 -0.634317  -7.42241 -0.381948  -7.51387 -0.121448
 -8.05966 -0.253987  -7.75431 -0.606193  -7.99763 -0.312241  -8.04137 -0.102265
  -8.58441  -0.243584   -8.16412  -0.440983   -8.48341  -0.184446   -8.59253 -0.0257103
 -9.24989 -0.101365  -8.60989 -0.347779  -8.98199 -0.108272  -9.03339  0.103791
  -9.68276 -0.0209508     -8.939  -0.272804   -9.40903  0.0194369    -9.4581   0.135277
 -10.1373 0.0212882  -9.45118 -0.156385  -9.96863  0.110231   -9.9256  0.283653
  -10.6888   0.125785    -9.9897 -0.0341905   -10.5028   0.153509   -10.4982   0.379428
-11.2035 0.163638 -10.4188 0.106123 -11.0908 0.245334 -10.9557 0.424718
-11.7098 0.272284 -10.9045 0.173014 -11.4894 0.371166 -11.5319 0.562174
-12.2757 0.294835 -11.2996 0.280563 -12.0716 0.452757  -12.025  0.64898
-12.7151 0.441598 -11.8409  0.34201  -12.602 0.485318 -12.4944 0.787465
-13.2273 0.545464 -12.2572 0.496544 -13.1013 0.569149 -12.9231  0.80799
-13.5306 0.597809 -12.8046 0.550698 -13.6821 0.609698 -13.4171 0.985349
-13.9269 0.800918 -13.2923 0.723395 -14.2614 0.720001 -13.8044  1.03756
-14.4932 0.967034  -13.909 0.905693 -14.7623 0.746731 -14.3588  1.13387
-15.2577  1.05694 -14.4832 0.925662 -15.3455 0.902418 -14.8065  1.15312
-15.6132  1.21203 -14.8891  1.06073 -15.7717 0.932561  -15.392  1.31925
-16.0899  1.25423 -15.3762  1.16009 -16.3453  1.11166  -15.925  1.40929
-16.5755  1.41802 -15.8327  1.26682 -16.8675  1.20001 -16.5538  1.47566
-17.0881  1.49295 -16.4075  1.34219 -17.3155  1.35064 -17.1077  1.62981
-17.3987  1.60647 -17.0348  1.41176 -17.8821   1.3571 -17.7789  1.71444
-17.7427  1.71367 -17.7038  1.45095 -18.5069  1.44846 -18.4135  1.86437
 -18.254  1.74083 -18.0924  1.59106 -19.1673  1.48148 -19.0354  1.86224
-18.8045  1.85829 -18.6855  1.66009 -19.7905  1.61545 -19.7319  1.93801
-19.4756  1.93515 -19.1941  1.82888 -20.4258  1.63766 -20.1184  2.08055
-19.9459  1.92952 -19.8067  1.80216 -20.9917    1.772 -20.6335  2.13616
-20.5649  2.10707 -20.2166  1.96756 -21.7385  1.83905 -21.0157  2.27174
-20.9956  2.12877 -20.7583  1.93098 -22.2391  1.82473 -21.6255  2.27258
 -21.718  2.20524  -21.168  2.10547 -22.8879  2.00948 -22.3476  2.42274
-22.3092  2.36836 -21.7372  2.07637 -23.5834  2.00148 -22.9839  2.47858
-22.9275  2.32441 -22.3392  2.26033 -24.2706  2.18185  -23.405  2.62101
-23.5551  2.50514 -22.9566  2.30374 -25.1431  2.15302 -24.0456  2.61811
-24.0035   2.4764 -23.7617  2.32063 -25.9774  2.26451 -24.4224  2.67935
-24.6312   2.6616 -24.2964  2.38289 -26.6788  2.24306 -25.2637  2.77631
-25.1057  2.68395 -25.0194  2.54549 -27.3187  2.43755 -25.8834  2.85213
-25.9106  2.79423 -25.7102  2.59067  -28.224  2.53432 -26.1853  2.86203
-26.4598  2.80701 -26.5461  2.60079 -28.9835  2.59617 -27.0045  3.00766
-27.3002  2.93783 -27.3546  2.75809  -29.764  2.68642 -27.5188  3.14624
-28.0817  3.01026 -28.2977  2.83061 -30.2478  2.84576  -28.286  3.15527
 -29.031   3.1785 -29.0537  2.77492 -30.8533    2.889 -28.8605  3.20172
-29.6965  3.25013 -29.7072  2.85094  -31.253  2.96739 -29.6132  3.35903
-30.5302  3.30014 -30.3053  2.76982 -31.9624  3.02449 -30.3808  3.36586
-30.9966   3.2204 -31.0796  2.96422 -32.3639  2.98455 -31.0836  3.52771
-31.6945  3.38553 -31.7772  2.87016 -33.1356  3.17925 -31.8756  3.51766
-32.4104  3.28286 -32.5534  2.94307 -33.7465  3.11476 -32.4822  3.66954
-32.9953  3.45074 -33.1532  2.85692 -34.4476  3.29975 -33.2799  3.61606
-33.6818  3.43616  -33.792  3.06238 -34.9584  3.25113 -33.9667  3.67167
-34.3174  3.46352 -34.6389  3.08595 -35.4899  3.47529 -34.6533  3.85252
-34.9573  3.51312 -35.6488  3.24876 -36.1441  3.54866 -35.4762  3.90428
-35.4941  3.69202 -36.5248  3.31314 -36.6151  3.50574 -36.0777  4.08836
 -36.463  3.59883 -37.2375  3.51939 -37.2015  3.58131 -36.9012  3.98787
-37.3882  3.67178 -37.8731  3.58078 -38.0063  3.55284  -37.562  4.22288
-38.1134  3.59607  -38.595  3.62831 -38.7299  3.64658 -38.3533  4.10648
-38.9776  3.82475 -39.2624  3.67215 -39.2447  3.90864 -38.9564  4.33454
-39.7257  3.71417 -39.8037  3.60748 -39.8844  3.86861 -39.5268   4.2365
-40.4916  3.83133 -40.6362  3.83939 -40.7196  4.03722  -40.083  4.42064
-41.3375  3.89673 -41.2522  3.92391 -41.6085  4.25465 -41.1238  4.54162
-41.9202  3.83489 -42.1229  3.86443 -42.4705  4.39304 -41.7485  4.61547
-42.5292  4.04583 -43.1491  4.16164 -43.3958  4.38511 -42.1222  4.56495
-42.8201  4.15942 -44.0892  4.09799 -44.0702  4.62227 -42.8729  4.78743
-43.6459  4.14349 -45.0855  4.24254 -45.0872   4.6409 -43.3689  4.83007
-44.2117   4.4122 -45.6739  4.34481 -45.8283  4.77793 -44.1907  5.05255
-45.0641  4.48766 -46.1688  4.40787 -46.4686  4.78667 -44.8122  5.26313
-46.1237  4.73542 -47.0575  4.68012 -47.4034  4.99652 -45.6718  5.36117
-47.0847  4.77129 -47.6767   4.7423 -48.2375   4.9942 -46.3976   5.4509
-48.1624  5.01179 -48.7309   5.0465  -48.989  5.19221 -47.5526  5.75974
-48.9569  5.15654 -49.3923  5.27325 -49.6815  5.60678 -48.5949  5.92715
-49.9965  5.54015 -50.3423  5.24526 -50.2831   5.7388  -49.598   6.2941
-50.9994  5.56034 -51.1475  5.62581 -51.1237  5.99477 -50.7099  6.46468
-52.1574  6.00577 -51.9718  5.80038  -51.778  6.44592  -51.756  6.48313
-53.0837  6.17539 -52.8442  5.94101 -52.6487  6.48581 -52.7218  6.93354
-53.5619  6.50605 -53.6701  6.30236 -53.1064  6.86688 -53.2032  7.24996
-54.3406  6.52969 -54.7659  6.54671 -53.9626  6.96869 -54.2865  7.42161
-55.2759  6.98646 -55.4442  6.61511 -55.0333  7.20395 -54.7204  7.50494
 -56.202  7.21047 -56.3199  6.88243 -55.6947  7.34019 -55.7797  7.72949
-56.6865  7.30984 -56.8765  6.97062 -56.1482  7.41608 -56.2775  7.91629
-57.4333  7.62772 -57.5822  7.33484 -56.8235  7.91196  -57.289  8.29078
-57.9477  7.90615 -58.5738  7.73064 -57.5714  8.11986 -57.8346  8.63156
-58.9478  8.18914 -59.0066   7.8859 -58.3768  8.62438 -58.7716  8.73468
-59.6132  8.46047 -59.6931  8.35212 -59.1793  8.90465 -59.6388  9.20146
-59.9115  8.92262 -60.0178  8.65746 -59.7975  8.99633 -60.6353  9.48079
-60.7524  9.01305 -60.6279  8.88242 -60.5922   9.5412 -61.1832  9.55324
-61.7714  9.62543  -60.723  9.33709 -61.2431  9.69871 -61.9379  10.0743
-62.9638  10.1566  -61.188  9.40415 -62.2015  10.1703 -62.8184  10.1314
-63.6829  10.4681  -61.732  9.93142 -62.8156  10.5356 -63.6562  10.4653
-64.2695  10.9864 -62.3474  9.96146 -63.7188  10.6802 -64.1348  10.9881
-65.1218  11.0323 -62.7959   10.504  -64.873  10.9356 -64.6916  11.0523
-66.0233  11.5755 -63.3785  10.4872 -65.7029  11.0886 -65.4692  11.6111
-67.0922  11.6182 -63.8012   10.926 -66.8833  11.3396 -66.7086   11.943
-67.9148    11.91  -64.751  11.0454 -67.6569  11.4944 -67.6057  12.2422
 -68.312  12.0983 -65.4315  11.3271 -68.6538  11.9481  -68.665  12.5706
-68.4711  12.4467 -66.3541  11.7952 -69.2329  12.2029 -69.2589  12.8114
-69.2637  12.4757 -67.2584  11.9939 -69.3611  12.3045  -70.197  13.2119
-69.3879  12.7495 -68.2393  12.4956  -70.018  12.8349 -70.6763  13.2905
-70.1977  12.9382 -69.1589  12.7451  -70.296  13.0808  -71.471  13.7743
-70.3585  13.0101 -69.6215  12.8461  -71.121  13.3931 -71.9176  13.8005
-71.0277  13.4211 -70.3994   13.334 -71.5647  13.6656 -72.4148  14.1483
-71.8597  13.4412  -71.114  13.5831 -71.8598  13.7377 -72.8857  14.6231
-72.8065  13.9403 -71.8909  13.6788 -72.5908  14.0811 -73.1454  14.8789
-73.3274  13.9554 -72.5656    14.17 -73.4989  14.3295 -73.6906  15.0448
-73.9268  14.2465 -73.5713  14.3316 -74.0348  14.4332 -73.4421   15.378
-74.2355  14.6971 -74.3809  14.6072 -74.4974  14.9004 -73.8026  15.4854
-74.7101  14.9601  -74.759  15.0857 -75.1384  14.9714 -73.7834  15.5828
-75.0489  15.0012 -75.4295   15.174 -75.5519  15.4532 -74.2444  15.9941
-75.4785  15.5218 -75.8113  15.3783 -76.2627  15.7466 -75.0418  16.3093
-76.0856  15.5518 -76.4581  15.7071 -76.4615   15.837 -75.2494  16.7888
 -76.442  15.8423 -76.7941   16.113 -76.8741  16.3304 -75.8674  16.8935
-76.9587  16.3855 -77.6632  16.4913 -76.7746  16.5184 -76.4655  17.4235
 -77.442  16.7388 -77.9538  16.3854  -77.325  16.9554   -77.22  17.4738
-77.6739  17.1447 -79.5098  15.0939 -77.3264  17.4054 -78.1546  18.1688
-77.7811  17.3104 -80.4383  15.5668 -77.9332  17.6039 -79.1357  18.3637
-78.4846  17.6735 -81.3624  15.8447 -78.9743  17.7048 -79.1055  18.6104
-79.8681  16.5198 -82.8304  16.0623 -79.5857  18.3485 -79.5709  19.1829
-81.5995  16.8889 -84.1666  16.5264 -80.0518  18.7058 -79.8766  19.3227
-82.4374    17.39 -85.7744  16.6488 -80.4213  18.9344 -80.3761  19.9705
-83.2933  17.5513 -86.9948  17.2376 -80.9116  19.5911 -80.8675  20.1097
-84.4879  17.9701 -88.2063  17.4148 -81.8851  20.1644 -81.4628  20.5059
-85.4369  18.1292  -89.295  17.9466 -82.3093  20.5759 -81.8929  19.9574
-86.5801   18.887 -90.7041  18.0848 -82.7737  20.9337 -81.8503  20.6101
-87.3599  19.2738  -91.607  18.6827 -83.3359  21.5821 -81.9101   20.726
-87.1855  19.9538 -91.2636  19.3675 -83.8595  22.0249 -81.9255  21.3547
-87.5342  20.1848 -91.3785  19.8453 -84.4317   22.396 -82.2822  21.6684
-87.4989  20.9357 -91.0993  20.5864 -85.2028  22.6288 -82.0887  21.9886
-87.6182   21.181 -91.0282  20.8919 -86.0398  22.0702 -82.7385  22.6446
-87.7946  21.6892 -90.9149  21.6951 -87.1845  22.6925 -82.7717  22.9347
 -88.049  21.9705 -90.8204  22.1888 -88.4873  22.9177 -83.2981  23.5665
 -88.101  22.7627 -90.9532  22.9509 -89.7508  23.6678 -83.7005  23.9441
-88.3692  23.0166 -91.2031   23.437 -89.7867  23.9917 -84.4005  24.6096
-88.2067  23.7816 -90.8434  23.8461 -90.3641  24.3743 -85.0807   24.883
-88.5113  24.0118 -90.9489  24.5742 -90.0136  25.2165 -85.7209  25.4647
-88.0434  24.7468 -90.9206  25.2553 -90.1776  25.5287 -85.9789  25.7598
-88.1439  24.9869 -91.2553  25.6585  -90.442  26.3759 -86.4314  26.2829
-88.1122  25.6647 -91.1795  26.3914 -91.1211  26.7777 -86.6878  27.0231
-88.4512   26.193 -91.4226  26.9431 -91.1359  27.5494 -87.3791  27.5965
 -87.856  26.5445 -91.1016  27.2603 -91.4965  27.8843 -87.3907  27.8854
-87.9824   27.261 -91.6605  27.9985 -91.5738  28.6777 -87.6904  28.4195
-87.4473  27.5569 -91.7013  28.4762 -92.0259  28.9955 -87.7796  27.7581
-87.2475  28.3929 -91.8756  29.2284 -91.8025  29.7359 -88.1576  28.2813
-87.0759  28.6593 -92.2578   29.557 -91.9258  30.0827 -88.9587  28.6146
-87.1848  29.4489 -91.7937  30.2305 -91.4583  30.7642 -89.3679  29.0951
-87.3392  29.6663 -91.8003   30.493 -91.8082  31.0826 -90.0157  29.4221
-87.2062  30.1602 -92.4095  31.0868 -91.6536  31.7701  -90.226  29.9639
-87.1952  30.7632 -92.1342  31.5367 -91.9007  32.0612 -91.0704  30.5379
-86.9989  31.2042 -92.3165  32.1444 -91.6066  32.7527 -91.0365  30.9977
-87.2707  31.6934 -91.9708  32.4817 -91.5386  32.9708 -91.1568  31.4775
-87.1566  32.2233 -91.8985  32.9042 -91.7317  33.4813  -90.964  31.9535
-86.5754  32.7277 -91.7188  33.2838 -91.3824  33.8702  -91.002  32.4185
-86.7214  32.8753 -91.4379  33.4249 -90.4849  34.0659 -90.7056  33.1627
 -86.778   33.511 -91.1229  33.9416 -90.1083  34.7012 -90.4063  33.5202
-87.3288  34.0224 -91.0968  34.3792 -89.5922  35.0031 -90.5009  33.7992
-88.1662  33.9733 -90.4318  34.6254 -89.6548  35.4479 -89.9732  34.2029
-89.0493  34.5545  -89.911  35.0433 -88.8679   35.888 -89.7043  34.7523
 -90.112   34.465 -89.3387  35.5496 -88.5588  36.2619 -89.2762  35.3385
-91.1934  35.2408 -89.0208  35.6965 -87.9443  36.5532  -88.931  35.5254
-92.4974  34.9292 -89.0984  36.2856 -87.2589  37.0836 -89.0679  35.8987
-93.7293  35.8195 -88.7905  36.4483 -86.9493  37.2317 -88.7711  36.2736
-94.6673  35.7857 -88.7601  36.9752 -87.0029  37.8136 -88.7956  36.6064
-95.0089  36.5726 -88.5018  37.3256 -86.8651  37.9569 -88.0784   37.122
-95.6795  36.6045  -87.929  37.6851 -86.7746  38.5594 -87.8063  37.2435
-95.7319  37.4826 -87.1974   38.199 -86.6385  38.8948 -87.5044   37.652
-95.8763  37.8743 -87.0156  38.4036 -86.1617  39.0373 -86.8856  37.8238
-95.1799  38.1595 -87.4854  38.8456 -85.9864  39.6789 -86.6335  38.4518
-94.6606  38.4264 -87.5743  39.2799 -85.9035  39.8088 -86.6146  38.9073
-93.6882  38.7674 -86.9906  39.6543 -86.1247  40.2057  -86.229  39.5121
-92.6214  39.2994 -86.5679  39.8155  -85.917  40.7271 -86.1492  39.7832
-92.0366   39.612 -86.0594  40.2255 -85.9921  40.9096 -85.8011  40.2519
-91.2715  40.0177 -85.3689  40.4902 -86.1768  41.5348 -85.8504  40.9863
-90.6465  40.7134 -84.9774  41.1274 -86.4958  41.7004 -85.6223  41.4482
-90.0792  41.0082 -84.8034  41.5724 -86.5737  42.4496 -85.1609   42.073
-89.8817  41.5335 -84.3995   41.889 -86.7973  42.6094 -84.3447  42.2246
-89.4471  41.8628 -84.3369  42.5286 -86.8138  43.4206 -84.1474    42.85
-88.7347  42.5351 -84.0779  43.0213 -86.8995  43.6129 -83.5563  43.1659
-88.2805  42.8256 -84.4055  43.5269 -86.9291  44.4132 -83.2883  43.7329
  -87.62  43.4994 -84.1415  43.9204 -87.3116  44.5658 -82.9351  43.9827
-87.0928  43.7618 -84.0891   44.326 -87.8388  45.5457 -82.7106  44.6548
-86.5819  44.2393 -83.5397   44.927 -88.1211  45.6567  -82.899  44.8955
-85.9967  44.8889 -83.1467  45.2306 -88.2352  46.2739 -83.0338  45.6172
-85.3917  45.3389 -82.4029   45.777 -87.8556  46.7536 -83.0723  45.7943
-84.5929   45.574 -82.0815  46.0302 -86.8089  47.3461 -82.9044  46.4714
-84.0737  46.0585 -81.8638  46.4843 -85.9214  47.6763 -82.5511  46.8955
-83.6724  46.4563 -81.5852  47.0115 -85.3486  47.4071 -81.7556  47.4771
-83.3093  46.7382  -81.067  47.3188 -85.0726  47.3656  -81.295  47.6084
-83.1614  47.3677 -80.4847  47.8884 -84.6953   47.857 -80.5729  48.1572
-83.2449  47.5887  -79.775  48.2901 -84.1789  48.0475 -80.2605  48.4067
-83.0341  48.0904 -79.4506  48.8122 -83.6714  48.5161 -80.1718  48.7167
-82.5212  48.4748 -79.1889   49.137  -83.079  48.7535 -79.6122  49.1265
-81.9666  48.7169 -78.8377  49.7158 -82.6032  49.2402 -78.9391   49.715
-81.3317  49.2038 -78.4324  50.0647 -82.0292  49.4566 -78.4123  50.0905
-80.2203  49.4457 -78.1521  50.2177 -81.4312  49.9075 -77.3762  50.3686
 -79.418  49.9891 -77.5387  50.5788 -80.6328  50.1488 -76.9115  50.7727
-78.5743  50.5142 -76.9932  50.8246 -79.9682  50.5676 -76.3042  51.1813
-77.7009  50.7207 -76.6348  51.3419 -78.4149  51.0149 -75.9869   51.419
-76.9488  51.2318 -76.1374  51.5447 -77.2205  51.2937 -75.9485  51.6032
-76.2062  51.4042 -75.6695  52.0419  -75.948  51.7774 -76.0352  51.8719
-75.6938  51.7726  -75.088  52.3629 -75.0003    51.96 -75.4117  52.1499
-75.0863  52.0672 -74.6367  52.9167  -74.134  52.3801 -74.7964  52.5838
-74.4412   52.551 -74.0429   53.017 -73.3398  52.6337 -74.0626  52.8828
-73.7789  52.8556 -73.2484  53.4784 -72.1716   52.824 -73.4758  53.2843
-73.1744  53.2974 -72.5164  53.6131  -71.565  53.1316 -72.8378  53.5454
-72.4776   53.577 -71.7974   54.036 -70.7404  53.3061  -72.325  53.8233
  -71.76  53.9216 -70.4476  54.2005 -70.1774   53.636 -71.6425  54.1722
-70.7078  54.0754 -69.4692  54.6256 -69.9786  53.7885 -71.1569  54.3517
-69.8669  54.3672 -69.1035  54.7234 -69.5508  54.1466 -70.8236  54.6814
-68.8401  54.7625 -68.6905  55.2026   -69.36  54.2906 -70.3964  54.8238
-68.2016  55.0352 -67.7755  55.3436   -68.94   54.653 -69.4486  55.1613
-67.5947   55.416 -66.7011   55.676 -68.7754  54.9198 -68.7921  55.4791
-66.9617  55.7517 -66.3532  55.8418 -68.2419  55.1206  -67.957  55.7585
-66.7378  55.9041  -65.682  56.1798 -68.0318  55.3772 -67.2335  55.8792
-66.3275  56.3712 -65.5086  56.3128 -67.3684  55.5257 -66.7364  56.3083
-65.9959  56.6165 -65.0765  56.6896 -66.5515  55.7538  -66.111  56.5486
-65.5843  57.0922 -64.5946  57.0153 -65.9899  56.0026 -65.7084  56.7103
-65.2767  57.4309 -63.8546  57.3324 -65.3675  56.2164  -65.436   57.059
 -64.574  57.5059 -63.7041  57.3986 -64.9102  56.4477 -65.6551  57.0512
-64.0237  57.8334 -63.1988  57.7518 -64.1887  56.6513 -65.7126  57.3675
-63.3427  58.0551 -62.8985  58.0271 -63.7718  56.9065 -65.7911  57.3651
-62.4366  58.3173 -62.3423  58.1317 -63.1645  57.0969 -65.7313   57.688
-61.9872  58.4292 -62.0151  58.4008 -62.5078  57.3244 -65.6056  57.6268
-61.5938  58.7335 -61.2286  58.4661  -61.592  57.6474 -65.4415  58.0025
-60.8549  58.8262 -60.7857  58.8081 -60.9956  57.9173 -65.2233  57.8221
-60.2113  58.9887 -60.2202  58.9975 -60.1802  58.2936 -65.2782  58.2962
-59.4041  59.2921 -59.9664  59.2125 -59.3507  58.5803 -64.4746  58.2737
 -58.822  59.5229 -59.3007  59.4088 -58.5876  58.7339 -63.4842  58.5705
-57.9878  59.8096 -58.2504  59.7213 -58.0817   59.026 -62.5651  58.9736
-57.5039  59.9048 -57.4974  59.8118 -57.9475  59.1133 -61.7545  59.0923
-57.0299  60.2668 -56.9011  60.0068 -57.4897  59.3604 -60.8204  59.4616
-56.4866  60.4766 -56.3057  60.1416 -57.0293  59.5102 -59.8316  59.6665
-55.6978  60.7003 -55.4756  60.3055 -56.1341  59.8365  -59.254   59.911
-55.0326  60.9011 -54.6876  60.5602 -55.2589  59.9779 -58.6802  60.2128
-54.2201   61.123 -54.0421  60.6286  -54.316  60.1671 -57.6556  60.3209
-53.8826  61.1788 -53.4413  60.8156 -53.5887  60.2947 -56.8119  60.5689
-53.2962  61.4274 -52.7272  61.1271 -52.7278  60.4982 -55.7984  60.6786
-52.6833   61.577 -52.1678  61.1314 -52.0719  60.7308 -54.8041  60.9464
 -51.968  61.7991 -51.6077  61.2531 -51.0499   60.793  -53.684  60.9636
-51.3661   61.943  -51.049  61.3046 -50.1498  61.0933 -52.9795   61.422
-50.5368  62.1112 -50.3123  61.5432 -49.1706  61.1881 -52.2776  61.5766
-49.9041  62.2144 -49.6485  61.5793 -48.6348  61.2304  -51.644  61.5904
-49.1355   62.259 -49.2807  61.7711 -48.0515  61.3348  -50.609  60.9116
-48.3864  62.3391 -48.6959  61.8814 -47.5098  61.4966 -49.7077  61.0507
 -47.702  62.4574 -48.0604  62.0541 -46.6731  61.5705  -48.855  61.2292
-47.1143  62.5692 -47.3945  62.0687 -46.2641  61.7508 -47.8742  61.3771
-46.2535  62.6952 -46.8137  62.2328 -45.7098  61.8105 -46.9747  61.3782
-45.4694  62.7085 -46.1094  62.3204 -45.2592  61.8763 -46.2775  61.6132
-44.7885  62.7067 -45.3052  62.3842 -44.5965  61.9515 -45.4748  61.6178
-44.1939  62.8213 -44.7369  62.3962 -44.1068   61.966 -44.6446  61.8428
-43.5867   62.781 -44.2383  62.5171 -43.4256  62.0214 -43.7092  61.7555
-43.0298  62.8168  -43.589  62.5382 -42.8732  62.0715 -42.7466  61.9872
-42.3542  62.7977 -42.8644   62.598 -42.2798  62.1298 -42.0727  62.1461
-41.7817  62.9713 -41.9879  62.7585 -41.7992  62.2032 -41.4946  62.1459
-41.2037  63.0218 -41.3596  62.7502 -41.1687   62.287 -41.2073  62.3364
-40.6276  63.0834 -40.9083  62.9549 -40.7746  62.4674 -40.5108  62.3901
-40.0306  63.1732 -40.4194  62.9532 -40.2337  62.4706 -39.9582  62.5868
-39.7446  62.1055 -39.9904  63.1309 -39.6793  62.5996 -39.1944   62.611
-39.5168  62.1496 -39.4242  63.2337 -39.2319  62.6066 -38.7546  62.8016
 -39.117   62.284 -39.1574  63.3861  -38.905  62.7474 -38.0551  62.9307
-38.5823  62.4726   -38.94  63.3678 -38.5154  62.7498 -37.2796  62.9434
-38.0043  62.5816 -38.7462  63.5458 -38.1708   62.818 -36.5903  63.2998
-37.2936  62.6394 -38.7218  63.4657 -37.7141  62.9708 -35.9555  63.3249
-36.8276  62.7852  -38.636  63.7142 -37.3523   63.113 -35.1998  63.6376
-36.1833    62.96 -38.6849  63.6264 -36.9987  63.1743 -34.5212  63.7163
-35.6977  63.0727 -38.6097  63.7895 -36.5728    63.31 -34.1331  63.8787
-35.1418  63.1432  -38.013   63.842 -36.0965   63.382 -33.6471  63.9437
-34.7418  63.2974 -37.5489  63.9389 -35.7606  63.5167 -33.4373  64.0572
-34.3292  63.3744 -36.6923  63.9546 -35.3265  63.5727 -33.0708  64.1915
-34.1459  63.4266 -35.7893  64.0823 -34.9653   63.707 -32.8811  64.3283
-33.9061  63.4939  -35.084  64.1258 -34.5843  63.7621  -32.837  64.4277
-33.7233   63.575 -34.7571  64.2541 -34.1814  63.8774 -32.7432  64.4059
-33.3918  63.6186 -34.2947  64.3908 -33.6062  63.9219  -32.546  64.4901
-33.1576  63.6878 -33.8938  64.3927  -32.942  64.0486 -32.2886   64.473
-32.8503   63.699 -33.3986  64.4737 -32.1182  64.1353 -32.0529  64.4674
-32.5952  63.8307 -32.9611  64.5059 -31.6954  64.1125 -31.7971  64.5492
-32.5231  63.7188 -32.3763  64.5407 -31.0645  64.1806 -31.3809  64.5492
-32.2805  63.8451  -31.922  64.5561 -30.6405   64.203 -31.0455  64.7442
 -32.188  63.6986 -31.3806  64.6482 -30.1351  64.2767 -30.5272  64.7279
-31.8434  63.5991 -31.2862  64.6231 -29.7288  64.0499 -29.8392  64.8572
-31.3164  63.7447 -31.1239  64.6412 -29.3168  64.1221 -29.0618  64.8679
 -30.655  63.6747 -30.8693  64.7281 -29.0667  64.0732 -28.6091  64.8361
-29.7997  63.8012 -30.4747  64.7107 -28.7025  64.1292 -28.1731  64.8507
-29.0624  63.7794 -29.9304  64.7101 -28.2735   64.181 -27.8904  64.8174
-28.4811  63.9015 -29.3858  64.6915 -27.8425  64.2223  -27.621  64.8262
-27.8544  63.7576 -28.9285  64.7046 -27.4464  64.2903  -27.272  64.8723
-27.4397  63.7439 -28.4133  64.6104 -27.1638  64.3085 -27.0557  64.7836
-27.0785  63.7302 -27.8842  64.6323 -26.8015  64.2927 -26.8408  64.7883
-26.6527  63.7202 -27.4496  64.5683 -26.3949  64.3312 -26.8835   64.782
-26.3563  63.6755 -27.0552  64.5593 -25.7956  64.2616 -26.6397  64.6781
-25.8079  63.6872  -26.339  64.5043  -25.308  64.2638 -26.4948  64.6701
-25.4548  63.6274 -25.7427  64.4978 -24.9031  64.2508 -26.1253  64.6112
-25.1721  63.6118 -25.3565  64.3356  -24.552  64.2228 -25.5953  64.5625
 -25.034   63.535 -24.7549    64.42 -24.2134  64.2259 -25.0132  64.5357
-24.6349  63.5533 -24.1159  64.2785 -23.8756   64.202  -24.615  64.5362
-24.2026   63.486 -23.7427  64.2596 -23.4071  64.1691 -24.2259  64.3898
-23.7756  63.4552 -23.5004  64.1716 -22.9895  64.1026 -23.8913  64.3378
-23.0113   63.378 -23.3439   64.042 -22.6043  64.0414 -23.7056  64.2644
-22.5176  63.4128 -23.0861  63.9777 -22.3364  63.9505 -23.5525  64.2615
-22.0426  63.3368 -22.6103   63.866 -22.0115   63.908 -23.3879  64.1725
-21.7624  63.2503 -22.3607  63.8173 -21.7471  63.8215 -23.1636  64.1467
-21.3664   63.214 -22.1132  63.6716 -21.3692  63.7913 -22.7657  64.0524
-21.1085  63.1235 -21.7574  63.5716 -20.9374  63.6504 -22.2464  63.9712
-20.7652  63.0763 -21.3662  63.4441 -21.0562  63.0054 -21.7901  63.8394
-20.3881  62.9808 -21.0754  63.4324 -21.1075  63.0168 -21.2369  63.7375
-19.9391  62.9628 -20.5976   63.348 -21.3223  62.3897 -20.8385  63.6895
-19.5557  62.8827 -20.3747  63.3148 -21.4742  62.4462 -20.5092  63.6215
-19.1083  62.8161 -19.9412  63.2081 -20.8172  58.0724  -20.177   63.578
-18.7542   62.792 -19.4299  63.1639 -20.1158  58.2593 -20.0897  63.5251
-18.5165  62.7047 -18.9385  63.0854 -19.6907  58.1957 -19.9446  63.4341
-18.2079  62.6733 -18.5678  63.0049 -19.2909  58.3714 -19.8527  63.3839
-18.0544   62.613 -18.3726  62.9645 -18.7244  58.5405 -19.6568  63.3013
-17.7689  62.5693 -18.1465  62.8835 -18.3376   58.715 -19.3302  63.2797
-17.3849  62.5748 -17.9547  62.8325 -17.9501  58.8682 -18.9418  63.2071
-17.0792  62.4972 -17.6336   62.777 -17.6614   58.986 -18.5984  63.0918
-16.6368   62.459 -17.4199  62.7041 -17.4615  59.0849 -18.2387  63.0185
-16.5051  62.3679 -17.0006  62.6445 -17.2998  59.2384 -17.7262  62.8853
-16.3915  62.2785  -16.876  62.6517 -17.1024  59.3021 -17.4322  62.8256
-16.2085  62.1949 -16.7163  62.6169 -16.8271  59.3937 -17.0946  62.7093
-16.0708  62.1157 -16.4963  62.5646 -16.4027  59.4433 -16.8458  62.6371
-15.8758  62.0503 -16.0961  62.4625 -16.0317  59.5572 -16.7717  62.6269
-15.6921  61.9581 -15.7117  62.5438 -15.6388  59.6263 -16.5296   62.549
-15.2288  61.8968 -15.3927  62.4759 -15.2859  59.6642 -16.1588  62.4123
-14.7822  61.8156 -15.2389  62.4024 -14.9477   59.699 -15.8984   62.253
-14.3328  61.6718 -15.0405  62.2506 -14.6525  59.6938 -15.5964  62.1607
-14.0301  61.6371 -14.7812  62.0875 -14.5164  59.6716 -15.4105  62.0149
-13.5743  61.4515 -14.4477   61.989 -14.3243  59.6107 -15.3153  61.8839
-13.4769  61.2655 -14.0665  61.8044 -14.0168  59.5546  -15.081  61.7463
-13.1946  61.1243 -13.6766   61.609 -13.5091  59.4958 -14.9772  61.6632
-12.9782  61.0049 -13.2096  61.3683 -13.1113  59.3953 -14.7585  61.4199
-12.8763  60.8154 -12.9702  60.9918 -12.8825  59.3326 -14.4372  61.2361
-12.7809  60.6831 -12.5881  60.7581 -12.5038  59.2028 -14.1354  61.0451
  -12.58  60.4715 -12.3815  60.6121 -12.4521  59.1042 -13.7998  60.8299
-12.4815  60.3049 -12.0337  60.4386 -12.2391  58.9508 -13.4533   60.656
-12.1977  60.1372 -11.8697  60.2429  -12.222  57.4009 -13.0556  60.4496
-11.8111  59.9344 -11.6571  60.0445 -12.1022  57.2937 -12.7681  60.2291
-11.3961   59.703 -11.3272  59.8033 -11.9948  57.2083 -12.4692  59.9895
-11.0509  59.5045 -10.9849   59.567 -11.7159  57.0769 -12.1824  59.7626
-10.7102   59.266 -10.8633   59.448 -11.9249  56.9133 -11.9158  59.5282
-10.5183    59.06  -10.599  59.2068 -11.6851  56.8509 -11.7505  59.4557
 -10.365  58.8289 -10.3955  59.0243 -11.5462  56.6741 -11.6014  59.2041
  -10.21   58.613  -10.179  58.7463  -11.243  56.6343 -11.4244  58.9619
-10.0691  58.3852 -10.0487  58.5719  -11.016  56.4979 -11.2586  58.7226
-9.90799  58.1665 -9.90998  58.3502 -10.6893  56.3787 -10.9649  58.4834
-9.67699  57.9289 -9.62263  58.0975 -10.4497   56.224 -10.7282  58.2097
-9.47358  57.7031 -9.36567  57.8547 -10.2627  56.1271 -10.5364  57.9635
-9.28344  57.4724 -9.15802  57.7579  -10.062  55.9572  -10.323  57.7161
-9.17403  57.2746 -8.97302  57.5312 -9.98924  55.8378  -10.061  57.5504
-9.03731  57.1154  -8.7025  57.3216  -9.6756  55.7087 -9.82457   57.379
-8.95576  56.9272 -8.48272  57.1109 -9.42614  55.5746 -9.69883  57.2924
-8.84309  56.7773 -8.45653  56.9572 -9.23005  55.4575 -9.57264  57.1331
-8.89978  56.5823  -8.3932  56.7844 -9.23215   55.349  -9.4222  56.9315
-8.72727  56.4162  -8.2813  56.5986 -9.14028  55.2327 -9.51604   56.826
-8.44243  56.2192 -8.09674  56.4101 -9.05174  55.0999 -9.56234  56.6358
-8.60966  55.6368  -8.0028  56.0774 -8.85143    54.98 -9.46828  56.3863
-8.61242  55.4278 -7.88282  55.9028 -8.73788  54.8459 -9.40302  56.1272
-8.50803   55.253 -7.76088  55.8417 -8.76393  54.6377 -9.22879  55.9559
-8.35014  55.0603 -7.63928  55.6125 -8.54904  54.4644 -9.15933  55.6942
-8.21479  54.8424 -7.49355  55.3552 -8.42738  54.2736  -9.1108  55.4251
-8.08667  54.6468 -7.44544  55.1271 -8.25537   54.048 -9.06354  55.1529
 -7.8862   54.416  -7.2999  54.9026 -8.49135  53.7035 -8.89175  54.8292
-7.76098  54.1901 -7.15205  54.5924 -8.48361  53.5723 -8.92407   54.575
-7.68316   53.961 -6.97495  54.3779 -8.56398  53.2822 -8.67195  54.3438
-7.62966   53.736 -6.90866  54.1597 -8.25908  53.0231 -8.57481  54.0492
-7.57253  53.4783 -6.94864  53.8852 -8.05808  52.8084  -8.5119  53.8462
-7.56144  53.2009 -7.05794  53.5632 -7.86235  52.5707  -8.3965  53.5353
-7.54763  52.9134 -7.12997  53.2839  -7.6967  52.3339 -8.34936  53.2581
 -7.4883  52.6499 -7.21561  52.9928 -7.55786  52.1254 -8.27162  53.0083
 -7.4044  52.4249 -7.20812   52.721 -7.43722  51.9361 -8.20051   52.748
 -7.2802  52.1608 -7.17477  52.4482 -7.38067  51.6567 -8.07977  52.5081
-7.07734  51.8952 -7.10359  52.1518   -7.177  51.4002 -8.09182  52.2375
-6.95018    51.65 -6.79362  51.8748 -7.32278    51.07 -8.34535  52.0874
 -6.9256  51.3661 -6.52742  51.6242 -7.17606  50.7952 -8.18109  51.9502
-6.88469  51.1249 -6.13678  50.9865 -7.63854   50.219 -8.25492  51.6847
-6.75109  50.8771 -5.82113  50.8226 -7.84047  50.0496 -8.30391  51.4614
 -6.6764  50.6533 -5.62375  50.5839 -8.16009  49.5553 -8.64744  51.6488
-6.61243  50.4382   -5.633  50.4042 -8.28645  49.4418 -8.60885  51.3032
-6.54279  50.2178 -5.57038  50.0894 -8.71122  48.8429  -9.4392  51.8916
-6.54848  49.9611 -5.46534  49.9211 -8.87969  48.7542 -10.2697  51.3999
-6.55064  49.7077 -5.33584  49.6995 -9.51416  48.0061  -10.467  51.3159
 -6.4252  49.4373 -5.24502  49.4595  -9.8324  47.9639 -10.9156  50.7752
-6.30385  49.1826 -5.01959  49.1805 -10.0689   47.337 -10.7042  50.3366
-6.21787  48.9055 -4.81979  49.0235 -10.1635  47.2312  -10.784  49.9476
-6.02768  48.6381 -4.76148  48.8308 -9.89135  46.9149 -10.5165  49.6657
-5.82951  48.3463 -4.88387  48.4764 -9.59486  46.7342 -10.6372  49.1643
-5.60421  47.2337 -4.78394  48.0026 -9.95023  45.9252 -10.3441  48.7435
-5.38548  46.9688 -4.68447  47.7058 -9.99141   45.795 -10.3104  48.3212
-5.28736  45.8065 -4.60393  47.4771  -10.046  45.4212 -9.56029  47.5069
-5.12815  45.5835 -4.53255  47.2369 -10.0211  45.2369 -8.94866  47.2154
-5.11585  45.2496 -4.61314  46.8589 -9.74219  44.9992 -8.18746  46.6927
-5.07949  45.0459 -4.61548  46.5908  -9.4128  44.7552 -7.61753  46.4841
-4.92653  44.7024 -4.41118   46.263 -9.05154   44.558 -6.86787  45.4917
-5.02082  44.4297   -4.281  45.9852 -8.53251  44.2891 -6.28727  45.3326
-4.87846  44.0665 -3.91543  45.5193 -8.60184  43.7268 -5.19811  44.2716
-4.91507  43.7959 -3.78733  45.2002 -8.44533  43.5109 -4.43571  44.1144
-4.98064   43.521 -3.48144  44.5413 -8.20619  43.2547 -3.61023  43.2483
-5.01622  43.2505 -3.26375  44.3084 -7.87162  43.0023 -2.95174  43.0984
 -5.0596  42.9703 -3.01381  43.8007 -7.65258  42.7592 -2.45959  42.5869
-5.07776  42.6953 -2.73194  43.6325 -7.34313  42.4972 -2.06913  42.4261
-5.06545  42.4158 -2.57088  43.2011  -7.1527    42.27 -1.62747  42.0064
-5.03663  42.1587 -2.28232  42.9924 -6.85191  42.0025 -1.14959  41.8961
 -4.86906   41.9067  -2.46721     42.66  -7.23636   41.1705 -0.969885   41.4418
 -4.67265   41.6727  -2.45985    42.405  -7.35557   41.0497 -0.663568   41.4153
 -4.09484   41.0983  -2.59537   42.3128  -7.90409   40.4613 -0.961705   41.5484
-3.57037  40.9188 -2.66901   42.001  -8.0537  40.4034 -1.17207  41.3124
-2.94091  40.2679 -2.63923  41.7097 -8.64886  39.7024 -1.34589  41.1362
-2.41304   40.124 -2.63493  41.7547 -8.85289  39.6813 -1.42451   40.931
-1.70905  39.2306 -2.64938  41.4075 -9.43114  38.9255 -1.46317  40.8259
-1.18195  39.1384 -2.68721  41.0395 -9.68034  38.9485 -1.53569  40.5396
-0.292187   38.2926  -2.70001   40.7362  -10.4392    38.184  -1.55539    38.302
0.391736  38.1856 -2.65633  40.4185 -10.8162  38.2507 -1.52503  37.9605
 1.15914  37.4385  -2.5837  40.1216 -11.5887  37.4204  -2.3004  37.1095
 1.74175  37.3288 -2.47537  40.3012 -12.0478   37.585 -2.91752  36.9232
 2.23853  36.6602 -2.40628  39.9523 -12.9185   36.704 -3.53869  36.2633
 2.48769  36.5156  -2.3064  39.4498   -13.42  36.9403 -4.11051  36.0855
 2.96306  35.7114 -2.36745  39.1189 -14.2318  36.0604 -4.34865  35.8475
 3.20029  35.6124 -2.51908  38.7649 -14.7207  36.3152 -4.38506  35.6781
 3.70119  34.4094 -2.44693  38.4184 -15.4772  35.4931 -4.30641  35.4361
 4.00436  34.3552  -2.3537  38.0735 -15.9199  35.7299 -4.33968  35.4726
 4.47419  33.1708 -2.20838  36.9657 -16.6023  34.9097 -4.50218  35.2181
 4.72883  33.0586  -2.0906  36.6295 -16.9986  35.1427 -4.42303  35.0379
 4.74329  32.3884 -2.04816  36.3432 -17.6323  34.3932 -4.43339  34.7918
 4.59028  32.2858 -2.05497  36.0281 -17.9334  34.6463 -4.31711   34.556
 5.10792  30.3227 -2.25549   35.892 -18.4811  33.9264 -4.12747  34.3335
 5.43368  30.2972 -2.46631  35.5867 -18.7682  34.1986 -3.75464  34.2928
 5.45425   29.601 -2.87017  35.2811 -19.2331  33.4394 -3.40835  33.9694
 5.32989   29.589 -3.15378  35.0121 -19.5132  33.7265 -3.22133  33.8848
 5.58991  28.3374 -3.34277  34.7396  -19.853  33.0611 -3.12062  33.5848
 5.68976  28.4018 -3.45934  34.4596 -20.0206  33.3292 -2.93136  33.6095
 5.85667  27.4518 -3.54342  34.1548 -20.1752    32.69 -2.90086  33.2769
 5.83518  27.5378 -3.71606  33.8452 -20.2353  32.8501 -2.92665  33.0537
 6.18471  26.4479 -3.80471  33.5129 -20.2294  32.2323 -2.88824  32.7304
 6.31524  26.6252 -3.92211  33.3097 -20.1163  32.3356 -2.87255  32.4991
 6.75874  25.6101  -4.0507  33.0563 -20.0158  31.7717  -2.7651  32.2706
 6.92887  25.8305 -4.12562  32.7789 -19.6276  31.7873 -2.65548   32.047
 7.51755  24.8604   -4.233  32.4932 -19.3172  31.3823 -2.27104  30.7329
 7.92592  25.0796 -4.35915  32.2099 -18.7826  31.2359 -1.89112  30.5387
 8.66552  23.7063 -4.40982  31.9165 -18.0572  30.9651 -1.73927  30.3071
 9.23714  23.9242 -4.40538  31.6336 -17.1186   30.688 -1.51913  30.0874
 9.60525  23.1008 -4.51936  31.3426 -16.4908  30.3635 -1.54865  30.1365
 9.75113  23.2963 -4.44199  31.0568 -15.5821  30.1067 -1.51231  29.8943
 10.1642   22.031  -4.4223  30.7407 -14.7878  29.8549 -1.36939  31.2933
 10.5217  22.2009 -4.45564  30.4988 -13.9281  29.6208 -1.23913  31.0055
 10.4634  21.2274 -4.31815  30.1918  -13.084  29.3533 -1.35908  30.3564
 10.4621  21.3608 -4.20945  30.0149 -12.2985  29.1009  -1.3598   30.067
 9.99808  20.9414 -3.89308  29.7245 -11.5175   28.838 -1.44108  29.7856
 9.60583  21.0813 -3.57174  29.4461 -10.7198  28.5752 -1.30923  29.4689
 9.81601  18.0184 -3.31306  29.1379 -9.98933  28.2778 -1.62431   28.983
 10.0492  18.1968 -3.07463  28.9103 -9.24213  27.9807 -1.70477  28.6325
  9.5986  18.3968 -2.76105  28.6241 -8.58418  27.6926 -1.57103  28.3712
  9.1747  18.5708 -2.64498  28.6302 -7.92803  27.3848  -1.3479  28.0336
 9.19725  15.5976 -2.42406  28.3386 -7.35262  27.1032  -1.1786  27.7267
  9.17554   15.8468  -1.84366   27.7218  -6.76702   26.8125 -0.977155   27.4031
  8.74895   15.5477  -1.32322    27.434  -6.08987    26.493 -0.769041   27.0723
  8.41104   15.7825 -0.987456   27.1068  -5.54391   26.1837 -0.585213   26.7622
  8.58939   14.7182 -0.944207   26.8037  -5.05452   25.8723  -0.39869   26.4343
 8.63084   14.992 -1.01061  26.5984 -4.66603  25.5883 -0.23562   26.345
  8.59284   14.9294  -1.16459   26.2461  -4.31264   25.2874 -0.214513   26.0342
   8.3723   15.1891  -1.26623   25.9643  -3.88981   25.0119 0.0087389   25.6997
 8.70094  13.9508 -1.17347  25.6418 -3.55087  24.7251  0.12255  25.3868
 8.87283  14.2484 -1.17464  25.3751 -3.16634  24.4369 0.175974   25.227
  9.50939   13.2556 -0.908078   25.4671  -2.83784   24.1477 0.0348933   24.9484
  9.87885    13.553 -0.734087   25.1322  -2.62673    23.881 0.0329716   24.6958
  9.66772   13.3047  -0.89571   24.7579   -2.3603   23.6062 -0.112813   24.3785
  9.40731   13.5174  -1.05848   24.4409  -2.07747    23.305 -0.112125   24.1173
  8.93488   11.7149 -0.908488   24.1735  -1.77611   23.0184 -0.156028   23.8144
  8.45386   11.9765 -0.835499   23.8325  -1.49118   22.7179 -0.501101   23.1882
  8.52616    10.949 -0.919503    23.536  -1.30959   22.4186 -0.670761   22.8939
  8.43551   11.2169 -0.869862   23.2116  -1.16136   22.1086 -0.779717   22.6301
  8.32817    10.701 -0.963353   22.9851 -0.977978   21.7848 -0.877175   22.3107
   8.0784   10.9322  -1.10437   22.6458 -0.833768   21.4702 -0.857586   22.0349
  7.75129   9.52707  -1.03831    22.202 -0.707874    21.164 -0.860527    21.737
  7.50785   9.75213 -0.956474   21.8371 -0.606319   20.8486  -1.04579   21.4262
 6.62207  6.42075 -1.12091  20.9653 0.191307  19.2177  -1.1484  21.0943
 5.99495  6.75327 -1.25656  20.6289 0.750599  18.9857 -1.09229  20.7988
 5.55225  7.05746 -1.33841  20.2376  1.26765  18.3716 -1.10701  20.4167
 5.14072  7.31776 -1.40575  19.8675  1.62828   18.106 -1.37616  19.8376
  4.7828  7.53068 -1.35253  19.5073  1.96101  17.5766 -1.52933  19.5195
 4.50815  7.73293 -1.36079  19.1276  2.12958   17.324 -1.79521   18.959
 4.78967  7.20688 -1.38309  18.7211  2.67529  16.4757 -1.97331  18.6086
 4.94629  7.44654 -1.38462  18.3506  3.01443  16.3295  -1.8865  18.2481
 5.29256  6.76227 -1.42491  17.9719  3.62311  15.4837 -1.80167  17.8696
 5.46231  6.99422 -1.43336  17.6064  4.03531  15.3199 -1.23965  16.7524
  5.99945   6.18708  -1.50633   17.2552   4.49118   14.4811 -0.781217   16.4986
 6.33095  6.40791 -1.68972  16.9266  4.79634  14.3606 -0.14361  15.4997
 6.64985   5.7947  -1.8087  16.5531  5.28596  13.6005 0.348432  15.2864
 6.89119  6.03694 -1.96956  16.2071  5.61729  13.4984 0.880727  14.3834
  7.1864  5.47704 -2.10019  15.8589  6.10268  12.7546  1.32907  14.1576
 7.42411  5.68888 -2.13165   15.561  6.45483  12.7174  1.59837  13.5383
 7.52625   5.2322 -2.09877  15.2257   6.9596  12.0419  1.80971  13.3052
 7.59822  5.44581 -2.13277  14.8924  7.36799  12.0014  1.89332   13.023
 7.75283  4.96467 -2.05983  14.5766  7.79741   11.226  1.99434  12.7855
 7.85396  5.17788 -1.93839  14.2508  8.12798  11.1622  2.00137  12.7257
 8.00445  4.50602 -1.81909  15.0164  8.36287  10.5887  2.02146   12.481
 8.11747  4.73183 -1.72681  14.6643  8.56258  10.5547  1.91193  12.3417
 8.23434  4.31461 -1.65375  13.6538  8.67588  10.1326  1.79292  12.1067
 8.27591  4.51883 -1.55906  13.3681  8.77488  10.1096   1.7908  12.2125
 8.16069  4.26943 -1.46602  13.0961  8.76924  9.64691  1.76947  11.9708
 8.01394  4.42104 -1.35445  12.3029  8.73324  9.57777  2.01163  12.1405
 7.61411  4.38146 -1.22412  12.0647  8.52046  9.37453  2.13108  11.8744
 7.25257  4.52929 -1.16102  11.7054  8.20657  9.26885  2.32694    11.86
 7.31136  3.41398 -1.04849   11.486  7.79321  9.16508  2.40016  11.5758
  7.27947   3.57132 -0.982036   10.8803   7.39953   9.07341   2.62445   11.5783
  7.0198  3.49727 -0.92675  10.6786  6.89288  8.93316  2.78485  11.3109
  6.76124   3.63686 -0.821538   10.4241   6.41243   8.88987   2.77258   11.0991
   6.5861   3.61329 -0.784239   10.2221   5.87095   8.64836   2.73435   10.8788
   6.3318    3.7398 -0.360956   9.27459   5.35863   8.57498   2.67863   10.6679
   6.48283     2.6427 -0.0564441    9.14148    4.89205    8.40967    2.52609    10.5162
 6.54582  2.82051 0.155378  8.64274  4.58324  8.26382  2.29483    10.28
 6.62317  2.41117 0.212573  8.46848  4.27815  8.09101  2.13852  10.0625
 6.52498  2.56409 0.219493  8.26545  4.31245  7.77735  1.93053  9.79184
   6.6678    2.0517 0.0895454   8.12652    4.1123   7.61398    1.7273    9.5118
     6.6819     2.21393 -0.00617818     7.89046      4.2276     7.19599     1.52327     9.27892
  6.94604   1.74319 -0.198756   7.69654    4.1558   7.06805   1.35232   9.02376
  6.97825   1.88057 -0.344889   7.49682   4.43017   6.49125    1.2632   8.77743
   7.0881   1.41711 -0.380766   7.30167   4.42379   6.40539   1.11283   8.56462
  7.04479   1.55649 -0.431781   7.09123   4.81829   5.70839  0.891811   8.31596
  7.30094  0.831227 -0.622956   6.88898   4.91871   5.62501  0.820136   8.05767
  7.38293  0.970791 -0.839634   6.67048   5.26251   4.90915  0.717009   7.79698
  7.60809  0.361105 -0.963055   6.47142   5.43331   4.82318   0.65548   7.56256
  7.66622  0.501459 -0.953428    6.2527   5.52155   4.32726  0.568844   7.30047
  7.84321 -0.119574 -0.987712   5.61227   5.52376   4.21493  0.532649   7.10823
  7.87694 0.0332619  -1.00436   5.40806   5.62643   3.22738  0.451863   6.82724
  8.14954   -0.5323 -0.961154   4.92162   5.59425   3.14057  0.400943   6.72929
   8.3194  -0.41146 -0.858921   4.72544   5.47415   2.75138  0.328575   6.44716
   8.2693 -0.714642 -0.747832   4.37481   5.30409   2.66173  0.283527   6.32132
  8.16252 -0.636118 -0.673387   4.17384   5.39303  0.990512  0.218896   6.03136
  8.01562  -1.00497 -0.787161   4.05744   5.41222  0.966437  0.250885   5.86996
  7.81977  -0.91288 -0.853041    3.8704   5.55494  0.703867  0.140583   5.60052
  7.89104  -1.31968 -0.863289    3.6926   5.57865  0.701638  0.120229   5.33474
  7.86394   -1.2143 -0.844687   3.49933   5.85694  0.207092   0.03098   5.07608
    7.92055    -1.75584   -0.839005     3.40302     6.02578    0.270281 -0.00835402     4.75741
  7.80403  -1.66039 -0.700893   3.20675   6.46017 -0.482462 -0.118865   4.50264
  7.83136  -2.07596 -0.760668   3.57542   6.68634 -0.393332 -0.155097   4.39868
  7.80586  -1.93807 -0.647232   3.37329   7.05668  -1.05021  -0.25771   4.14759
  7.95071  -2.28981 -0.570031   3.20277   7.30187 -0.975607 -0.323562   3.91092
  8.01445  -2.12743 -0.530852   2.96992   7.45959  -1.43784 -0.333979   3.68475
   8.16042   -2.38494   -0.32259    2.80332    7.49682   -1.38966 -0.0768723    3.64856
  8.23706  -2.22636 -0.262409   2.54806   7.47412  -1.88909  0.071198   3.38173
  8.37602  -2.48332 -0.058408   2.42789   7.32298  -1.81969   0.57129   3.48928
  8.46041  -2.30379 0.0620477   2.25965   7.45993  -2.22046  0.884359   3.18216
 8.56479 -2.59726 0.098578  2.07874  7.48803 -2.14542  1.40219  3.48162
 8.59889 -2.45328 0.143712  1.91047  7.58511 -2.43505  1.65494  3.23679
 8.57633 -2.67992 0.135632  1.76473  7.57934  -2.3619  1.63091  3.01956
 8.50365 -2.59745 0.113172  1.61701  7.70317 -2.84814  1.46224  2.81573
  8.22433  -2.60906 0.0823481    1.4691   7.68606  -2.81113   1.48088   2.65771
  7.95538  -2.55091 0.0466176    1.3114   7.22144   -3.0623   1.35748   2.44854
    7.57206    -2.50581 0.000619417     1.18409     6.87613    -3.00279     1.48382     2.28758
  7.21838  -2.45544 -0.181158   1.02896   5.88467  -4.35633   1.41895   2.11288
  7.04879  -2.84603 -0.242525  0.924543   5.15171  -4.17191   1.57158     2.007
  6.83763  -2.80001 -0.342926    0.7659   4.57379  -4.28399   1.52907   1.83532
   6.6567  -2.77271 -0.436204  0.719086   4.12611  -4.12253   1.80674   1.98399
  6.46455  -2.70885 -0.561339  0.593514   3.93353  -4.00877   1.78348   1.76332
  6.16816  -2.65934 -0.646753  0.471255   3.75767  -3.89073   2.07896   1.87697
  5.86611   -2.6096 -0.729012  0.355534   3.65737  -3.80186   2.26247   1.66914
  5.56615  -2.62727 -0.692931  0.249356   3.48471   -3.6929   2.30682   1.51634
  5.26005  -2.58685 -0.634955  0.202745    3.3738  -3.70497   2.20107   1.35378
  4.99929  -2.56333 -0.637504  0.103323   3.21978  -3.59834   2.18785   1.46489
  4.72116  -2.50111 -0.741994 -0.152168   3.17106  -3.55761   2.00535   1.32156
  4.48574  -2.50222 -0.857055 -0.188375   3.04568  -3.44558   1.99962   1.23853
  4.25529  -2.43628 -0.852281 -0.137122   2.99146  -3.46429   1.88515   1.11157
  4.03177  -2.41146 -0.862564  -0.17912   2.88784  -3.33588   2.10625   2.24872
  3.80954  -2.34958 -0.935652 -0.228289   2.84888  -3.34609   2.05058   2.07464
  3.58129  -2.32916 -0.995566 -0.274076   2.77853  -3.18845   2.26328    3.0435
  3.37348  -2.25962  -1.05894 -0.313195   2.77722  -3.24497   2.47574   2.85031
  3.16451   -2.2665  -1.13581 -0.333277   2.74086  -3.08303   2.33014   2.66911
  2.97947  -2.19344  -1.10449 -0.409647   2.80152  -3.12239   2.22881   2.49439
  2.74236  -2.10174  -1.15663 -0.417396   2.82612  -2.95647   2.00955    2.3695
  2.55811  -2.03392  -1.20732 -0.419962   2.93828  -3.08701   1.86793   2.21458
  2.37521  -1.96218   -1.1994 -0.431057    3.0179  -2.90137   1.44645   2.40275
  2.20141  -1.89047  -1.18665 -0.444486    3.1943  -3.02679   1.13331   2.28183
  2.09099  -1.84923 -0.981503 0.0444501   3.33999  -2.81214  0.946515    2.1679
   2.03708   -1.76638  -0.842524 0.00844265    3.47054   -2.92821   0.856429    2.08744
  1.81122  -1.58014 -0.280838  0.813613   3.58291  -2.70883  0.786765   1.98836
  1.66734  -1.49058 0.0875101  0.747939   3.72128  -2.76705  0.445584   2.31598
 1.52816  -1.3993 0.449116  1.04245  3.87342 -2.53355 0.142051  2.20699
 1.44466 -1.29728  0.73151  1.01935  4.04739 -2.59387 -0.10429  2.24195
  1.26996 -0.836496   0.69453   1.07378   4.24001  -2.36914 -0.224089   2.15009
  1.16324  -0.73994  0.693331   1.09498   4.37838  -2.45017 -0.538014    2.2891
  1.07304 -0.622092  0.220451   1.98202   4.52707  -2.21042 -0.682694   2.19389
  1.07522 -0.534574 -0.088103   1.93682   4.72833  -2.32756  -1.02467   2.27754
 0.971851 -0.507557 -0.174652   1.96376   4.89581  -2.05384  -1.22515   2.24187
   1.0007 -0.400515 -0.198664   1.96301   5.11881  -2.23133  -1.18945   2.22313
 0.974908 -0.361147 -0.190505   1.93634   5.29716  -1.97332  -1.00681   2.25036
 0.996721 -0.242603  -0.14995   1.95589   5.54664  -2.14722  -0.98937   2.20935
 0.974302 -0.588562 -0.344592   2.39277   5.71236   -1.8789 -0.839219   2.23698
 0.994518 -0.459448 -0.441239   2.38701   6.01837  -2.08534 -0.840238   2.23629
 0.989767 -0.540218 -0.359992   2.37989   6.22551  -1.82107 -0.776874   2.24364
  1.02063  -0.41796  -0.25744   2.35327   6.42291   -1.9604 -0.830558   2.39023
  1.11969 -0.537133 -0.112675   2.37242   6.55367  -1.70267 -0.834136   2.39395
  1.20161 -0.414241  0.020968     2.331   6.81396  -1.89038 -0.844893   2.44141
   1.26941  -0.457613 -0.0371438    2.25174    6.98432   -1.57425  -0.809344    2.42968
   1.33412  -0.336036 -0.0604842    2.23598    7.32707   -1.88737  -0.875338     2.4958
    1.5075  -0.453646 -0.0634584    2.07681    7.54676   -1.62999  -0.951655    2.42535
   1.62085  -0.330957 -0.0499636    2.04557    7.87158   -1.96491   -1.07794    2.57519
  1.86228 -0.591137 0.0452411   2.01562   8.05565  -1.69441  -1.13557   2.49393
  1.99834 -0.462421  0.116723   1.99171   8.27902  -1.99205  -1.32035    2.5015
  2.28639 -0.788806 0.0991954   1.95866   8.34898  -1.75083  -1.29065   2.45582
   2.46744  -0.653539 -0.0123393    1.97611    8.58414   -2.00416   -1.34797    2.37576
  2.66946 -0.818738 -0.123051   1.92448    8.6276  -1.75436  -1.36711   2.33445
   2.78524  -0.681005 -0.0812844    1.84858    8.90134   -2.07601   -1.33707     2.2977
  3.08369 -0.957041 -0.107206   1.82079   8.99233  -1.82266  -1.45788   2.09669
  3.24616 -0.830416 -0.138659   1.79979   9.28305  -2.09735  -1.55746   2.04967
  3.56091  -1.04066 -0.214994   1.75025   9.29947   -1.8515  -1.58451   1.96814
  3.73923 -0.887938 -0.230126   1.65058   9.53745  -2.17653  -1.54646   1.87376
  3.98289  -1.13161 -0.369952    1.6073   9.58598   -1.9809  -1.47146   1.74375
  4.11405  -1.01762 -0.433972   1.65149    9.7078  -2.29229  -1.44126   1.66553
  4.29979    -1.217 -0.530656   1.58222   9.65546   -2.0894  -1.32066   1.57776
 4.37507 -1.09465 -0.60192  1.46271  9.78685 -2.37194 -1.17073  1.49222
  4.55183  -1.34643 -0.735686    1.3671   9.77056  -2.17728  -1.13242   1.35748
  4.62389  -1.21831 -0.754904   1.29354   9.82348  -2.48693  -1.10854   1.30351
  4.77163  -1.44079 -0.694823    1.2326   9.74742  -2.32284   -1.2083   1.22016
  4.85964  -1.32886 -0.734526   1.13728   9.85686  -2.66959  -1.30623   1.14925
  4.94794  -1.52408 -0.907642   1.22005   9.82976  -2.46623  -1.33601   1.08093
  4.95535   -1.3875 -0.982291   1.18017    9.9587  -2.80153  -1.35344   1.01735
 4.96683 -1.48067  -1.1038   1.1323  9.96669 -2.61323 -1.18562  1.03285
 4.94921 -1.40405  -1.2255  1.05977  9.89832 -2.84103 -1.08168 0.962397
  4.90868  -1.53103  -1.29796  0.991614   9.72203  -2.67042 -0.967334   1.05675
  4.81303  -1.45227  -1.19452  0.912195   9.70922  -2.87208 -0.935256  0.987889
 4.72779 -1.53976  -1.1055 0.834671  9.58039 -2.66285 -0.61491  1.43308
  4.60993  -1.43248 -0.942473  0.891198   9.56027  -2.89356 -0.452538     1.334
  4.50203  -1.48851 -0.784407  0.838547   9.50819  -2.66171  -0.39287    1.3112
 4.40461 -1.36312 -0.88574 0.794973  9.42868 -2.75574 -0.34632  1.24037
  4.31046  -1.33711 -0.931964  0.743652   9.32914  -2.53084 -0.327552    1.1826
  4.21676   -1.2331 -0.878998  0.860586   9.26244  -2.67664 -0.314491   1.13468
  4.10885  -1.22018 -0.852623  0.829428   9.16925  -2.44042 -0.574545    1.8537
  4.03314   -1.1116 -0.721148  0.862267   9.10809  -2.51682 -0.731275   1.79945
  3.91583  -1.09509 -0.685571  0.814571   9.03702  -2.26297 -0.618914   1.72631
  3.84274  -0.95786 -0.412568    1.1692   9.01806  -2.33507 -0.516261   1.67006
  3.73964 -0.978728 -0.202782     1.116   8.95466  -2.05123 -0.642787   1.63737
  3.68008 -0.816334 0.0689584   1.47039   8.92746  -2.10408 -0.757368   1.61007
  3.60586 -0.797887  0.299007   1.44831   8.89205  -1.83489 -0.807884   1.58557
  3.57921 -0.606896  0.197277   1.40914   8.87707  -1.87644 -0.844155   1.56315
  3.54414 -0.605707  0.152041   1.41092   8.86832  -1.58381 -0.929893   1.56404
  3.53409 -0.415151 -0.116568   2.14768   8.87216  -1.64057 -0.895695   1.55526
  3.52895 -0.384974 -0.276893   2.11254   8.86736  -1.35344 -0.928825   1.56212
  3.54427 -0.242658 -0.312104   2.21457   8.88744  -1.43822  -1.09132   1.62519
  3.58372 -0.238518 -0.323262   2.18217   8.87794  -1.12872  -1.22546   1.63418
   3.59378 -0.0810592  -0.324586    2.56801    8.88009   -1.17242   -1.13712    1.63839
  3.65734 -0.134573 -0.335865   2.54623    8.8509 -0.895744  -1.06398   1.65157
  3.68666 0.0256122 -0.315839   2.83095   8.86025 -0.979155 -0.977077   1.66809
   3.77709 -0.0476822  -0.241604    2.79099    8.82428  -0.691065  -0.963205    1.71323
   3.8128  0.173154 -0.175392   2.96921   8.82351 -0.788452  -1.13187    1.8372
  3.92292 0.0707175 -0.118383   2.91746   8.75611 -0.570654  -1.20651   1.84703
   3.97179   0.240642 -0.0384595    2.72415    8.78864  -0.709812   -1.13149    1.80507
  4.14863 0.0985632 0.0325195   2.66169    8.7428 -0.475008  -1.04424   1.76738
  4.23729  0.299946  0.119503   2.44427    8.7921 -0.685721 -0.995753   1.70416
  4.47011   0.13657  0.198897   2.39461   8.73966 -0.489013 -0.927585   1.71519
  4.58601  0.285274  0.198468   2.34791   8.81025 -0.647475 -0.907938   1.73837
  4.83644  0.123247  0.267662   2.32295   8.76312 -0.411087 -0.853644   1.72754
  4.94126  0.285336  0.359841   2.24681    8.8579 -0.563502 -0.844023   1.72561
  5.19891  0.170532  0.427335   2.24233   8.80896 -0.358563 -0.874931   1.64487
  5.28114  0.382018  0.526546   2.09861   8.92048 -0.494745 -0.898122   1.68988
  5.44552  0.212001  0.602039   2.06659    8.8966 -0.335753 -0.951367   1.61493
    5.455  0.264614  0.821274   1.69263   9.02698 -0.534167 -0.951663   1.54298
   5.6228  0.114108  0.962483   1.64364   9.00595 -0.408099 -0.963524   1.47353
  5.59365   0.19454   1.22869   1.47736   9.13399  -0.59793 -0.951403   1.36011
  5.69456 0.0540061    1.4177   1.44311   9.11184 -0.492634 -0.966269   1.27127
  5.67734  0.146276   1.64057   1.14997    9.2347 -0.710964 -0.872445   1.16917
