1.92727e-12 4.59135e-41 4.59135e-41
  7.0321e-07  3.21664e-07 -7.44141e-08
 6.55744e-07 -9.10419e-08 -6.97264e-08
 8.45884e-07 -4.72754e-07 -6.19317e-08
 9.51948e-07 -1.18642e-06 -2.42361e-08
 1.35021e-06 -1.81245e-06  1.73067e-09
 1.66441e-06 -1.99307e-06  1.10003e-08
 1.55935e-06 -2.11479e-06  2.74966e-08
 1.18782e-06 -2.83654e-06  5.71395e-08
 3.76738e-07 -3.26985e-06  8.58645e-08
-3.76779e-07  -4.5307e-06   8.9606e-08
 -9.2191e-07 -5.84322e-06  9.01957e-08
-1.71247e-06 -7.15308e-06  9.55117e-08
-3.55518e-06 -8.79932e-06  1.11768e-07
-5.46456e-06 -1.14407e-05  1.18918e-07
-7.58566e-06 -1.44357e-05   1.5224e-07
-9.89186e-06 -1.86019e-05  1.73429e-07
-1.20666e-05  -2.4293e-05  2.02835e-07
 -1.4158e-05 -3.05644e-05  2.41381e-07
-1.62261e-05 -3.76796e-05  3.02508e-07
-1.83935e-05 -4.64239e-05  3.80071e-07
-2.06917e-05 -5.70004e-05  4.25961e-07
-2.30118e-05 -6.84666e-05  4.71923e-07
-2.53262e-05 -8.13836e-05  5.14771e-07
-2.74735e-05 -9.58221e-05  5.87916e-07
 -2.9538e-05 -0.000111366  6.77994e-07
-3.12875e-05 -0.000128179  7.51634e-07
-3.28169e-05 -0.000146565  8.42927e-07
-3.39767e-05 -0.000166228  9.61886e-07
-3.46565e-05 -0.000187411  1.08999e-06
-3.49009e-05 -0.000209326  1.24229e-06
-3.45846e-05 -0.000232272  1.39618e-06
-3.37355e-05  -0.00025639  1.56536e-06
-3.24078e-05  -0.00028169  1.73268e-06
 -3.0851e-05 -0.000308821  1.89918e-06
-2.90683e-05 -0.000337002  2.05845e-06
-2.70433e-05 -0.000365687   2.1973e-06
-2.47168e-05 -0.000396161  2.35813e-06
-2.21166e-05 -0.000427896  2.51352e-06
 -1.9141e-05 -0.000460671  2.69146e-06
-1.59165e-05 -0.000495446  2.85442e-06
-1.23994e-05 -0.000530586  3.04674e-06
-8.55073e-06 -0.000566193  3.24528e-06
-4.47132e-06 -0.000602819   3.4616e-06
-1.92093e-07  -0.00064071  3.68253e-06
 4.28848e-06 -0.000679507  3.91632e-06
 8.83508e-06 -0.000719435  4.15244e-06
 1.36318e-05 -0.000761057  4.40645e-06
 1.87559e-05 -0.000803139   4.6684e-06
  2.4057e-05 -0.000847257  4.94216e-06
2.95361e-05 -0.00089118 5.22892e-06
 3.50973e-05 -0.000935806   5.5229e-06
 4.05809e-05 -0.000982557  5.80005e-06
4.59485e-05 -0.00103025 6.08604e-06
  5.101e-05 -0.00107951 6.36483e-06
5.58304e-05 -0.00112994 6.63907e-06
6.07335e-05 -0.00118144 6.90268e-06
6.55568e-05 -0.00123358 7.17536e-06
7.00837e-05 -0.00128726 7.41839e-06
7.45559e-05 -0.00134215 7.68705e-06
7.90925e-05  -0.0013983 7.97887e-06
8.37426e-05 -0.00145609 8.28745e-06
8.83111e-05  -0.0015153   8.569e-06
9.30742e-05 -0.00157633 8.84722e-06
9.78715e-05  -0.0016387 9.12425e-06
 0.00010289 -0.00170275 9.44383e-06
0.000108193 -0.00176902 9.78269e-06
0.000113825  -0.0018366 1.01045e-05
0.000119504 -0.00190666 1.04604e-05
0.000125364 -0.00197782 1.07701e-05
0.000131579 -0.00205108 1.11375e-05
0.000138179 -0.00212546 1.15052e-05
0.000144881  -0.0022009 1.18911e-05
0.000151513 -0.00227784 1.23108e-05
 0.00015805 -0.00235614 1.27441e-05
 0.00016444 -0.00243547 1.32419e-05
0.000170424 -0.00251691  1.3706e-05
0.000176054 -0.00259839 1.42023e-05
 0.00018114  -0.0026814 1.47104e-05
0.000185745 -0.00276529 1.52027e-05
0.000189646  -0.0028512 1.57038e-05
0.000193196 -0.00293816 1.62234e-05
0.000196381 -0.00302749 1.67524e-05
0.000199214 -0.00311737 1.72745e-05
0.000201967 -0.00320803 1.77997e-05
0.000204597 -0.00330014  1.8291e-05
0.000207313 -0.00339241 1.87971e-05
0.000209866 -0.00348636 1.92366e-05
 0.00021238 -0.00358107 1.97368e-05
0.000214394 -0.00367851 2.02491e-05
0.000216464 -0.00377824 2.07807e-05
0.000218371 -0.00387985 2.13152e-05
0.000220948 -0.00398093 2.17702e-05
0.000224211 -0.00408321 2.23001e-05
0.000227943 -0.00418748 2.27772e-05
0.000231875  -0.0042954 2.32456e-05
0.000236423 -0.00440443 2.37152e-05
0.000241242   -0.004517 2.41551e-05
0.000246652 -0.00463145  2.4591e-05
0.000253155  -0.0047459 2.50207e-05
0.000260037 -0.00486361 2.53862e-05
0.000267698 -0.00498194 2.57692e-05
0.000275902 -0.00510433 2.60706e-05
0.000285086 -0.00522745 2.64114e-05
 0.00029467 -0.00535381 2.66811e-05
0.000305191 -0.00548138 2.68995e-05
0.000315813 -0.00561145 2.70975e-05
0.000325787  -0.0057457  2.7305e-05
0.000336553  -0.0058799 2.74692e-05
0.000347174 -0.00601671 2.76264e-05
0.000358099 -0.00615478 2.77346e-05
0.000368785 -0.00629562 2.78512e-05
0.000379734 -0.00643728 2.79256e-05
0.000391076 -0.00658127 2.80642e-05
0.000403598 -0.00672574 2.80777e-05
0.000416354 -0.00687285 2.80696e-05
0.000429974 -0.00702165 2.79629e-05
0.000444893 -0.00716972 2.79129e-05
0.000460008 -0.00732056 2.78466e-05
0.000476211 -0.00747092 2.77778e-05
0.000491609 -0.00762495 2.76828e-05
 0.00050666 -0.00778023 2.75768e-05
0.000521164 -0.00793748  2.7413e-05
0.000534258 -0.00809703  2.7283e-05
0.000546709 -0.00825689 2.70664e-05
0.000557814 -0.00841973 2.69681e-05
0.000567449 -0.00858421 2.67936e-05
0.000575395 -0.00875144 2.67308e-05
0.000582804  -0.0089192 2.66641e-05
0.000589009 -0.00908851 2.65729e-05
0.000594399 -0.00925908 2.65088e-05
0.000598568 -0.00943173  2.6379e-05
0.000601999 -0.00960495 2.63371e-05
0.000605606  -0.0097786 2.62273e-05
0.000609389 -0.00995238 2.61619e-05
0.000613489   -0.010127 2.59824e-05
0.000617572  -0.0103031   2.586e-05
0.000621808  -0.0104803  2.5723e-05
0.000626071  -0.0106585 2.55724e-05
0.000630861  -0.0108372 2.54362e-05
0.000636299   -0.011016 2.52012e-05
0.000641936  -0.0111964  2.5017e-05
0.000647653  -0.0113795  2.4753e-05
0.000654534  -0.0115636  2.4618e-05
0.000661954  -0.0117491 2.44112e-05
0.000671098  -0.0119352 2.43468e-05
0.000680869  -0.0121226 2.41822e-05
0.000690747  -0.0123122 2.40752e-05
0.000702496  -0.0125012 2.40936e-05
 0.00071414  -0.0126929 2.41549e-05
0.000725309  -0.0128876 2.41436e-05
0.000734749  -0.0130866 2.40751e-05
0.000744387  -0.0132871 2.39164e-05
0.000751286  -0.0134925 2.37532e-05
0.000758303   -0.013699 2.35896e-05
0.000763397  -0.0139102 2.33125e-05
0.000765863  -0.0141268 2.29671e-05
0.000770034  -0.0143442 2.26305e-05
0.000774106  -0.0145646 2.22625e-05
0.000779899  -0.0147865 2.19138e-05
0.000785746  -0.0150114 2.15555e-05
0.000794096  -0.0152377 2.12256e-05
 0.00080407  -0.0154652 2.10117e-05
0.000814962  -0.0156956 2.09189e-05
 0.00082571  -0.0159285 2.07541e-05
0.000836722  -0.0161631 2.06633e-05
0.000848321  -0.0163992 2.05119e-05
0.000861391  -0.0166356 2.04111e-05
0.000874659  -0.0168731 2.02165e-05
0.000888716  -0.0171112 2.01049e-05
 0.00090289  -0.0173516 1.99547e-05
0.000918785  -0.0175911 1.99375e-05
0.000934319  -0.0178325  1.9806e-05
0.000949445  -0.0180749 1.97954e-05
0.000965057  -0.0183182 1.97195e-05
0.000977468  -0.0185649 1.96607e-05
0.000991087  -0.0188112 1.95133e-05
 0.00100244  -0.0190591 1.94608e-05
 0.00101273  -0.0193067 1.92805e-05
0.00101976 -0.0195562 1.9187e-05
 0.00102645   -0.019805 1.90076e-05
 0.00103208  -0.0200542 1.87963e-05
0.00103672 -0.0203035 1.8581e-05
 0.00104133  -0.0205528 1.83686e-05
  0.0010455  -0.0208032 1.80913e-05
 0.00105164  -0.0210516 1.78771e-05
0.00105673  -0.021301 1.7598e-05
 0.00106113  -0.0215504 1.74139e-05
 0.00106697  -0.0217989 1.72654e-05
0.00107234 -0.0220487  1.717e-05
 0.00107986  -0.0222967 1.70568e-05
 0.00108471  -0.0225465 1.69079e-05
 0.00108969  -0.0227963 1.67178e-05
 0.00109119  -0.0230495 1.64987e-05
 0.0010939 -0.0233028 1.6276e-05
 0.00109454  -0.0235589 1.60466e-05
  0.0010978  -0.0238159 1.58257e-05
 0.00110176  -0.0240738 1.56274e-05
 0.00110622  -0.0243334 1.54191e-05
  0.0011083  -0.0245965 1.51424e-05
 0.00111134  -0.0248612 1.50053e-05
 0.00111467  -0.0251288 1.48706e-05
 0.00111952  -0.0253989 1.47829e-05
0.00112539  -0.025671 1.4779e-05
 0.00113135  -0.0259461 1.48589e-05
 0.00113704  -0.0262236 1.49883e-05
 0.00114279  -0.0265025 1.51576e-05
 0.00114633  -0.0267839 1.53359e-05
 0.00115065  -0.0270649 1.56044e-05
 0.00115326  -0.0273477 1.58067e-05
 0.00115602  -0.0276303 1.60123e-05
 0.00115846  -0.0279136 1.62576e-05
 0.00116026  -0.0281978 1.65163e-05
 0.00115979  -0.0284842 1.67941e-05
 0.00115945   -0.028771 1.71152e-05
 0.00115933  -0.0290591 1.74503e-05
  0.0011614  -0.0293476 1.77641e-05
 0.00116403  -0.0296369 1.80591e-05
 0.00116657  -0.0299274 1.83826e-05
0.00116943 -0.0302186 1.8721e-05
  0.0011727  -0.0305099 1.91369e-05
 0.00117392  -0.0308036 1.95814e-05
 0.00117704  -0.0310971 2.00891e-05
 0.00117927  -0.0313912 2.06199e-05
 0.00118021  -0.0316858 2.11938e-05
 0.00118076  -0.0319804 2.17759e-05
 0.00118293  -0.0322746 2.24043e-05
  0.0011849  -0.0325693 2.31311e-05
 0.00118752  -0.0328643 2.38108e-05
 0.00119062  -0.0331597 2.44801e-05
 0.00119278  -0.0334563 2.51163e-05
 0.00119688   -0.033753 2.57946e-05
 0.00120119    -0.03405 2.64007e-05
 0.00120515  -0.0343474 2.69929e-05
 0.00120947  -0.0346444 2.75714e-05
 0.00121237   -0.034942 2.81727e-05
 0.00121477  -0.0352402 2.87029e-05
  0.0012183   -0.035539 2.92075e-05
 0.00122265  -0.0358386 2.97522e-05
 0.00122633  -0.0361398 3.02285e-05
 0.00122786  -0.0364435 3.06422e-05
 0.00122924  -0.0367474 3.10087e-05
 0.00123057  -0.0370517 3.14846e-05
 0.00123259  -0.0373554 3.19294e-05
0.00123373 -0.0376594 3.2503e-05
 0.00123326  -0.0379645 3.30808e-05
0.00123307   -0.03827 3.3638e-05
 0.00123173  -0.0385759 3.42082e-05
 0.00123107  -0.0388809 3.48551e-05
 0.00122807  -0.0391856 3.54645e-05
0.00122565 -0.0394905  3.605e-05
 0.00122156  -0.0397963 3.66044e-05
 0.00121851  -0.0401026 3.71519e-05
0.00121474 -0.0404101 3.7678e-05
 0.00121139  -0.0407184 3.82117e-05
 0.00120896  -0.0410279 3.87387e-05
0.00120588 -0.0413394 3.9295e-05
 0.00120276  -0.0416518 3.97412e-05
 0.00119972  -0.0419655 4.00943e-05
 0.00119881  -0.0422791 4.04402e-05
0.00119735 -0.0425927 4.0809e-05
 0.00119576  -0.0429068 4.12135e-05
 0.00119391  -0.0432209 4.16906e-05
 0.00119251  -0.0435341 4.21676e-05
0.00119026 -0.0438477 4.2671e-05
 0.00119034   -0.044161 4.31088e-05
 0.00118981  -0.0444748 4.35177e-05
 0.00119025   -0.044788 4.39137e-05
 0.00118962  -0.0451008 4.43089e-05
 0.00119072  -0.0454125 4.46781e-05
  0.0011905  -0.0457238 4.50351e-05
  0.0011914  -0.0460335 4.53415e-05
 0.00119157  -0.0463426 4.56461e-05
 0.00119132  -0.0466514 4.58511e-05
 0.00119083  -0.0469599 4.60015e-05
0.00119123 -0.0472681 4.6051e-05
 0.00119188   -0.047576 4.61277e-05
0.00119256 -0.0478837  4.618e-05
 0.00119333  -0.0481926 4.62225e-05
   0.001195  -0.0485009 4.62724e-05
 0.00119623  -0.0488094 4.63576e-05
 0.00119703  -0.0491186 4.64478e-05
 0.00119837  -0.0494284 4.65704e-05
 0.00120043  -0.0497399 4.67094e-05
 0.00120288  -0.0500524 4.68257e-05
 0.00120558  -0.0503658 4.68831e-05
 0.00120784  -0.0506796 4.69547e-05
 0.00120992  -0.0509936 4.70083e-05
 0.00121205  -0.0513081 4.70812e-05
 0.00121351  -0.0516223 4.71534e-05
 0.00121459  -0.0519367 4.72433e-05
 0.00121507   -0.052251 4.73201e-05
 0.00121531   -0.052566 4.74464e-05
 0.00121491  -0.0528817 4.75764e-05
 0.00121427  -0.0531978 4.77409e-05
0.00121339 -0.0535146   4.79e-05
 0.00121129  -0.0538323 4.80089e-05
 0.00120995  -0.0541502 4.81021e-05
 0.00120732  -0.0544683 4.81704e-05
 0.00120511  -0.0547867 4.82527e-05
 0.00120317  -0.0551052 4.83548e-05
  0.0012012  -0.0554227 4.84741e-05
 0.00119826  -0.0557395 4.85923e-05
0.00119499 -0.0560557 4.8745e-05
 0.00119114  -0.0563711 4.89051e-05
 0.00118793  -0.0566856 4.90184e-05
 0.00118437  -0.0569997 4.91376e-05
  0.0011809   -0.057314 4.92642e-05
 0.00117736  -0.0576287 4.93901e-05
 0.00117366  -0.0579426 4.95613e-05
0.0011699 -0.058255 4.974e-05
 0.00116668  -0.0585656 4.99416e-05
 0.00116305  -0.0588761 5.01329e-05
0.00116023 -0.0591867 5.0352e-05
 0.00115809  -0.0594973 5.06099e-05
 0.00115648  -0.0598072 5.09201e-05
 0.00115592  -0.0601158 5.12523e-05
 0.00115561   -0.060424 5.15925e-05
 0.00115604  -0.0607318 5.19384e-05
 0.00115649  -0.0610388 5.23122e-05
 0.00115639  -0.0613446 5.27136e-05
 0.00115673  -0.0616494 5.31408e-05
 0.00115736  -0.0619533 5.35926e-05
 0.00115783  -0.0622562 5.40082e-05
 0.00115798  -0.0625579 5.44481e-05
 0.00115831  -0.0628583 5.48982e-05
 0.00115893   -0.063158 5.53378e-05
 0.00115961  -0.0634567 5.57848e-05
 0.00116094  -0.0637546 5.62011e-05
 0.00116167  -0.0640523 5.65875e-05
0.00116346 -0.0643487 5.6977e-05
 0.00116494  -0.0646444 5.73651e-05
 0.00116566  -0.0649398 5.77128e-05
 0.00116725  -0.0652349 5.80166e-05
0.00116812 -0.0655299 5.8282e-05
  0.0011689  -0.0658254 5.85072e-05
 0.00116972  -0.0661209 5.87227e-05
   0.001168  -0.0664174 5.89825e-05
 0.00116642   -0.066713 5.91922e-05
 0.00116514  -0.0670077 5.93814e-05
 0.00116403  -0.0673015 5.95584e-05
 0.00116264  -0.0675947 5.97445e-05
 0.00116118  -0.0678876 5.99432e-05
 0.00115943  -0.0681807 6.01535e-05
 0.00115795  -0.0684738 6.03759e-05
 0.00115654   -0.068767 6.06364e-05
 0.00115506  -0.0690606 6.08732e-05
  0.0011542  -0.0693531 6.11142e-05
 0.00115289  -0.0696442 6.13851e-05
 0.00115101  -0.0699348 6.16612e-05
0.00114919 -0.0702243 6.1928e-05
 0.00114649   -0.070513 6.21629e-05
 0.00114317  -0.0708012 6.23755e-05
 0.00114058  -0.0710875 6.25839e-05
 0.0011377 -0.0713721 6.2789e-05
 0.00113546  -0.0716554 6.29743e-05
 0.00113261  -0.0719364 6.32008e-05
 0.00113024  -0.0722157 6.34179e-05
 0.00112751  -0.0724935 6.36383e-05
 0.00112503  -0.0727691 6.38382e-05
0.00112352 -0.0730428 6.4005e-05
 0.00112163  -0.0733149 6.41613e-05
 0.00112073  -0.0735855 6.43252e-05
 0.00111963  -0.0738552 6.45203e-05
 0.00111928  -0.0741238 6.47215e-05
 0.0011186 -0.0743901  6.489e-05
0.00111754 -0.0746543 6.5038e-05
 0.00111621   -0.074917 6.52088e-05
 0.00111654  -0.0751784 6.53762e-05
 0.00111637  -0.0754382 6.55694e-05
0.00111669 -0.0756968 6.5754e-05
 0.00111658  -0.0759546 6.59448e-05
 0.00111656  -0.0762116 6.61446e-05
  0.0011158  -0.0764678 6.63748e-05
  0.0011146  -0.0767227 6.66138e-05
 0.00111339   -0.076977 6.68726e-05
 0.00111192  -0.0772311 6.71483e-05
 0.00111071  -0.0774855 6.74108e-05
  0.0011085  -0.0777408 6.76578e-05
 0.00110655  -0.0779962 6.78688e-05
 0.00110479  -0.0782511 6.80902e-05
 0.00110348  -0.0785052 6.83254e-05
 0.00110181  -0.0787583 6.85999e-05
 0.00109976  -0.0790108 6.88943e-05
0.00109816 -0.0792616 6.9139e-05
 0.00109663  -0.0795109 6.93798e-05
 0.00109483   -0.079758 6.95896e-05
 0.00109249  -0.0800034 6.97915e-05
 0.00109036   -0.080247 6.99837e-05
 0.00108837  -0.0804888 7.01947e-05
 0.00108662  -0.0807289 7.03306e-05
 0.00108502  -0.0809669 7.04474e-05
 0.00108282  -0.0812035 7.05256e-05
 0.00108083  -0.0814386 7.05822e-05
 0.00107943   -0.081672 7.06408e-05
 0.00107813  -0.0819039 7.07421e-05
 0.00107682  -0.0821343 7.08824e-05
 0.00107531  -0.0823633 7.10803e-05
 0.00107344  -0.0825913 7.13133e-05
 0.00107138  -0.0828178 7.15729e-05
 0.00106916  -0.0830431 7.18586e-05
 0.00106776  -0.0832674 7.21671e-05
 0.00106538  -0.0834905 7.25015e-05
 0.00106433  -0.0837128 7.28453e-05
  0.0010628  -0.0839341 7.32147e-05
 0.00106196  -0.0841551 7.35989e-05
 0.00106039  -0.0843762 7.40183e-05
 0.00106059  -0.0845971 7.44762e-05
 0.00106037  -0.0848163 7.49194e-05
 0.00105995  -0.0850332 7.52916e-05
 0.00105966  -0.0852478 7.56486e-05
 0.00105744  -0.0854603 7.59618e-05
 0.00105552  -0.0856709 7.62591e-05
 0.00105184    -0.08588 7.65494e-05
 0.00104914  -0.0860866 7.68739e-05
 0.00104617  -0.0862909 7.71078e-05
 0.00104346  -0.0864926 7.73195e-05
 0.00103928  -0.0866925 7.74447e-05
 0.00103517  -0.0868909 7.75332e-05
 0.00103118   -0.087088 7.75797e-05
 0.00102712  -0.0872838 7.75912e-05
 0.00102183  -0.0874778 7.76064e-05
   0.001017  -0.0876699 7.76286e-05
 0.00101144  -0.0878598 7.75959e-05
 0.00100684  -0.0880469 7.75682e-05
 0.00100215  -0.0882322 7.75367e-05
0.000997792  -0.0884158 7.75224e-05
0.000994352  -0.0885983 7.74992e-05
0.000991179  -0.0887796 7.74467e-05
 0.00098866  -0.0889602 7.73609e-05
0.000985842  -0.0891406 7.72442e-05
0.000986092  -0.0893203 7.71205e-05
0.000985631  -0.0894993 7.69875e-05
0.000986721  -0.0896778 7.68967e-05
0.000987251  -0.0898549 7.68068e-05
0.000988624  -0.0900305 7.66843e-05
0.000989762  -0.0902041 7.65466e-05
0.000991318  -0.0903761 7.63699e-05
0.000992639  -0.0905458 7.61887e-05
0.000994452  -0.0907134  7.5976e-05
0.000995695   -0.090879 7.57443e-05
0.000999193  -0.0910429 7.54979e-05
  0.0010018  -0.0912044 7.52094e-05
 0.00100545  -0.0913644 7.48473e-05
 0.00100798  -0.0915216 7.44685e-05
    0.00101  -0.0916766 7.40856e-05
 0.00101103  -0.0918295 7.37157e-05
 0.00101083  -0.0919808 7.33435e-05
 0.00101014  -0.0921301 7.30036e-05
 0.00100939  -0.0922784 7.26508e-05
0.00100753 -0.0924242 7.2312e-05
 0.00100639  -0.0925687 7.19642e-05
 0.00100427  -0.0927116 7.16248e-05
 0.00100099  -0.0928538 7.13185e-05
0.000996636  -0.0929944 7.10493e-05
0.000993344  -0.0931339 7.07688e-05
0.000989643  -0.0932721  7.0497e-05
 0.00098514  -0.0934101 7.02532e-05
0.000980072  -0.0935467 7.00539e-05
0.000975041   -0.093683 6.99128e-05
0.000970197   -0.093818 6.98068e-05
0.000964315  -0.0939522  6.9739e-05
0.000958832  -0.0940848 6.97074e-05
0.000952853  -0.0942167 6.96902e-05
 0.00094681  -0.0943466 6.96768e-05
0.000939786  -0.0944757 6.96688e-05
0.000933111  -0.0946026 6.96753e-05
0.000926329   -0.094728  6.9723e-05
0.000919568  -0.0948513 6.97928e-05
0.000915171  -0.0949729 6.98452e-05
 0.00091038  -0.0950926 6.99261e-05
0.000906024  -0.0952109 7.00235e-05
0.000902407  -0.0953277 7.01999e-05
0.000900876   -0.095443 7.03729e-05
 0.00089975  -0.0955565 7.05612e-05
 0.00090024  -0.0956686 7.07286e-05
0.000900774  -0.0957792 7.08947e-05
0.000901965   -0.095888 7.10645e-05
 0.00090303   -0.095994 7.12218e-05
0.000905638  -0.0960981 7.13047e-05
0.000908595  -0.0962007 7.13579e-05
0.000910958  -0.0963027 7.13377e-05
0.000912511  -0.0964023 7.13175e-05
0.000914699  -0.0964998 7.12844e-05
0.000917454  -0.0965956 7.12626e-05
0.000919709  -0.0966902 7.12617e-05
0.000922275  -0.0967832 7.12817e-05
0.000925045  -0.0968753 7.12932e-05
0.000926824  -0.0969661 7.12882e-05
0.000927154  -0.0970566   7.127e-05
0.000927601  -0.0971458  7.1245e-05
0.000926688  -0.0972341 7.12145e-05
0.000925597  -0.0973208 7.11882e-05
0.000926272  -0.0974058 7.11838e-05
0.000926362  -0.0974886 7.11699e-05
0.000926015  -0.0975695 7.11249e-05
0.000925729  -0.0976481 7.11163e-05
0.000923917   -0.097725 7.11134e-05
0.000921812  -0.0977996 7.11231e-05
0.000919749  -0.0978725 7.11425e-05
0.000917217  -0.0979441 7.11603e-05
0.000914139  -0.0980143 7.11493e-05
0.000911148  -0.0980815 7.11828e-05
0.000908443  -0.0981469 7.12428e-05
 0.00090537  -0.0982089 7.13399e-05
0.000902253  -0.0982685 7.14717e-05
0.000900117  -0.0983251 7.16079e-05
0.000897426  -0.0983793 7.17287e-05
0.000895054  -0.0984313 7.18409e-05
0.000890755  -0.0984818 7.19905e-05
0.000886455  -0.0985303 7.21231e-05
0.000881627  -0.0985776 7.22816e-05
0.000876271  -0.0986232 7.24053e-05
0.000870751  -0.0986675 7.25248e-05
0.000865638  -0.0987099 7.26354e-05
0.000860744   -0.098751 7.27334e-05
0.000856482  -0.0987907 7.28236e-05
0.000852614  -0.0988294 7.29007e-05
0.000849506  -0.0988671 7.29736e-05
0.000846835  -0.0989041 7.30201e-05
0.000845018  -0.0989402 7.30762e-05
0.000843425  -0.0989759 7.31247e-05
0.000842295  -0.0990108 7.31792e-05
0.00084185 -0.0990454 7.3228e-05
0.000841902  -0.0990799 7.32788e-05
0.000842657  -0.0991143 7.33372e-05
0.000843316   -0.099148 7.34181e-05
0.000844819  -0.0991816 7.35064e-05
0.000845767  -0.0992151 7.36007e-05
0.000847761  -0.0992484 7.37128e-05
0.000849649  -0.0992814 7.38476e-05
 0.00085103  -0.0993144 7.40116e-05
0.000852026  -0.0993466 7.42107e-05
0.000853685  -0.0993777 7.44221e-05
0.000855297  -0.0994077 7.46622e-05
0.000856927  -0.0994368 7.49267e-05
0.000857593  -0.0994652 7.51922e-05
0.000857375  -0.0994928 7.55088e-05
0.000856926  -0.0995189 7.58597e-05
0.000856485  -0.0995436 7.62148e-05
0.000855385  -0.0995667 7.66007e-05
0.000854323  -0.0995887 7.69908e-05
0.000852444  -0.0996092 7.74007e-05
0.000850607  -0.0996282 7.78182e-05
0.000848067  -0.0996457 7.82545e-05
0.000845536  -0.0996617  7.8679e-05
0.000842419  -0.0996764 7.91392e-05
 0.00083905  -0.0996899 7.95977e-05
 0.00083561  -0.0997021 8.00833e-05
0.000831967  -0.0997131 8.05544e-05
0.000828813  -0.0997227 8.10271e-05
0.000825652  -0.0997314 8.14881e-05
0.000822616   -0.099739 8.19758e-05
0.000819254  -0.0997453  8.2453e-05
 0.00081641  -0.0997505 8.29365e-05
0.000814209  -0.0997543 8.33959e-05
0.000811768  -0.0997574 8.38762e-05
0.000809885  -0.0997593 8.43287e-05
0.000808069  -0.0997603 8.47718e-05
0.000805944  -0.0997607 8.51964e-05
0.000803635  -0.0997602 8.56305e-05
0.000801595   -0.099759  8.6049e-05
 0.00079933  -0.0997573 8.64861e-05
0.000797398   -0.099755 8.69116e-05
0.000795568  -0.0997525 8.73443e-05
0.000793772  -0.0997496 8.77653e-05
 0.00079252  -0.0997464 8.81887e-05
0.000790463   -0.099743 8.85734e-05
0.000789501  -0.0997395 8.89712e-05
0.000787764   -0.099736 8.93303e-05
0.000786117  -0.0997325  8.9708e-05
0.000784586  -0.0997283 9.00648e-05
0.000783482  -0.0997239 9.04371e-05
0.000783333  -0.0997191 9.08067e-05
 0.00078315   -0.099714 9.11891e-05
0.000783202  -0.0997085 9.15541e-05
0.000784322  -0.0997028 9.19045e-05
0.000785027  -0.0996967 9.22346e-05
0.000787264  -0.0996906 9.25434e-05
0.000788248  -0.0996841 9.28288e-05
  0.0007889  -0.0996774 9.31329e-05
0.000788513  -0.0996707 9.34256e-05
0.000787912  -0.0996646  9.3756e-05
0.000786706  -0.0996588 9.40724e-05
0.000785406  -0.0996532 9.43953e-05
0.000783999  -0.0996476 9.47164e-05
0.000782546  -0.0996422 9.50487e-05
0.000780711  -0.0996367 9.53726e-05
0.000778713  -0.0996315 9.57126e-05
0.000776122  -0.0996264 9.60497e-05
0.000773111  -0.0996214 9.63877e-05
0.000769423  -0.0996165 9.67044e-05
0.000765704   -0.099612 9.70509e-05
0.000761525  -0.0996075 9.73835e-05
0.000757357  -0.0996037 9.77439e-05
0.000753663  -0.0996002 9.81117e-05
 0.00074944   -0.099597 9.84824e-05
0.000745621  -0.0995941 9.88501e-05
0.000741551  -0.0995917 9.92228e-05
0.000738084  -0.0995897 9.95919e-05
0.000734432  -0.0995883 9.99612e-05
0.00073016 -0.0995875 0.00010031
0.000726008  -0.0995876 0.000100655
0.000721488  -0.0995883 0.000100968
0.000717889  -0.0995899 0.000101282
0.000714383  -0.0995923 0.000101595
0.000710925  -0.0995958 0.000101896
 0.00070818     -0.0996 0.000102197
0.000706125  -0.0996051 0.000102484
0.000705135  -0.0996108 0.000102782
0.000704576  -0.0996174 0.000103068
0.000703705  -0.0996247 0.000103316
 0.00070243  -0.0996325 0.000103545
0.000701335  -0.0996408 0.000103755
 0.00070034  -0.0996495 0.000103961
0.000699923  -0.0996584 0.000104162
0.000699668  -0.0996676 0.000104364
0.00069934 -0.0996765 0.00010454
  0.0006995  -0.0996853 0.000104709
0.000699724  -0.0996938 0.000104866
0.000700018  -0.0997018 0.000105022
 0.00070094  -0.0997094 0.000105176
 0.00070189  -0.0997165 0.000105346
 0.00070266  -0.0997231 0.000105509
0.000703301  -0.0997292 0.000105683
0.000703549  -0.0997349 0.000105845
0.000704145  -0.0997401 0.000106014
0.000704237  -0.0997449 0.000106171
0.000704448  -0.0997492 0.000106348
0.000704807   -0.099753 0.000106505
0.000704469   -0.099756 0.000106648
0.000704455   -0.099758 0.000106774
0.000704183  -0.0997591 0.000106895
0.000703572  -0.0997594 0.000106997
0.000702163   -0.099759 0.000107093
0.000700823  -0.0997581 0.000107162
0.000699443  -0.0997566 0.000107223
0.000698136  -0.0997547 0.000107263
 0.00069632  -0.0997524 0.000107301
0.000694786  -0.0997496 0.000107327
0.000693134  -0.0997464 0.000107346
0.000691602  -0.0997429 0.000107353
0.000689669  -0.0997393 0.000107354
0.000687861  -0.0997355 0.000107328
0.000685675  -0.0997319 0.000107295
0.000683343  -0.0997284 0.000107236
 0.00068134  -0.0997251 0.000107172
0.000679433  -0.0997218 0.000107087
0.000677052  -0.0997185 0.000106995
0.000674294  -0.0997154 0.000106871
0.000671409  -0.0997125 0.000106759
0.000668769  -0.0997102 0.000106654
0.000666718  -0.0997085 0.000106566
0.000664727  -0.0997072 0.000106477
0.000662557  -0.0997062  0.00010638
 0.00066115  -0.0997055 0.000106278
0.000659562  -0.0997055 0.000106169
0.000657761  -0.0997063 0.000106039
0.000655185  -0.0997078 0.000105907
0.000653129    -0.09971  0.00010577
0.000650943  -0.0997129 0.000105638
0.000648653  -0.0997166 0.000105497
0.000646965  -0.0997211 0.000105374
0.000645408  -0.0997263 0.000105249
0.000644145  -0.0997322 0.000105142
0.000642914  -0.0997386 0.000105023
0.000641874  -0.0997455 0.000104916
0.000640969  -0.0997527 0.000104813
 0.00063962  -0.0997601 0.000104719
 0.00063835  -0.0997679 0.000104626
0.000637106   -0.099776 0.000104552
0.000635897  -0.0997843 0.000104478
0.000635114  -0.0997926 0.000104431
 0.00063414  -0.0998012 0.000104378
0.000632975  -0.0998096 0.000104327
0.000631746  -0.0998174 0.000104281
0.000630724  -0.0998248 0.000104247
0.000629555  -0.0998315 0.000104219
 0.00062861  -0.0998377 0.000104206
0.000627563  -0.0998434 0.000104189
0.000626581  -0.0998485 0.000104184
0.000625708  -0.0998529 0.000104177
0.000624886  -0.0998565 0.000104174
0.000624071  -0.0998593 0.000104168
0.000622943  -0.0998614 0.000104163
0.000622059  -0.0998624 0.000104159
0.000620966  -0.0998624 0.000104163
0.000620274  -0.0998614 0.000104163
0.000619322  -0.0998595  0.00010416
