1.83563e-10 4.37272e-39 2.62363e-38
-0.000336488  -0.00154775  0.000270568
-0.000274701  -0.00305358  0.000230535
-0.00045156 -0.00514487 0.000173595
-0.000536924  -0.00745475 -6.06643e-05
-0.000908401   -0.0104095 -0.000213928
 -0.00117952   -0.0143543 -0.000259999
 -0.00102226   -0.0188798 -0.000347553
 -0.00060785   -0.0233249 -0.000510274
 0.000223733   -0.0285941 -0.000660085
 0.000960136   -0.0335611 -0.000652721
  0.00145611   -0.0390285 -0.000626494
  0.00217307   -0.0450457 -0.000629542
  0.00390152   -0.0512694 -0.000697883
  0.00561733   -0.0570545 -0.000707907
  0.00746519   -0.0630756 -0.000874552
  0.00941278   -0.0685281 -0.000960334
  0.0111416  -0.0731045 -0.00109142
  0.0127095  -0.0777992 -0.00127137
  0.0141835  -0.0823621 -0.00157892
    0.01569  -0.0860366 -0.00197132
  0.0172586  -0.0886781 -0.00215559
  0.0187785  -0.0912851 -0.00233211
   0.020225  -0.0933181 -0.00248206
   0.021441  -0.0947488 -0.00280747
  0.0225211  -0.0960328 -0.00322023
  0.0232411  -0.0970289 -0.00351563
  0.0237117  -0.0974641 -0.00390433
  0.0237961  -0.0976723 -0.00444245
  0.0234023  -0.0974357 -0.00501197
  0.0225964  -0.0975721 -0.00570206
   0.021273  -0.0977802 -0.00637137
  0.0194833  -0.0979318 -0.00710344
  0.0173021  -0.0980311 -0.00779273
   0.014995  -0.0974504 -0.00844711
  0.0125706  -0.0970091 -0.00902978
  0.0100178  -0.0972553 -0.00946511
0.00728355 -0.0968939 -0.0100146
0.00440333 -0.0964899 -0.0105079
0.00128292 -0.0962763 -0.0111164
-0.00194173  -0.0953019   -0.011609
-0.00530919  -0.0952378  -0.0122577
-0.00885213  -0.0959521  -0.0129166
-0.0124626 -0.0968714 -0.0136548
-0.0161073  -0.097755 -0.0143892
-0.0197863 -0.0989697 -0.0151696
-0.0233643  -0.100289 -0.0159311
-0.0270287   -0.10116 -0.0167681
-0.0308526  -0.102837 -0.0176173
-0.0346798  -0.103731 -0.0185015
-0.0385116  -0.106099 -0.0194269
-0.0422528  -0.108995  -0.020356
-0.0457495  -0.110991 -0.0211446
-0.048975  -0.11331 -0.021953
-0.0517533  -0.115332 -0.0226832
-0.0541696   -0.11747 -0.0233543
-0.0565622  -0.119832 -0.0239336
-0.0587711  -0.122827 -0.0245435
-0.0605897   -0.12556 -0.0249497
 -0.062276  -0.128371 -0.0254941
-0.0639546  -0.131212 -0.0261551
-0.0656745  -0.133718 -0.0268887
-0.0672403  -0.136129 -0.0274285
-0.0689334   -0.13805 -0.0279259
-0.0705889      -0.14 -0.0283958
-0.0723943  -0.141647 -0.0291025
 -0.074405  -0.142468 -0.0298953
-0.0766571  -0.143408 -0.0305522
  -0.07886  -0.143318 -0.0313865
-0.0811473  -0.143615 -0.0319085
-0.0836897  -0.143298 -0.0327559
-0.0865045  -0.143367 -0.0335692
-0.0892997   -0.14387 -0.0344575
-0.0919048  -0.144365 -0.0355116
 -0.094304  -0.144991 -0.0366022
-0.0964563  -0.146071 -0.0380345
-0.0981143  -0.146517 -0.0392019
-0.0993543  -0.148428 -0.0405143
-0.100005 -0.150252 -0.041842
 -0.100158  -0.152645 -0.0430188
-0.0996137  -0.154456 -0.0441996
-0.0987543  -0.156674 -0.0454425
-0.0975804  -0.157985 -0.0466904
-0.0961193  -0.160227 -0.0478449
-0.0946536  -0.163136  -0.048971
-0.0931414  -0.166024 -0.0498478
-0.091791 -0.170176 -0.050778
-0.0903479  -0.174028 -0.0512711
-0.0889408  -0.178504  -0.052112
-0.0871082   -0.18164 -0.0529927
-0.0854229  -0.183919 -0.0539542
-0.0836602  -0.185794 -0.0548956
-0.0826497   -0.18968 -0.0553216
-0.0823727  -0.193765 -0.0561843
-0.0825813   -0.19727 -0.0566958
 -0.082985  -0.198563 -0.0571376
-0.0839879  -0.200272 -0.0575725
-0.0852208  -0.199975 -0.0578145
-0.0869919  -0.199399 -0.0580278
-0.0897727  -0.200438 -0.0582002
-0.0928094  -0.199767 -0.0579849
-0.0964879  -0.200105 -0.0578902
 -0.100545  -0.197979 -0.0573146
 -0.105396  -0.196802 -0.0570084
-0.110432 -0.194057 -0.056294
 -0.116174  -0.191809 -0.0553092
 -0.121765  -0.188777 -0.0542518
 -0.126466  -0.183309 -0.0533051
 -0.131749  -0.179721 -0.0521464
-0.136656 -0.175298 -0.051003
 -0.141652  -0.171404 -0.0496215
 -0.146193  -0.166515 -0.0483582
  -0.1508 -0.162612 -0.046902
 -0.155597  -0.158144 -0.0459026
-0.161359 -0.154987 -0.044201
 -0.167103  -0.150922 -0.0424493
 -0.173455  -0.146944 -0.0401877
  -0.18082  -0.145431 -0.0383732
-0.188057 -0.142805 -0.036545
 -0.196057  -0.142344 -0.0347873
 -0.202909  -0.139817 -0.0329544
 -0.209119  -0.137732 -0.0311397
  -0.21452  -0.135335 -0.0290608
 -0.218292  -0.132323 -0.0272814
 -0.221271  -0.130689 -0.0250632
 -0.222795  -0.127722 -0.0236573
  -0.22281    -0.1248 -0.0218581
 -0.221167  -0.120832 -0.0208134
 -0.219083  -0.118056 -0.0197934
 -0.215918    -0.1154 -0.0186739
 -0.212108  -0.113145 -0.0177694
 -0.207276  -0.110457 -0.0165111
 -0.201952  -0.108847 -0.0158395
 -0.197061  -0.108401 -0.0147906
-0.192585 -0.109354 -0.014057
 -0.188644  -0.110941 -0.0126715
 -0.184881  -0.112491 -0.0116919
-0.181457 -0.114389 -0.010669
  -0.178231   -0.116724 -0.00961109
  -0.175689   -0.119954 -0.00868848
  -0.173922   -0.124305 -0.00721317
  -0.172446   -0.128528 -0.00611058
  -0.171131    -0.13127 -0.00457873
  -0.171044   -0.134365 -0.00389227
  -0.171509   -0.137305 -0.00280575
  -0.173677   -0.141126 -0.00262569
  -0.176381   -0.144901 -0.00185106
  -0.179082   -0.147743 -0.00145921
   -0.18353   -0.152474 -0.00184101
  -0.187684   -0.155823 -0.00246276
   -0.19119   -0.157401 -0.00262029
  -0.192835   -0.156184 -0.00242784
 -0.194617  -0.154849 -0.0017019
   -0.193614    -0.150179 -0.000983813
   -0.192789    -0.146019 -0.000295542
 -0.190108  -0.138782 0.00104329
 -0.184956  -0.127943 0.00273281
 -0.181747  -0.118199 0.00429393
   -0.1786  -0.107325 0.00597517
 -0.177319 -0.0968164 0.00746598
 -0.176163 -0.0851519 0.00894866
 -0.177557 -0.0739449  0.0101956
 -0.180513 -0.0634887  0.0106887
 -0.184258 -0.0519005   0.010431
 -0.187702 -0.0397513  0.0106218
 -0.191265 -0.0278494  0.0103585
  -0.19526 -0.0162505  0.0104731
  -0.200549 -0.00618152   0.0102785
 -0.205807 0.00326826   0.010658
-0.211622 0.0115389  0.010523
-0.217304 0.0203623 0.0106294
 -0.224449  0.0267351 0.00993363
-0.230927 0.0333789 0.0099574
 -0.236721  0.0394346 0.00925523
  -0.24275   0.044938 0.00898021
 -0.245345  0.0522284 0.00861622
 -0.249039  0.0576602 0.00880289
 -0.250339  0.0631688 0.00841428
  -0.25054  0.0669078 0.00881574
 -0.247509    0.07118 0.00867609
 -0.244301  0.0734307 0.00906143
 -0.240214  0.0747061 0.00962139
-0.235348 0.0749123  0.010182
-0.230691 0.0739616 0.0107019
-0.225826 0.0729291 0.0115892
-0.223152 0.0689128 0.0120588
-0.219584 0.0647942 0.0128995
-0.215502 0.0598922 0.0131315
-0.213057 0.0531465 0.0131396
-0.210277 0.0468244 0.0128299
-0.209773 0.0380304 0.0126447
-0.206647 0.0302399 0.0126822
-0.203817 0.0217619 0.0129697
-0.197674 0.0159791 0.0134243
 -0.193029 0.00946905  0.0138851
 -0.186559 0.00511576  0.0143678
  -0.182999 0.000645506   0.0147804
 -0.180296 -0.0036861  0.0150419
   -0.17824 -0.00713227   0.0153564
  -0.173922 -0.00795438   0.0160725
  -0.170771 -0.00817891   0.0159231
  -0.168059 -0.00644365   0.0157736
  -0.166996 -0.00337091   0.0153558
  -0.166994 0.000709997   0.0144581
 -0.167099 0.00646654  0.0130992
-0.166948 0.0134822 0.0115063
 -0.166866  0.0206574 0.00975055
 -0.164617  0.0289982 0.00802173
 -0.163246  0.0357663 0.00582846
 -0.160254  0.0429955 0.00413402
 -0.157561  0.0488153 0.00250102
  -0.154682   0.0542946 0.000704584
  -0.151303   0.0594737 -0.00109061
  -0.145843   0.0657442 -0.00292047
 -0.140771  0.0713363 -0.0049288
  -0.136161   0.0770434 -0.00693036
  -0.133939   0.0821367 -0.00871441
-0.132381 0.0870427 -0.010307
  -0.13081  0.0920741 -0.0119995
 -0.129645  0.0967846 -0.0137064
 -0.128948   0.100637 -0.0158068
-0.126254  0.105966 -0.017988
 -0.125572   0.109997 -0.0204511
 -0.124045   0.113821 -0.0229426
 -0.121314     0.1172 -0.0255841
 -0.118334   0.119788 -0.0281601
 -0.117103   0.121131 -0.0309031
 -0.115733   0.122252 -0.0341176
 -0.115075   0.122919 -0.0369065
 -0.114936   0.123227 -0.0395115
 -0.113878   0.124191 -0.0418039
 -0.114794   0.124591 -0.0442506
-0.115888  0.124521 -0.046158
 -0.116585   0.124343 -0.0479017
 -0.117614   0.123241 -0.0494924
-0.117198  0.122103 -0.051153
 -0.116306   0.121022 -0.0523129
 -0.116581   0.120162 -0.0532693
 -0.117672   0.119471 -0.0544268
 -0.118048    0.11991 -0.0551235
 -0.116283   0.122297 -0.0554164
 -0.114455   0.124293 -0.0554166
-0.112661  0.126132  -0.05608
 -0.111643   0.126773 -0.0565334
-0.109813  0.127175 -0.057747
 -0.106464   0.128223 -0.0589374
-0.103551  0.129195 -0.059956
-0.0996458   0.130102 -0.0610139
-0.0965897    0.12969 -0.0624923
-0.0913532   0.128561 -0.0636814
-0.0869454   0.127292 -0.0646773
-0.0810807   0.126609  -0.065446
-0.0765197   0.126065 -0.0661434
-0.0714533   0.126436 -0.0666882
-0.0670393   0.127243 -0.0672596
 -0.063741   0.128851 -0.0677715
-0.0599563   0.131996 -0.0684432
-0.0562976   0.135718 -0.0684268
-0.0528903   0.140249 -0.0678568
-0.0517596   0.144141  -0.067277
-0.0501248   0.147689 -0.0668665
-0.0484424   0.151277 -0.0666945
-0.0465758   0.154463 -0.0669724
-0.0452499   0.156382 -0.0672424
-0.0431337    0.15846 -0.0676658
-0.0434211   0.159938 -0.0676787
-0.0430969   0.161685 -0.0675211
-0.0437454   0.162633 -0.0672985
-0.0433048   0.162915 -0.0670857
-0.0446017   0.162036 -0.0667285
 -0.044525   0.160634 -0.0663183
-0.0455634   0.157559 -0.0656264
-0.0458303   0.153936 -0.0649595
-0.0456754   0.150197 -0.0637254
-0.0452774   0.146215 -0.0622218
-0.0457941   0.142072 -0.0601863
-0.0465205   0.137696 -0.0584145
-0.0472529   0.133417  -0.056582
-0.0480427   0.130409 -0.0547796
-0.0496858   0.126974 -0.0531083
-0.0508172   0.123932 -0.0517273
-0.0514638   0.121722 -0.0504422
-0.0526269   0.120316 -0.0494138
-0.0544442   0.120639 -0.0485317
-0.0565697   0.122024 -0.0475544
-0.0588444   0.124217 -0.0462724
-0.0605867   0.126928 -0.0451422
-0.0620601   0.129816 -0.0439622
-0.0635272   0.133058  -0.042957
-0.0642586   0.136077 -0.0419976
-0.0645876   0.139346 -0.0411932
-0.0642991    0.14249 -0.0403541
-0.0637879    0.14628  -0.039858
-0.0626719   0.150863 -0.0394158
-0.0613669   0.155816 -0.0392112
-0.0598791   0.161391 -0.0389918
-0.0572557   0.167951  -0.038485
-0.0555109   0.174566 -0.0379112
-0.0525571   0.181372 -0.0372159
-0.0501665   0.188384 -0.0366443
 -0.048141   0.195471 -0.0362238
-0.0461929   0.201539 -0.0359311
-0.0433642   0.206888 -0.0356505
-0.0403287   0.211861 -0.0355966
-0.0368687   0.215993 -0.0355929
-0.0341954   0.219499 -0.0353098
-0.0312993   0.222828 -0.0350778
-0.0286141   0.226551 -0.0349038
-0.0259927   0.230856  -0.034737
-0.0233289   0.234581 -0.0348565
-0.0207174   0.237093  -0.035019
-0.0187692   0.238104  -0.035316
 -0.016491   0.239387 -0.0355389
-0.0151186   0.241201  -0.035924
-0.0144849   0.243456 -0.0365301
-0.0144053   0.245281 -0.0374278
-0.0153708   0.246313 -0.0384188
 -0.016527   0.247391 -0.0394181
-0.0183753   0.248502 -0.0404074
-0.0201469   0.249349 -0.0415251
-0.0212914    0.24955  -0.042762
-0.0228196   0.249281 -0.0441033
-0.0245617   0.248609 -0.0455398
-0.0260625   0.247654 -0.0466973
-0.0271676   0.246116 -0.0479548
-0.0284082   0.244049 -0.0492195
-0.0298826   0.241862 -0.0503661
-0.0313389   0.239493 -0.0515071
-0.0333752   0.237145 -0.0524105
-0.0347172   0.235238 -0.0530902
-0.0370593   0.232868 -0.0537535
-0.0389804   0.230646  -0.054378
-0.0400562   0.228805 -0.0547296
-0.0419485   0.227541 -0.0547998
-0.0430359   0.226978  -0.054634
-0.0439811   0.227541 -0.0542316
-0.0449267   0.228946 -0.0537881
-0.0433107   0.231987 -0.0536285
-0.0419086   0.234738 -0.0531723
-0.0408599   0.237247 -0.0526154
-0.0400346   0.239582 -0.0520094
-0.0389682   0.241998  -0.051488
-0.0378734   0.244786 -0.0510684
-0.0365449   0.248501 -0.0507391
-0.0355459   0.252958 -0.0505005
-0.0346648   0.258039 -0.0505057
-0.0337434    0.26417  -0.050371
-0.0334884   0.269823 -0.0502695
-0.0327861   0.274808 -0.0503537
-0.0315571   0.279805 -0.0504656
-0.0304427   0.284491 -0.0505202
-0.0285006   0.289092 -0.0503826
-0.0260364   0.293845 -0.0501214
-0.0243986   0.297454 -0.0498484
-0.0225518    0.30024 -0.0495706
-0.021425  0.302475 -0.049189
-0.0197409   0.303411 -0.0490755
-0.0186029   0.303502 -0.0489149
-0.0171589   0.303124  -0.048783
-0.0160294    0.30162 -0.0485379
-0.0159058   0.299335 -0.0481091
-0.0154144   0.296602 -0.0476401
-0.0159262   0.293473 -0.0472433
-0.0162073    0.29074  -0.047056
-0.0172217   0.287957 -0.0469168
-0.0178643   0.284213 -0.0465882
-0.0180876    0.27965 -0.0461541
-0.0180365   0.274817  -0.045881
-0.0196295   0.269996 -0.0456027
-0.0206584   0.265019 -0.0454969
-0.0221186   0.260137 -0.0453471
-0.0230846   0.255801 -0.0452468
-0.0240854   0.252015 -0.0452099
-0.0243162   0.248795 -0.0453634
-0.0240927   0.245509 -0.0455672
-0.0238669    0.24299 -0.0458854
-0.0233882   0.241598 -0.0462934
  -0.02319   0.241709 -0.0466064
-0.0220131   0.243836 -0.0468165
  -0.02114   0.247236 -0.0468028
-0.0204994   0.251201 -0.0468557
-0.0203234   0.255443 -0.0469951
-0.0197998   0.259647 -0.0473706
-0.0189185    0.26432 -0.0478544
-0.0185301   0.268427 -0.0480205
-0.0182211   0.271998 -0.0481567
-0.0176514   0.274547 -0.0481019
-0.0165806   0.276529 -0.0480059
-0.0157544    0.27792 -0.0478592
-0.0151094   0.278783 -0.0478374
 -0.014722   0.279168 -0.0473677
-0.0145057   0.278828  -0.046809
-0.0136954   0.278354  -0.046049
-0.0131281   0.277773 -0.0451959
-0.0131757    0.27681 -0.0443994
-0.0133156   0.275748 -0.0439036
-0.0134337   0.274666 -0.0436717
-0.0133489   0.273512 -0.0438042
-0.0129057    0.27283 -0.0441464
-0.0122891   0.272058 -0.0446385
-0.0115428   0.271525 -0.0452676
-0.0116421   0.271323   -0.04601
-0.0107606   0.271399 -0.0468781
-0.0112331   0.271969 -0.0477675
-0.0112012   0.273032  -0.048773
-0.0118678   0.275038 -0.0498245
-0.0117621   0.278601 -0.0510428
-0.0134217   0.283115 -0.0524399
-0.0145883   0.287207 -0.0536867
-0.0154963   0.290288 -0.0544504
-0.0164861   0.292269 -0.0550899
-0.0155202   0.293593 -0.0554379
-0.0148842   0.294464 -0.0556773
-0.0125355   0.295191 -0.0558671
-0.0112577   0.294942 -0.0562567
-0.0097735   0.293804 -0.0560845
-0.00861903    0.291631  -0.0557858
-0.00604834    0.289311  -0.0549804
-0.00365552     0.28701  -0.0539937
-0.00149497    0.284985  -0.0528019
0.000637194    0.283358  -0.0514569
0.00390465   0.281445 -0.0502025
0.00656853   0.279255 -0.0490523
0.00982966    0.27645 -0.0476288
 0.0120023   0.272611 -0.0463061
 0.0141675   0.268581 -0.0450233
 0.0159092   0.264586 -0.0439074
 0.0166648   0.261167 -0.0427942
 0.0171259   0.258207 -0.0415574
 0.0169223   0.256256 -0.0401806
 0.0170306   0.255729 -0.0386833
 0.0140934   0.256137 -0.0372146
 0.0120019   0.257255 -0.0357597
0.00847114   0.259363 -0.0346244
0.00566205   0.261548 -0.0335484
0.00214929   0.263749 -0.0323259
-0.000965322     0.265392   -0.0310687
 -0.004349   0.266882 -0.0296347
-0.00734045    0.267556  -0.0282387
-0.0106817   0.267712 -0.0267094
-0.0133007   0.267362 -0.0251318
-0.0180353   0.266995 -0.0235335
-0.0216692    0.26578 -0.0217524
-0.0261687   0.264673 -0.0196075
-0.0293479   0.262407 -0.0174605
-0.0318757   0.259708 -0.0153902
-0.0332988    0.25648 -0.0134976
-0.0334373   0.253515 -0.0116798
-0.0330916    0.25016 -0.0101401
 -0.0326964    0.247527 -0.00859362
 -0.0312088    0.244223 -0.00720229
 -0.0305202    0.241255 -0.00582055
 -0.0288732    0.238356 -0.00455455
 -0.0261605    0.236498 -0.00354541
 -0.0224982    0.234807 -0.00280839
 -0.0200586    0.233539 -0.00203196
 -0.0173222    0.232625 -0.00134122
  -0.0139139     0.233177 -0.000851565
  -0.0100981     0.233843 -0.000654896
  -0.0064912     0.235761 -0.000821457
-0.00323305    0.237876 -0.00118867
 0.00091079    0.240652 -0.00176462
 0.00447184    0.243287 -0.00252507
 0.00836614    0.246593 -0.00333533
  0.0121488    0.249348 -0.00412686
  0.0167381    0.252862 -0.00491214
  0.0207752    0.255435 -0.00574697
   0.024739     0.25801 -0.00679019
 0.0285056   0.259935 -0.0079159
  0.0297598    0.261636 -0.00888283
  0.0313541    0.263003 -0.00997821
   0.03245   0.264315 -0.0111252
 0.0327684   0.265719 -0.0126947
 0.0310085    0.26706 -0.0141662
0.0289332  0.268154 -0.015658
 0.0253552   0.269325 -0.0169518
 0.0219039   0.270479 -0.0181743
 0.0179627   0.271251 -0.0193563
0.0143321  0.270765 -0.020401
0.00934129   0.269987 -0.0209477
0.00423754   0.269182 -0.0212833
-4.03062e-05     0.269458   -0.0211542
-0.00331412    0.268681  -0.0210273
-0.00706571    0.267488  -0.0208263
-0.0112057   0.266047 -0.0207012
-0.014658  0.265096 -0.020707
-0.0182576   0.264038 -0.0208415
-0.0218938   0.263553 -0.0209196
-0.0243788   0.263312 -0.0208944
-0.0253111   0.264245 -0.0207927
-0.0263149   0.265265 -0.0206516
-0.0259231   0.266908 -0.0204833
 -0.025371   0.268209 -0.0203483
-0.0265962   0.269353 -0.0203512
-0.0271829   0.269542 -0.0202929
-0.0273083   0.269316 -0.0200496
-0.0274886   0.268324 -0.0200356
-0.0261447   0.267001 -0.0200539
-0.0245705   0.264858 -0.0201461
-0.0231092   0.262643 -0.0202951
-0.0212478   0.260542 -0.0204323
-0.0189283   0.258454 -0.0203918
-0.0167997   0.254942 -0.0206236
-0.0150514   0.251185 -0.0210068
-0.0130156   0.245509 -0.0215947
-0.0110262   0.239093 -0.0223657
-0.0101007   0.231413 -0.0231287
-0.00866358    0.222881  -0.0237633
-0.00760652     0.21396  -0.0243166
 -0.004683   0.205213 -0.0250719
-0.00188871    0.196244  -0.0256912
0.00130341   0.187739 -0.0264402
0.00487781   0.179179 -0.0269473
0.00845358   0.170931 -0.0274072
 0.0114664   0.162519 -0.0277942
 0.0141287   0.154448 -0.0280903
  0.016046   0.146507 -0.0283277
 0.0174894   0.139216 -0.0284775
 0.0181168   0.132378 -0.0285973
 0.0182858   0.126427 -0.0285553
 0.0176057   0.120953 -0.0285746
0.0167385  0.116573 -0.028551
 0.0154561   0.112678 -0.0285672
  0.013558   0.109888 -0.0285507
 0.0112573   0.108179 -0.0285481
0.00836782   0.107546  -0.028593
0.00571057   0.107356 -0.0287727
0.00234028   0.108243 -0.0289889
-0.000320689     0.109972   -0.0292329
-0.00389552    0.112499  -0.0295739
-0.00719821    0.115676  -0.0300374
-0.0098441   0.119697 -0.0306564
-0.0119851    0.12374 -0.0314601
-0.014684    0.1275 -0.032301
-0.0172105   0.131006 -0.0332757
-0.0196375   0.134445 -0.0343536
 -0.020995   0.137925 -0.0353906
-0.0214129    0.14148   -0.03669
 -0.021581   0.144247 -0.0381383
 -0.021747   0.146335 -0.0395492
-0.0212519   0.147759 -0.0410823
-0.0208147   0.148784 -0.0425745
-0.0195862   0.149168 -0.0441199
-0.0184542   0.148967 -0.0456425
-0.0166756   0.148035 -0.0472119
-0.0149849   0.146455 -0.0486417
-0.0127889   0.144407 -0.0502248
-0.0104404   0.142051 -0.0517282
-0.00812784    0.139263  -0.0533302
-0.00571755    0.136156  -0.0547743
-0.00390033    0.132547  -0.0561659
-0.0021556   0.128877 -0.0574276
-0.000613391     0.124898    -0.058796
0.00118585   0.120546 -0.0600416
0.00239091   0.115812 -0.0612714
0.00290634   0.110639 -0.0623036
0.00363901   0.105493 -0.0634204
0.00378811   0.100033 -0.0643228
0.00386796  0.0944829 -0.0651322
0.00425304  0.0890313 -0.0657969
0.00480689  0.0835041 -0.0664934
 0.0050716  0.0780233 -0.0670675
0.00555126  0.0727715 -0.0677306
0.00568111  0.0675234 -0.0682988
0.00570783  0.0627737 -0.0688876
0.00570338  0.0582399 -0.0693834
 0.0051627  0.0540072 -0.0698749
0.00544851  0.0500607 -0.0701172
0.00463808  0.0466075 -0.0704319
0.00463698  0.0435567 -0.0705028
0.00454953  0.0408142 -0.0706869
0.00435541  0.0379125 -0.0707424
0.00374911  0.0350267 -0.0708941
0.00222652  0.0321385 -0.0710275
0.000809579    0.029282  -0.0712374
-0.000772675    0.0263491   -0.0713391
-0.00333838    0.023399  -0.0713537
-0.00537358   0.0203251   -0.071249
-0.00883251   0.0174027  -0.0710254
-0.0108884  0.0142583 -0.0706771
-0.0125186  0.0111194 -0.0704616
-0.0130411 0.00813608 -0.0701934
-0.0133256 0.00579158  -0.070172
-0.0129946 0.00378517 -0.0700718
-0.0125843 0.00200714 -0.0700176
 -0.0120842 0.000241606  -0.0699584
 -0.0115606 -0.00148847  -0.0699737
 -0.0106797 -0.00332411  -0.0699406
-0.00967506 -0.00508964  -0.0700097
-0.00812623 -0.00687647   -0.070062
-0.00622963 -0.00868336  -0.0701233
-0.00374586  -0.0107165  -0.0700584
-0.00134296  -0.0124777  -0.0701791
0.00141049 -0.0144978 -0.0702128
0.00402837 -0.0162111 -0.0704161
0.00606037 -0.0179582 -0.0706579
0.00852633 -0.0197168 -0.0709112
 0.0104832 -0.0215989 -0.0711398
 0.0126025  -0.023379 -0.0713948
 0.0140311 -0.0252712 -0.0716238
 0.0155807 -0.0270141 -0.0718514
 0.0176795 -0.0272735 -0.0719536
 0.0195675 -0.0266347 -0.0720237
 0.0217376 -0.0254864 -0.0719091
 0.0228998 -0.0234747 -0.0718069
 0.0239214 -0.0207498 -0.0717041
 0.0248533 -0.0171075 -0.0715469
   0.02504 -0.0128335 -0.0713983
  0.0245375 -0.00793429  -0.0711762
  0.0230073 -0.00268932  -0.0710447
 0.0211228 0.00329266 -0.0708443
 0.0196391 0.00957916 -0.0704345
 0.0186288  0.0162085 -0.0699377
 0.0174905  0.0229143 -0.0693523
 0.0163097  0.0297896 -0.0687711
 0.0146123  0.0365538 -0.0681997
 0.0128364  0.0432642 -0.0676673
  0.011218  0.0494656 -0.0670091
0.00919276  0.0552334 -0.0663423
0.00720052  0.0604181 -0.0656346
0.00523359  0.0649283  -0.064966
0.00273596  0.0687881 -0.0643155
0.000327206   0.0720053  -0.0637953
-0.0017893  0.0745948 -0.0632634
-0.0036783  0.0765856 -0.0628258
-0.00508896   0.0780793  -0.0623369
-0.00677846    0.078995  -0.0619179
-0.00788794   0.0794778  -0.0614428
-0.00906301   0.0795031  -0.0611122
-0.0103298  0.0790178 -0.0606785
-0.0108447  0.0777569 -0.0601836
-0.0116568  0.0755563 -0.0596105
-0.0121733  0.0725991  -0.059034
-0.0123288  0.0689716 -0.0583728
-0.0116837  0.0648445 -0.0577114
-0.0111348  0.0603808 -0.0569181
-0.0105698  0.0555956 -0.0561147
-0.0101014  0.0505327 -0.0552204
-0.00914795   0.0453522  -0.0543596
-0.00851686   0.0399925  -0.0534671
-0.00779495    0.034454  -0.0525712
-0.00722372   0.0288109  -0.0516437
-0.00627866   0.0233706  -0.0507266
-0.00549895   0.0180494  -0.0496905
-0.00437861   0.0130779  -0.0486623
-0.00316142  0.00843983  -0.0475246
-0.00232453  0.00425246  -0.0464136
-0.00161933 0.000243427  -0.0452198
-0.000473709  -0.00349227   -0.0440492
 0.00099615 -0.00701925  -0.0427326
0.00252702 -0.0100294 -0.0415529
  0.003748 -0.0123767 -0.0404669
0.00433123 -0.0140398 -0.0395339
0.00483069 -0.0152647 -0.0386409
0.00548813  -0.016042 -0.0377379
0.00536065 -0.0165253 -0.0368484
0.00542249 -0.0162845 -0.0359607
 0.0056949 -0.0153453 -0.0349855
0.00672684 -0.0136953 -0.0340444
0.00719918 -0.0114112 -0.0331162
 0.00778222 -0.00855142  -0.0322643
  0.0084439 -0.00498683     -0.0314
   0.0084815 -0.000830711    -0.030676
0.00839084 0.00389762 -0.0299788
0.00801478 0.00896535 -0.0294153
0.00762806  0.0144535 -0.0288018
0.00707172  0.0200993 -0.0282951
0.00641047  0.0257555   -0.02783
0.00622369  0.0314296 -0.0274411
0.00596867  0.0372174 -0.0270754
0.00570319  0.0429884 -0.0268384
0.00541841  0.0487512 -0.0266135
0.00472603  0.0543147 -0.0265539
0.00425741  0.0598657 -0.0264662
0.00400328  0.0649396 -0.0263921
0.00382673  0.0692258 -0.0263484
0.00345558  0.0729088 -0.0263771
0.00324973  0.0757798 -0.0264393
0.00283351  0.0780241 -0.0265917
 0.0025396  0.0796632 -0.0267068
0.00219785   0.080651 -0.0268906
0.00176651  0.0808178 -0.0270477
0.00130602  0.0802455 -0.0272274
0.000862269   0.0790196   -0.027375
0.000752491   0.0770592  -0.0275197
0.000407307   0.0740721  -0.0276704
0.000287503   0.0702902  -0.0278523
-0.000222453    0.0656753   -0.0280024
-0.00044889   0.0604206  -0.0281317
