1.92727e-12 4.59135e-41 4.59135e-41
 1.93691e-12 -4.61806e-09  4.61431e-41
 1.94654e-12 -3.68521e-08  4.63726e-41
 1.95617e-12 -1.24064e-07  4.66021e-41
  1.9658e-12 -2.93341e-07  4.68314e-41
 1.97542e-12 -5.71494e-07  4.70606e-41
1.98504e-12 -9.8506e-07 4.72897e-41
1.99464e-12 -1.5603e-06 4.75185e-41
 2.00424e-12 -2.32322e-06  4.77471e-41
 2.01382e-12 -3.29952e-06  4.79754e-41
 2.02339e-12 -4.51466e-06  4.82034e-41
 2.03295e-12 -5.99382e-06  4.84311e-41
 2.04249e-12 -7.76192e-06  4.86584e-41
 2.05202e-12 -9.84359e-06  4.88852e-41
 2.06152e-12 -1.22632e-05  4.91117e-41
 2.07101e-12 -1.50449e-05  4.93377e-41
 2.08048e-12 -1.82125e-05  4.95631e-41
 2.08992e-12 -2.17896e-05  4.97881e-41
 2.09934e-12 -2.57996e-05  5.00125e-41
 2.10873e-12 -3.02654e-05  5.02363e-41
  2.1181e-12 -3.52099e-05  5.04595e-41
 2.12744e-12 -4.06556e-05   5.0682e-41
 2.13676e-12 -4.66248e-05  5.09039e-41
 2.14604e-12 -5.31395e-05   5.1125e-41
 2.15529e-12 -6.02214e-05  5.13454e-41
 2.16451e-12 -6.78922e-05  5.15651e-41
 2.1737e-12 -7.6173e-05 5.17839e-41
 2.18285e-12 -8.50848e-05  5.20019e-41
 2.19197e-12 -9.46484e-05  5.22191e-41
 2.20105e-12 -0.000104884  5.24354e-41
  2.2101e-12 -0.000115812  5.26509e-41
  2.2191e-12 -0.000127453  5.28653e-41
 2.22806e-12 -0.000139826  5.30789e-41
 2.23699e-12 -0.000152951  5.32914e-41
 2.24587e-12 -0.000166847   5.3503e-41
  2.2547e-12 -0.000181532  5.37135e-41
  2.2635e-12 -0.000197027   5.3923e-41
 2.27225e-12 -0.000213348  5.41314e-41
 2.28095e-12 -0.000230515  5.43386e-41
  2.2896e-12 -0.000248545  5.45448e-41
 2.29821e-12 -0.000267457  5.47498e-41
 2.30677e-12 -0.000287267  5.49536e-41
 2.31527e-12 -0.000307993  5.51563e-41
 2.32373e-12 -0.000329653  5.53577e-41
 2.33213e-12 -0.000352262  5.55579e-41
 2.34048e-12 -0.000375838  5.57568e-41
 2.34878e-12 -0.000400396  5.59544e-41
 2.35702e-12 -0.000425954  5.61507e-41
  2.3652e-12 -0.000452526  5.63457e-41
 2.37333e-12 -0.000480129  5.65393e-41
  2.3814e-12 -0.000508777  5.67315e-41
 2.38941e-12 -0.000538486  5.69224e-41
 2.39737e-12 -0.000569271  5.71119e-41
 2.40526e-12 -0.000601147  5.72999e-41
 2.41309e-12 -0.000634128  5.74864e-41
 2.42086e-12 -0.000668228  5.76715e-41
 2.42857e-12 -0.000703461  5.78551e-41
 2.43621e-12 -0.000739842  5.80372e-41
 2.44379e-12 -0.000777383  5.82178e-41
 2.45131e-12 -0.000816098  5.83968e-41
2.45875e-12   -0.000856 5.85742e-41
 2.46614e-12 -0.000897102  5.87501e-41
 2.47345e-12 -0.000939417  5.89243e-41
  2.4807e-12 -0.000982957   5.9097e-41
2.48788e-12 -0.00102773  5.9268e-41
2.49499e-12 -0.00107376 5.94373e-41
2.50203e-12 -0.00112105  5.9605e-41
2.50899e-12 -0.00116961  5.9771e-41
2.51589e-12 -0.00121945 5.99353e-41
2.52272e-12 -0.00127059 6.00978e-41
2.52947e-12 -0.00132304 6.02587e-41
2.53615e-12  -0.0013768 6.04178e-41
2.54275e-12 -0.00143189 6.05751e-41
2.54928e-12 -0.00148832 6.07307e-41
2.55574e-12 -0.00154609 6.08844e-41
2.56212e-12 -0.00160522 6.10364e-41
2.56842e-12 -0.00166572 6.11865e-41
2.57464e-12  -0.0017276 6.13348e-41
2.58079e-12 -0.00179086 6.14813e-41
2.58686e-12 -0.00185552 6.16259e-41
2.59285e-12 -0.00192158 6.17686e-41
2.59877e-12 -0.00198905 6.19094e-41
 2.6046e-12 -0.00205795 6.20483e-41
2.61035e-12 -0.00212827 6.21854e-41
2.61602e-12 -0.00220003 6.23205e-41
2.62161e-12 -0.00227323 6.24536e-41
2.62712e-12 -0.00234789 6.25848e-41
2.63255e-12 -0.00242401 6.27141e-41
2.63789e-12 -0.00250159 6.28414e-41
2.64315e-12 -0.00258065 6.29667e-41
2.64833e-12 -0.00266119   6.309e-41
2.65342e-12 -0.00274321 6.32113e-41
2.65843e-12 -0.00282673 6.33307e-41
2.66335e-12 -0.00291175 6.34479e-41
2.66819e-12 -0.00299828 6.35632e-41
2.67295e-12 -0.00308632 6.36764e-41
2.67761e-12 -0.00317587 6.37876e-41
2.68219e-12 -0.00326695 6.38967e-41
2.68669e-12 -0.00335956 6.40038e-41
2.69109e-12  -0.0034537 6.41088e-41
2.69541e-12 -0.00354938 6.42117e-41
2.69965e-12 -0.00364661 6.43125e-41
2.70379e-12 -0.00374538 6.44112e-41
2.70785e-12  -0.0038457 6.45078e-41
2.71181e-12 -0.00394758 6.46023e-41
2.71569e-12 -0.00405102 6.46946e-41
2.71948e-12 -0.00415602 6.47849e-41
2.72318e-12 -0.00426259  6.4873e-41
2.72679e-12 -0.00437073  6.4959e-41
2.73031e-12 -0.00448045 6.50428e-41
2.73373e-12 -0.00459174 6.51245e-41
2.73707e-12 -0.00470462  6.5204e-41
2.74032e-12 -0.00481908 6.52813e-41
2.74348e-12 -0.00493512 6.53565e-41
2.74654e-12 -0.00505275 6.54295e-41
2.74952e-12 -0.00517197 6.55003e-41
 2.7524e-12 -0.00529279  6.5569e-41
2.75519e-12 -0.00541519 6.56354e-41
2.75789e-12  -0.0055392 6.56997e-41
2.76049e-12  -0.0056648 6.57618e-41
  2.763e-12   -0.005792 6.58217e-41
2.76543e-12  -0.0059208 6.58793e-41
2.76775e-12  -0.0060512 6.59348e-41
2.76999e-12  -0.0061832  6.5988e-41
2.77213e-12 -0.00631681 6.60391e-41
2.77418e-12 -0.00645202 6.60879e-41
2.77614e-12 -0.00658883 6.61345e-41
  2.778e-12 -0.00672725 6.61789e-41
2.77977e-12 -0.00686727  6.6221e-41
2.78145e-12 -0.00700889 6.62609e-41
2.78303e-12 -0.00715212 6.62986e-41
2.78452e-12 -0.00729695 6.63341e-41
2.78592e-12 -0.00744338 6.63674e-41
2.78722e-12 -0.00759141 6.63984e-41
2.78843e-12 -0.00774105 6.64271e-41
2.78954e-12 -0.00789228 6.64537e-41
2.79056e-12 -0.00804511  6.6478e-41
2.79149e-12 -0.00819954 6.65001e-41
2.79232e-12 -0.00835557 6.65199e-41
2.79306e-12 -0.00851318 6.65375e-41
 2.7937e-12  -0.0086724 6.65528e-41
2.79425e-12  -0.0088332  6.6566e-41
2.79471e-12 -0.00899558 6.65769e-41
2.79508e-12 -0.00915956 6.65855e-41
2.79535e-12 -0.00932512 6.65919e-41
2.79552e-12 -0.00949226 6.65961e-41
 2.7956e-12 -0.00966097 6.65981e-41
2.79559e-12 -0.00983127 6.65978e-41
2.79549e-12  -0.0100031 6.65953e-41
2.79529e-12  -0.0101766 6.65906e-41
  2.795e-12  -0.0103516 6.65836e-41
2.79461e-12  -0.0105281 6.65744e-41
2.79413e-12  -0.0107062  6.6563e-41
2.79356e-12  -0.0108859 6.65494e-41
 2.7929e-12  -0.0110671 6.65336e-41
2.79214e-12  -0.0112499 6.65155e-41
2.79129e-12  -0.0114342 6.64952e-41
2.79035e-12  -0.0116201 6.64728e-41
2.78931e-12  -0.0118075 6.64481e-41
2.78818e-12  -0.0119964 6.64212e-41
2.78696e-12  -0.0121869 6.63921e-41
2.78565e-12  -0.0123788 6.63608e-41
2.78424e-12  -0.0125723 6.63274e-41
2.78275e-12  -0.0127673 6.62917e-41
2.78116e-12  -0.0129638 6.62539e-41
2.77948e-12  -0.0131618 6.62139e-41
2.77771e-12  -0.0133613 6.61717e-41
2.77585e-12  -0.0135623 6.61273e-41
 2.7739e-12  -0.0137648 6.60808e-41
2.77185e-12  -0.0139687 6.60321e-41
2.76972e-12  -0.0141742 6.59813e-41
2.76749e-12   -0.014381 6.59283e-41
2.76518e-12  -0.0145894 6.58732e-41
2.76278e-12  -0.0147992 6.58159e-41
2.76028e-12  -0.0150105 6.57565e-41
2.7577e-12 -0.0152231 6.5695e-41
2.75503e-12  -0.0154373 6.56313e-41
2.75227e-12  -0.0156528 6.55656e-41
2.74942e-12  -0.0158698 6.54977e-41
2.74648e-12  -0.0160882 6.54277e-41
2.74346e-12   -0.016308 6.53556e-41
2.74034e-12  -0.0165292 6.52815e-41
2.73714e-12  -0.0167518 6.52052e-41
2.73386e-12  -0.0169758 6.51269e-41
2.73048e-12  -0.0172011 6.50465e-41
2.72702e-12  -0.0174278 6.49641e-41
2.72347e-12  -0.0176559 6.48796e-41
2.71984e-12  -0.0178854  6.4793e-41
2.71612e-12  -0.0181162 6.47044e-41
2.71232e-12  -0.0183483 6.46138e-41
2.70843e-12  -0.0185818 6.45212e-41
2.70446e-12  -0.0188165 6.44265e-41
 2.7004e-12  -0.0190526 6.43299e-41
2.69626e-12    -0.01929 6.42312e-41
2.69203e-12  -0.0195287 6.41306e-41
2.68773e-12  -0.0197687 6.40279e-41
2.68334e-12    -0.02001 6.39233e-41
2.67886e-12  -0.0202525 6.38168e-41
2.67431e-12  -0.0204963 6.37083e-41
2.66967e-12  -0.0207414 6.35978e-41
2.66495e-12  -0.0209877 6.34854e-41
2.66015e-12  -0.0212352 6.33711e-41
2.65527e-12  -0.0214839 6.32548e-41
2.65031e-12  -0.0217339 6.31367e-41
2.64527e-12  -0.0219851 6.30166e-41
2.64016e-12  -0.0222375 6.28947e-41
2.63496e-12   -0.022491 6.27708e-41
2.62968e-12  -0.0227458 6.26452e-41
2.62433e-12  -0.0230017 6.25176e-41
 2.6189e-12  -0.0232587 6.23882e-41
2.61339e-12  -0.0235169  6.2257e-41
 2.6078e-12  -0.0237763 6.21239e-41
2.60214e-12  -0.0240368  6.1989e-41
 2.5964e-12  -0.0242984 6.18523e-41
2.59059e-12  -0.0245611 6.17139e-41
 2.5847e-12  -0.0248248 6.15736e-41
2.57874e-12  -0.0250897 6.14315e-41
 2.5727e-12  -0.0253557 6.12877e-41
2.56659e-12  -0.0256227 6.11422e-41
2.56041e-12  -0.0258908 6.09949e-41
2.55415e-12  -0.0261599 6.08458e-41
2.54783e-12  -0.0264301 6.06951e-41
2.54143e-12  -0.0267012 6.05426e-41
2.53496e-12  -0.0269734 6.03885e-41
2.52842e-12  -0.0272466 6.02327e-41
 2.5218e-12  -0.0275208 6.00752e-41
2.51512e-12  -0.0277959  5.9916e-41
2.50837e-12   -0.028072 5.97552e-41
2.50155e-12  -0.0283491 5.95928e-41
2.49467e-12  -0.0286271 5.94287e-41
2.48771e-12   -0.028906  5.9263e-41
2.48069e-12  -0.0291859 5.90958e-41
 2.4736e-12  -0.0294666 5.89269e-41
2.46645e-12  -0.0297483 5.87565e-41
2.45923e-12  -0.0300308 5.85845e-41
2.45194e-12  -0.0303143 5.84109e-41
 2.4446e-12  -0.0305985 5.82359e-41
2.43718e-12  -0.0308837 5.80593e-41
2.42971e-12  -0.0311696 5.78812e-41
2.42217e-12  -0.0314564 5.77016e-41
2.41457e-12   -0.031744 5.75205e-41
 2.4069e-12  -0.0320324 5.73379e-41
2.39918e-12  -0.0323216 5.71539e-41
2.39139e-12  -0.0326115 5.69685e-41
2.38355e-12  -0.0329023 5.67816e-41
2.37565e-12  -0.0331937 5.65933e-41
2.36768e-12   -0.033486 5.64036e-41
2.35966e-12  -0.0337789 5.62125e-41
2.35158e-12  -0.0340725 5.60201e-41
2.34345e-12  -0.0343669 5.58263e-41
2.33526e-12  -0.0346619 5.56311e-41
2.32701e-12  -0.0349577 5.54346e-41
 2.3187e-12   -0.035254 5.52368e-41
2.31034e-12  -0.0355511 5.50377e-41
2.30193e-12  -0.0358487 5.48372e-41
2.29347e-12   -0.036147 5.46356e-41
2.28495e-12  -0.0364459 5.44326e-41
2.27637e-12  -0.0367454 5.42284e-41
2.26775e-12  -0.0370455  5.4023e-41
2.25908e-12  -0.0373461 5.38163e-41
2.25035e-12  -0.0376474 5.36085e-41
2.24158e-12  -0.0379491 5.33994e-41
2.23275e-12  -0.0382514 5.31892e-41
2.22388e-12  -0.0385542 5.29778e-41
2.21496e-12  -0.0388575 5.27653e-41
2.20599e-12  -0.0391613 5.25516e-41
2.19697e-12  -0.0394656 5.23368e-41
2.18791e-12  -0.0397704  5.2121e-41
2.1788e-12 -0.0400756 5.1904e-41
2.16965e-12  -0.0403812  5.1686e-41
2.16045e-12  -0.0406873 5.14669e-41
2.15121e-12  -0.0409938 5.12467e-41
2.14193e-12  -0.0413007 5.10256e-41
 2.1326e-12   -0.041608 5.08034e-41
2.12323e-12  -0.0419156 5.05802e-41
2.11382e-12  -0.0422236 5.03561e-41
2.10437e-12  -0.0425319  5.0131e-41
2.09489e-12  -0.0428406 4.99049e-41
2.08536e-12  -0.0431496 4.96779e-41
2.07579e-12  -0.0434589   4.945e-41
2.06618e-12  -0.0437685 4.92211e-41
2.05654e-12  -0.0440784 4.89914e-41
2.04686e-12  -0.0443885 4.87608e-41
2.03715e-12  -0.0446989 4.85294e-41
2.02739e-12  -0.0450095 4.82971e-41
2.01761e-12  -0.0453203  4.8064e-41
2.00779e-12  -0.0456313 4.78301e-41
1.99794e-12  -0.0459426 4.75953e-41
1.98805e-12   -0.046254 4.73598e-41
1.97813e-12  -0.0465656 4.71236e-41
1.96818e-12  -0.0468773 4.68866e-41
 1.9582e-12  -0.0471892 4.66488e-41
1.94819e-12  -0.0475012 4.64103e-41
1.93815e-12  -0.0478133 4.61712e-41
1.92809e-12  -0.0481255 4.59313e-41
1.91799e-12  -0.0484378 4.56908e-41
1.90787e-12  -0.0487501 4.54496e-41
1.89772e-12  -0.0490626 4.52078e-41
1.88754e-12   -0.049375 4.49654e-41
1.87734e-12  -0.0496875 4.47224e-41
1.86711e-12       -0.05 4.44787e-41
1.85686e-12  -0.0503125 4.42345e-41
1.84659e-12   -0.050625 4.39898e-41
1.83629e-12  -0.0509374 4.37445e-41
1.82597e-12  -0.0512499 4.34987e-41
1.81563e-12  -0.0515622 4.32523e-41
1.80527e-12  -0.0518745 4.30055e-41
1.79489e-12  -0.0521867 4.27582e-41
1.78449e-12  -0.0524988 4.25104e-41
1.77407e-12  -0.0528108 4.22622e-41
1.76363e-12  -0.0531227 4.20136e-41
1.75317e-12  -0.0534344 4.17645e-41
1.7427e-12  -0.053746 4.1515e-41
1.73221e-12  -0.0540574 4.12652e-41
1.72171e-12  -0.0543687  4.1015e-41
1.71119e-12  -0.0546797 4.07644e-41
1.70066e-12  -0.0549905 4.05135e-41
1.69012e-12  -0.0553011 4.02623e-41
1.67956e-12  -0.0556115 4.00108e-41
1.66899e-12  -0.0559216  3.9759e-41
1.65841e-12  -0.0562315  3.9507e-41
1.64782e-12  -0.0565411 3.92546e-41
1.63721e-12  -0.0568504 3.90021e-41
 1.6266e-12  -0.0571594 3.87493e-41
1.61598e-12  -0.0574681 3.84963e-41
1.60536e-12  -0.0577764 3.82431e-41
1.59472e-12  -0.0580844 3.79898e-41
1.58408e-12   -0.058392 3.77363e-41
1.57343e-12  -0.0586993 3.74826e-41
1.56278e-12  -0.0590062 3.72289e-41
1.55212e-12  -0.0593127  3.6975e-41
1.54146e-12  -0.0596188  3.6721e-41
1.53079e-12  -0.0599244 3.64669e-41
1.52013e-12  -0.0602296 3.62128e-41
1.50946e-12  -0.0605344 3.59586e-41
1.49879e-12  -0.0608387 3.57044e-41
1.48812e-12  -0.0611425 3.54502e-41
1.47744e-12  -0.0614458  3.5196e-41
1.46677e-12  -0.0617486 3.49418e-41
 1.4561e-12  -0.0620509 3.46876e-41
1.44544e-12  -0.0623526 3.44335e-41
1.43477e-12  -0.0626539 3.41794e-41
1.42411e-12  -0.0629545 3.39254e-41
1.41345e-12  -0.0632546 3.36715e-41
 1.4028e-12  -0.0635541 3.34178e-41
1.39215e-12   -0.063853 3.31641e-41
1.38151e-12  -0.0641513 3.29106e-41
1.37087e-12  -0.0644489 3.26572e-41
1.36025e-12   -0.064746  3.2404e-41
1.34963e-12  -0.0650423  3.2151e-41
1.33901e-12  -0.0653381 3.18982e-41
1.32841e-12  -0.0656331 3.16457e-41
1.31782e-12  -0.0659275 3.13933e-41
1.30723e-12  -0.0662211 3.11412e-41
1.29666e-12   -0.066514 3.08894e-41
 1.2861e-12  -0.0668063 3.06378e-41
1.27556e-12  -0.0670977 3.03865e-41
1.26502e-12  -0.0673885 3.01356e-41
 1.2545e-12  -0.0676784 2.98849e-41
1.24399e-12  -0.0679676 2.96346e-41
 1.2335e-12   -0.068256 2.93847e-41
1.22302e-12  -0.0685436 2.91351e-41
1.21256e-12  -0.0688304 2.88859e-41
1.20212e-12  -0.0691163 2.86371e-41
1.19169e-12  -0.0694015 2.83887e-41
1.18128e-12  -0.0696857 2.81407e-41
1.17089e-12  -0.0699692 2.78932e-41
1.16052e-12  -0.0702517 2.76461e-41
1.15017e-12  -0.0705334 2.73995e-41
1.13984e-12  -0.0708141 2.71534e-41
1.12953e-12   -0.071094 2.69078e-41
1.11924e-12  -0.0713729 2.66627e-41
1.10897e-12  -0.0716509 2.64181e-41
1.09873e-12   -0.071928 2.61741e-41
 1.0885e-12  -0.0722041 2.59306e-41
1.07831e-12  -0.0724792 2.56877e-41
1.06814e-12  -0.0727534 2.54453e-41
1.05799e-12  -0.0730266 2.52036e-41
1.04787e-12  -0.0732988 2.49625e-41
1.03777e-12  -0.0735699  2.4722e-41
 1.0277e-12  -0.0738401 2.44821e-41
1.01766e-12  -0.0741092 2.42429e-41
1.00765e-12  -0.0743773 2.40043e-41
9.97661e-13  -0.0746443 2.37665e-41
9.87705e-13  -0.0749103 2.35293e-41
9.77779e-13  -0.0751752 2.32928e-41
9.67882e-13  -0.0754389 2.30571e-41
9.58017e-13  -0.0757016  2.2822e-41
9.48182e-13  -0.0759632 2.25878e-41
 9.3838e-13  -0.0762237 2.23543e-41
9.28609e-13  -0.0764831 2.21215e-41
9.18872e-13  -0.0767413 2.18895e-41
9.09168e-13  -0.0769983 2.16584e-41
8.99498e-13  -0.0772542  2.1428e-41
8.89863e-13   -0.077509 2.11985e-41
8.80262e-13  -0.0777625 2.09698e-41
8.70697e-13  -0.0780149 2.07419e-41
8.61169e-13  -0.0782661 2.05149e-41
8.51676e-13  -0.0785161 2.02888e-41
8.42221e-13  -0.0787648 2.00635e-41
8.32803e-13  -0.0790123 1.98392e-41
8.23424e-13  -0.0792586 1.96157e-41
8.14082e-13  -0.0795037 1.93932e-41
 8.0478e-13  -0.0797475 1.91716e-41
7.95518e-13    -0.07999  1.8951e-41
7.86296e-13  -0.0802313 1.87313e-41
7.77114e-13  -0.0804713 1.85125e-41
7.67973e-13    -0.08071 1.82948e-41
7.58873e-13  -0.0809474  1.8078e-41
7.49816e-13  -0.0811835 1.78622e-41
7.40801e-13  -0.0814182 1.76475e-41
7.31828e-13  -0.0816517 1.74337e-41
 7.229e-13 -0.0818838 1.7221e-41
7.14014e-13  -0.0821146 1.70094e-41
7.05173e-13  -0.0823441 1.67988e-41
6.96377e-13  -0.0825722 1.65892e-41
6.87626e-13  -0.0827989 1.63807e-41
 6.7892e-13  -0.0830242 1.61734e-41
6.70261e-13  -0.0832482 1.59671e-41
6.61647e-13  -0.0834708 1.57619e-41
6.53081e-13   -0.083692 1.55578e-41
6.44562e-13  -0.0839118 1.53549e-41
6.3609e-13 -0.0841302 1.5153e-41
6.27666e-13  -0.0843472 1.49524e-41
6.19291e-13  -0.0845627 1.47529e-41
6.10965e-13  -0.0847769 1.45545e-41
6.02688e-13  -0.0849895 1.43573e-41
 5.9446e-13  -0.0852008 1.41613e-41
5.86283e-13  -0.0854106 1.39665e-41
5.78156e-13   -0.085619 1.37729e-41
5.70079e-13  -0.0858258 1.35805e-41
5.62054e-13  -0.0860313 1.33893e-41
 5.5408e-13  -0.0862352 1.31994e-41
5.46158e-13  -0.0864377 1.30107e-41
5.38288e-13  -0.0866387 1.28232e-41
5.3047e-13 -0.0868382 1.2637e-41
5.22706e-13  -0.0870362  1.2452e-41
5.14994e-13  -0.0872327 1.22683e-41
5.07336e-13  -0.0874277 1.20858e-41
4.99732e-13  -0.0876212 1.19047e-41
4.92182e-13  -0.0878131 1.17248e-41
4.84687e-13  -0.0880036 1.15463e-41
4.77246e-13  -0.0881925  1.1369e-41
 4.6986e-13  -0.0883799 1.11931e-41
 4.6253e-13  -0.0885658 1.10185e-41
4.55255e-13  -0.0887501 1.08452e-41
4.48036e-13  -0.0889329 1.06732e-41
4.40873e-13  -0.0891141 1.05026e-41
4.33767e-13  -0.0892938 1.03333e-41
4.26717e-13  -0.0894719 1.01653e-41
4.19725e-13  -0.0896484 9.99875e-42
4.12789e-13  -0.0898234 9.83353e-42
4.05911e-13  -0.0899969 9.66969e-42
3.99091e-13  -0.0901687 9.50721e-42
3.92329e-13   -0.090339 9.34612e-42
3.85625e-13  -0.0905077 9.18641e-42
3.78979e-13  -0.0906749  9.0281e-42
3.72392e-13  -0.0908404 8.87118e-42
3.65864e-13  -0.0910044 8.71566e-42
3.59394e-13  -0.0911668 8.56154e-42
3.52984e-13  -0.0913276 8.40884e-42
3.46633e-13  -0.0914868 8.25755e-42
3.40342e-13  -0.0916444 8.10768e-42
 3.3411e-13  -0.0918005 7.95923e-42
3.27939e-13  -0.0919549 7.81221e-42
3.21827e-13  -0.0921077 7.66662e-42
3.15776e-13   -0.092259 7.52246e-42
3.09785e-13  -0.0924086 7.37974e-42
3.03854e-13  -0.0925566 7.23847e-42
2.97985e-13  -0.0927031 7.09863e-42
2.92176e-13  -0.0928479 6.96025e-42
2.86427e-13  -0.0929911 6.82332e-42
 2.8074e-13  -0.0931327 6.68783e-42
2.75114e-13  -0.0932728 6.55381e-42
2.69549e-13  -0.0934112 6.42124e-42
2.64045e-13   -0.093548 6.29013e-42
2.58603e-13  -0.0936832 6.16048e-42
2.53222e-13  -0.0938168  6.0323e-42
2.47903e-13  -0.0939488 5.90558e-42
2.42645e-13  -0.0940792 5.78033e-42
2.37449e-13   -0.094208 5.65655e-42
2.32315e-13  -0.0943352 5.53424e-42
2.27242e-13  -0.0944608 5.41339e-42
2.22231e-13  -0.0945848 5.29402e-42
2.17282e-13  -0.0947072 5.17612e-42
2.12394e-13   -0.094828 5.05969e-42
2.07569e-13  -0.0949472 4.94473e-42
2.02805e-13  -0.0950649 4.83125e-42
1.98103e-13  -0.0951809 4.71923e-42
1.93463e-13  -0.0952954 4.60869e-42
1.88884e-13  -0.0954083 4.49962e-42
1.84367e-13  -0.0955195 4.39202e-42
1.79912e-13  -0.0956293 4.28589e-42
1.75519e-13  -0.0957374 4.18123e-42
1.71187e-13   -0.095844 4.07803e-42
1.66916e-13   -0.095949  3.9763e-42
1.62707e-13  -0.0960524 3.87604e-42
 1.5856e-13  -0.0961543 3.77723e-42
1.54473e-13  -0.0962546 3.67989e-42
1.50448e-13  -0.0963534   3.584e-42
1.46484e-13  -0.0964506 3.48957e-42
1.42581e-13  -0.0965463 3.39659e-42
1.38739e-13  -0.0966404 3.30506e-42
1.34958e-13   -0.096733 3.21498e-42
1.31237e-13  -0.0968241 3.12634e-42
1.27576e-13  -0.0969137 3.03914e-42
1.23976e-13  -0.0970017 2.95338e-42
1.20436e-13  -0.0970882 2.86905e-42
1.16956e-13  -0.0971733 2.78614e-42
1.13536e-13  -0.0972568 2.70466e-42
1.10175e-13  -0.0973388  2.6246e-42
1.06874e-13  -0.0974194 2.54596e-42
1.03632e-13  -0.0974984 2.46872e-42
1.00448e-13   -0.097576 2.39289e-42
9.73239e-14  -0.0976521 2.31846e-42
9.42579e-14  -0.0977268 2.24543e-42
9.12502e-14     -0.0978 2.17378e-42
8.83006e-14  -0.0978717 2.10351e-42
8.54086e-14  -0.0979421 2.03462e-42
8.25742e-14  -0.0980109 1.96709e-42
 7.9797e-14  -0.0980784 1.90093e-42
7.70766e-14  -0.0981445 1.83613e-42
7.44129e-14  -0.0982091 1.77268e-42
7.18055e-14  -0.0982724 1.71056e-42
6.92541e-14  -0.0983343 1.64978e-42
6.67584e-14  -0.0983948 1.59033e-42
 6.4318e-14  -0.0984539 1.53219e-42
6.19326e-14  -0.0985117 1.47537e-42
5.96019e-14  -0.0985681 1.41984e-42
5.73254e-14  -0.0986232 1.36561e-42
5.51028e-14   -0.098677 1.31267e-42
5.29337e-14  -0.0987294 1.26099e-42
5.08178e-14  -0.0987805 1.21059e-42
4.87545e-14  -0.0988304 1.16144e-42
4.67436e-14   -0.098879 1.11353e-42
4.47846e-14  -0.0989262 1.06686e-42
 4.2877e-14  -0.0989723 1.02142e-42
4.10205e-14   -0.099017 9.77195e-43
3.92145e-14  -0.0990606 9.34172e-43
3.74586e-14  -0.0991029 8.92343e-43
3.57523e-14   -0.099144 8.51696e-43
3.40952e-14  -0.0991839  8.1222e-43
3.24867e-14  -0.0992226 7.73903e-43
3.09264e-14  -0.0992602 7.36733e-43
2.94137e-14  -0.0992965 7.00698e-43
2.79482e-14  -0.0993318 6.65785e-43
2.65292e-14  -0.0993659 6.31982e-43
2.51563e-14  -0.0993989 5.99276e-43
2.38288e-14  -0.0994307 5.67653e-43
2.25463e-14  -0.0994615   5.371e-43
2.13081e-14  -0.0994912 5.07604e-43
2.01137e-14  -0.0995199  4.7915e-43
1.89624e-14  -0.0995475 4.51725e-43
1.78537e-14   -0.099574 4.25313e-43
1.67869e-14  -0.0995996   3.999e-43
1.57614e-14  -0.0996242 3.75471e-43
1.47766e-14  -0.0996477 3.52011e-43
1.38319e-14  -0.0996703 3.29504e-43
1.29264e-14   -0.099692 3.07935e-43
1.20597e-14  -0.0997127 2.87288e-43
 1.1231e-14  -0.0997325 2.67546e-43
1.04395e-14  -0.0997515 2.48692e-43
9.68472e-15  -0.0997695 2.30711e-43
8.96579e-15  -0.0997867 2.13584e-43
8.28202e-15   -0.099803 1.97295e-43
7.63267e-15  -0.0998185 1.81826e-43
7.01699e-15  -0.0998332  1.6716e-43
6.43422e-15   -0.099847 1.53277e-43
5.88358e-15  -0.0998602 1.40159e-43
5.36431e-15  -0.0998725 1.27789e-43
4.87559e-15  -0.0998842 1.16147e-43
4.41662e-15  -0.0998951 1.05213e-43
3.98659e-15  -0.0999054 9.49691e-44
3.58467e-15  -0.0999149 8.53944e-44
   3.21e-15  -0.0999238 7.64691e-44
2.86175e-15  -0.0999321  6.8173e-44
2.53904e-15  -0.0999398 6.04854e-44
  2.241e-15  -0.0999469 5.33855e-44
1.96675e-15  -0.0999534 4.68521e-44
1.71537e-15  -0.0999593 4.08638e-44
1.48596e-15  -0.0999648 3.53988e-44
 1.2776e-15  -0.0999697 3.04351e-44
1.08935e-15  -0.0999742 2.59505e-44
9.20255e-16  -0.0999782 2.19224e-44
7.69365e-16  -0.0999818 1.83279e-44
6.35705e-16   -0.099985 1.51438e-44
5.18291e-16  -0.0999877 1.23468e-44
4.16127e-16  -0.0999902 9.91303e-45
3.28204e-16  -0.0999922 7.81853e-45
2.53502e-16   -0.099994 6.03896e-45
1.90987e-16  -0.0999955 4.54973e-45
1.39615e-16  -0.0999967 3.32593e-45
 9.8327e-17  -0.0999977 2.34236e-45
6.60531e-17  -0.0999984 1.57353e-45
4.17107e-17   -0.099999 9.93638e-46
2.42046e-17  -0.0999994 5.76604e-46
1.24268e-17  -0.0999997 2.96032e-46
5.25693e-18  -0.0999999 1.25231e-46
1.56188e-18        -0.1 3.72073e-47
1.95769e-19        -0.1 4.66363e-48
           0         -0.1 -3.26265e-55
   0 -0.1    0
   0 -0.1    0
   0 -0.1    0
   0 -0.1    0
   0 -0.1    0
   0 -0.1    0
   0 -0.1    0
   0 -0.1    0
   0 -0.1    0
   0 -0.1    0
   0 -0.1    0
   0 -0.1    0
   0 -0.1    0
   0 -0.1    0
   0 -0.1    0
   0 -0.1    0
   0 -0.1    0
   0 -0.1    0
   0 -0.1    0
   0 -0.1    0
   0 -0.1    0
   0 -0.1    0
   0 -0.1    0
   0 -0.1    0
   0 -0.1    0
   0 -0.1    0
   0 -0.1    0
   0 -0.1    0
   0 -0.1    0
   0 -0.1    0
   0 -0.1    0
   0 -0.1    0
   0 -0.1    0
   0 -0.1    0
   0 -0.1    0
   0 -0.1    0
   0 -0.1    0
   0 -0.1    0
   0 -0.1    0
   0 -0.1    0
   0 -0.1    0
   0 -0.1    0
   0 -0.1    0
   0 -0.1    0
   0 -0.1    0
   0 -0.1    0
   0 -0.1    0
   0 -0.1    0
   0 -0.1    0
   0 -0.1    0
   0 -0.1    0
   0 -0.1    0
   0 -0.1    0
   0 -0.1    0
   0 -0.1    0
   0 -0.1    0
   0 -0.1    0
   0 -0.1    0
   0 -0.1    0
   0 -0.1    0
   0 -0.1    0
   0 -0.1    0
   0 -0.1    0
   0 -0.1    0
   0 -0.1    0
   0 -0.1    0
   0 -0.1    0
   0 -0.1    0
   0 -0.1    0
   0 -0.1    0
   0 -0.1    0
   0 -0.1    0
   0 -0.1    0
   0 -0.1    0
   0 -0.1    0
   0 -0.1    0
   0 -0.1    0
   0 -0.1    0
   0 -0.1    0
   0 -0.1    0
   0 -0.1    0
   0 -0.1    0
   0 -0.1    0
   0 -0.1    0
   0 -0.1    0
   0 -0.1    0
   0 -0.1    0
   0 -0.1    0
