-6.54973e-12  1.70533e-10 -6.54973e-12  1.70157e-10 -6.31568e-12  1.70533e-10 -6.31568e-12  1.70157e-10
-0.000838441 -3.49395e-05  -0.00084007 -0.000109496 -0.000794701  1.74992e-05 -0.000797009  -6.2235e-05
-0.00167796 0.000335201 -0.00168341 0.000104076 -0.00153511 0.000426214   -0.001543 0.000184871
-0.00284458 0.000608487 -0.00285517 0.000159942 -0.00256632 0.000751056 -0.00258151 0.000286552
-0.00414687  0.00103818 -0.00416431 0.000303614 -0.00368814  0.00122769 -0.00371299 0.000470176
-0.00580142  0.00132491 -0.00582655 0.000265979 -0.00513967  0.00157832 -0.00517516 0.000487745
-0.00799719  0.00188845  -0.0080316 0.000442992 -0.00708983  0.00223578 -0.00713839 0.000745278
 -0.0105181   0.0029711  -0.0105635  0.00107232 -0.00931883  0.00342253  -0.0093831  0.00146641
-0.0129998 0.00428782 -0.0130566   0.001918 -0.0114985 0.00483123 -0.0115789 0.00240069
-0.0159371 0.00615594 -0.0160074 0.00323854 -0.0140825 0.00681727 -0.0141823 0.00382758
-0.0186932 0.00785266  -0.018776 0.00444021 -0.0165325 0.00863589 -0.0166495 0.00515905
-0.0217258 0.00943594 -0.0218226 0.00548082 -0.0192342  0.0103499 -0.0193698 0.00634317
-0.0250662  0.0113363 -0.0251777 0.00680124 -0.0222019  0.0124024 -0.0223589 0.00779943
-0.0285232  0.0142295 -0.0286515 0.00907079  -0.025254  0.0154387 -0.0254346  0.0102045
-0.0317305  0.0170186 -0.0318748  0.0112863 -0.0280938  0.0183659  -0.028297  0.0125489
-0.0350803   0.020015 -0.0352424  0.0136494  -0.031034  0.0214772 -0.0312605  0.0150362
-0.0381072  0.0229657 -0.0382845  0.0160569 -0.0336978  0.0245501 -0.0339462  0.0175504
-0.0406551  0.0255113 -0.0408422  0.0181735 -0.0359262   0.027217  -0.036192  0.0197492
-0.0432713  0.0279571  -0.043469  0.0201675 -0.0382087  0.0297808 -0.0384934  0.0218155
-0.0458239  0.0303135 -0.0460326  0.0220528 -0.0404135  0.0322548 -0.0407185  0.0237656
-0.0478867  0.0325564 -0.0481066  0.0238653 -0.0421716  0.0345521 -0.0424949  0.0255983
-0.0493561  0.0346151  -0.049588  0.0255849 -0.0434352  0.0366666 -0.0437722  0.0274068
-0.0508068  0.0366094 -0.0510457  0.0273133 -0.0446798  0.0387393 -0.0450318  0.0291655
-0.0519253  0.0384966  -0.052184   0.028832 -0.0456453  0.0406019 -0.0460074  0.0308145
-0.0527194  0.0401016 -0.0530009  0.0300535 -0.0462977  0.0421472 -0.0466724  0.0321299
-0.0534413  0.0415533 -0.0537409  0.0311797 -0.0468712   0.043522 -0.0472545  0.0333015
-0.0539989  0.0425596 -0.0543102  0.0319736 -0.0473127  0.0445226 -0.0477067  0.0341234
-0.0542579   0.043202 -0.0545738  0.0324998 -0.0474695  0.0451773 -0.0478729  0.0346298
-0.0544019  0.0434892 -0.0547241   0.032642 -0.0475059  0.0454449 -0.0479223  0.0346988
-0.0543049  0.0432474 -0.0546323  0.0322897 -0.0473253  0.0451831 -0.0477535   0.034275
-0.0544276  0.0427433 -0.0547611   0.031621 -0.0473263  0.0446235 -0.0477637  0.0335278
-0.0545906  0.0417977 -0.0549345  0.0304611 -0.0473722  0.0436283 -0.0478209  0.0323294
-0.0547328  0.0404284 -0.0550868  0.0288754 -0.0473919  0.0422128 -0.0478527  0.0306985
 -0.054844  0.0387283 -0.0552129  0.0269147 -0.0474008  0.0404147 -0.0478723  0.0287107
-0.0545807  0.0367485 -0.0549601  0.0247713 -0.0470816  0.0383407 -0.0475635  0.0264891
-0.0544005  0.0346273 -0.0547828   0.022589 -0.0468407  0.0361919 -0.0473315  0.0242148
-0.0545898  0.0325664  -0.054982  0.0203672 -0.0469578  0.0340976 -0.0474586  0.0219869
-0.0544608  0.0301899 -0.0548584  0.0179107 -0.0467707  0.0317122 -0.0472819  0.0194717
 -0.054306  0.0277115 -0.0547132  0.0152965 -0.0465776  0.0291595 -0.0470965  0.0168366
-0.0542719  0.0251172  -0.054692  0.0124865 -0.0464782  0.0264521 -0.0470085  0.0139687
-0.0538169  0.0221885 -0.0542433 0.00947645 -0.0460209  0.0234448 -0.0465572  0.0109174
-0.0538883  0.0193681 -0.0543246 0.00648197 -0.0460056  0.0205794 -0.0465555 0.00785255
-0.0544013  0.0166015 -0.0548517 0.00344027 -0.0463846  0.0177491 -0.0469509  0.0047714
 -0.0550412   0.0138387  -0.0555072 0.000341031  -0.0468652   0.0149431  -0.0474511  0.00163486
 -0.0556703   0.0110486  -0.0561522 -0.00277043   -0.047336   0.0120635  -0.0479402 -0.00150415
 -0.0564928  0.00833856  -0.0569923 -0.00588729   -0.047974  0.00929166  -0.0486006 -0.00463826
 -0.0573787  0.00572453  -0.0578967 -0.00884261  -0.0486679  0.00663883  -0.0493175  -0.0076582
-0.0580302 0.00297019 -0.0585657   -0.01197 -0.0491437 0.00380338 -0.0498151 -0.0108399
 -0.0591423 0.000222214     -0.0597  -0.0150795  -0.0500274   0.0010675  -0.0507257  -0.0140141
   -0.05983 -0.00267709  -0.0604079  -0.0183119  -0.0505299  -0.0018613   -0.051251  -0.0173418
 -0.0613506 -0.00514646  -0.0619575  -0.0212903  -0.0517641 -0.00441052  -0.0525187  -0.0203923
 -0.0631711 -0.00731917  -0.0638089  -0.0240999  -0.0532654 -0.00670166  -0.0540552  -0.0232862
 -0.0644783 -0.00961202   -0.065142  -0.0268281  -0.0543312 -0.00903946   -0.055154  -0.0260202
-0.0659671 -0.0115254 -0.0666604 -0.0292253 -0.0555547 -0.0109946  -0.056412 -0.0284603
-0.0672799 -0.0131012 -0.0680011 -0.0312466 -0.0566298 -0.0126324 -0.0575228 -0.0304899
-0.0686484 -0.0142979 -0.0694014 -0.0328576  -0.057757 -0.0139219 -0.0586866 -0.0321687
-0.0701374 -0.0154842 -0.0709264 -0.0343623 -0.0590098 -0.0150894 -0.0599785 -0.0337192
-0.0719793 -0.0163071 -0.0728103 -0.0355613 -0.0605708 -0.0158761 -0.0615827 -0.0349858
 -0.073649 -0.0168056 -0.0745109 -0.0364996 -0.0620135 -0.0163739 -0.0630644 -0.0358847
-0.0753778 -0.0171059 -0.0762789 -0.0372336 -0.0634798 -0.0167107 -0.0645763 -0.0366405
-0.0771345 -0.0172947  -0.078074 -0.0379673 -0.0649529  -0.016989 -0.0660905 -0.0374752
-0.0787167 -0.0176469 -0.0797004 -0.0387407 -0.0662572 -0.0173924 -0.0674404 -0.0383682
-0.0802275 -0.0178457 -0.0812461 -0.0394238 -0.0675369 -0.0176267 -0.0687569 -0.0391264
-0.0814753 -0.0183461 -0.0825328  -0.040235 -0.0685829 -0.0181793 -0.0698461 -0.0399993
-0.0827447 -0.0186874 -0.0838345 -0.0410497 -0.0696572 -0.0186397 -0.0709653 -0.0407757
 -0.083877 -0.0192355 -0.0850076 -0.0419971 -0.0705719  -0.019265 -0.0719258 -0.0418038
-0.0845754 -0.0201528 -0.0857452  -0.043256 -0.0710883 -0.0202956 -0.0724791 -0.0432598
-0.0853511 -0.0212693 -0.0865596 -0.0446841 -0.0717047 -0.0214497 -0.0731344 -0.0448042
-0.0855752 -0.0226594 -0.0868295  -0.046179  -0.071799 -0.0228453 -0.0732574 -0.0466329
-0.0860045 -0.0239871  -0.087292 -0.0477499 -0.0721282 -0.0242676 -0.0736282  -0.048224
-0.0861412 -0.0257076 -0.0874734 -0.0496053 -0.0721432 -0.0260803 -0.0736823 -0.0503019
 -0.086519 -0.0274182 -0.0878918 -0.0516272 -0.0723885 -0.0279184 -0.0739525 -0.0526475
-0.0871522 -0.0290569 -0.0885812 -0.0534773 -0.0728442 -0.0296323 -0.0744589 -0.0547088
-0.0877974 -0.0303525 -0.0892812 -0.0551616 -0.0732787 -0.0311414 -0.0749376 -0.0567305
-0.0885197 -0.0314076 -0.0900691 -0.0565565 -0.0737587 -0.0325115 -0.0754821 -0.0584494
-0.0895088 -0.0319398  -0.091124  -0.057712 -0.0744231 -0.0334271 -0.0762134 -0.0599551
-0.0900951 -0.0323676 -0.0917713 -0.0585489 -0.0747659 -0.0341896 -0.0766271   -0.06102
-0.0914765 -0.0318442 -0.0932219 -0.0587063 -0.0757986 -0.0339673 -0.0777417 -0.0613787
-0.0927644 -0.0309323 -0.0945966 -0.0582312 -0.0767278 -0.0333287 -0.0787616 -0.0612304
-0.0943226 -0.0293173 -0.0962365 -0.0571827 -0.0779301 -0.0319346 -0.0800535 -0.0604246
-0.0955072 -0.0272291 -0.0975043 -0.0555735 -0.0787834 -0.0301602 -0.0809916 -0.0591896
-0.0968842 -0.0247554 -0.0989661 -0.0536417 -0.0798037 -0.0279113 -0.0821092 -0.0574796
-0.0977359 -0.0222321 -0.0998983 -0.0516048 -0.0803439 -0.0257603 -0.0827412 -0.0557431
-0.0990624 -0.0191532  -0.101321 -0.0489482 -0.0813142 -0.0230204 -0.0838121 -0.0534935
 -0.100746 -0.0158256  -0.103112 -0.0460084 -0.0826067 -0.0199889 -0.0852159 -0.0510015
 -0.102379 -0.0125107  -0.104845 -0.0430087  -0.083892 -0.0169774 -0.0866033 -0.0484698
  -0.104715 -0.00864497   -0.107284  -0.0398829  -0.0858017  -0.0136001  -0.0886345  -0.0456468
  -0.106829 -0.00486637   -0.109491  -0.0367099  -0.0875956   -0.010162  -0.0905304  -0.0427619
     -0.1093 -0.000870797    -0.112074   -0.0333325   -0.0896451  -0.00649396   -0.0927046   -0.0397154
  -0.110987  0.00313792   -0.113864   -0.029925  -0.0909873 -0.00301107  -0.0941581  -0.0367106
  -0.112211  0.00668626   -0.115185   -0.026923  -0.0919137 0.000105675  -0.0951896  -0.0340694
 -0.113198  0.0101637  -0.116274 -0.0237927 -0.0926315 0.00322025 -0.0960105 -0.0314862
 -0.115306  0.0137293  -0.118488 -0.0208048 -0.0944399  0.0064624   -0.09794 -0.0286372
  -0.11762  0.0167493  -0.120926 -0.0182137 -0.0963621 0.00923117 -0.0999935 -0.0266085
 -0.119644  0.0191124  -0.123063 -0.0160376 -0.0980877  0.0114071  -0.101833 -0.0251997
 -0.120493  0.0202788  -0.124001 -0.0146908 -0.0987719  0.0124603  -0.102615 -0.0243856
 -0.121626  0.0213932  -0.125234 -0.0136875  -0.099735   0.013325  -0.103677 -0.0240955
 -0.121694  0.0213596  -0.125373 -0.0136975 -0.0997842  0.0130874  -0.103801 -0.0243604
 -0.121674  0.0209346  -0.125424 -0.0143023  -0.099777    0.01224   -0.10386 -0.0252523
 -0.122661  0.0204253  -0.126507   -0.01504  -0.100682   0.011319  -0.104857 -0.0264257
 -0.122746  0.0189018  -0.126657 -0.0166486  -0.100856 0.00945025  -0.105086 -0.0282912
 -0.123493  0.0173743  -0.127494 -0.0182272  -0.101595 0.00741686  -0.105909 -0.0302259
 -0.122957  0.0142559     -0.127 -0.0211223  -0.101279 0.00401945  -0.105629 -0.0331708
  -0.123084   0.0111021   -0.127198  -0.0242107   -0.101516 0.000328514   -0.105925  -0.0365715
  -0.122408  0.00700446   -0.126559  -0.0280635   -0.101111 -0.00408791    -0.10555  -0.0404908
  -0.122116  0.00260818   -0.126303  -0.0323024   -0.101097 -0.00896276   -0.105563   -0.044806
  -0.121422 -0.00214943   -0.125633  -0.0366461   -0.100735  -0.0139305   -0.105215  -0.0492659
   -0.11934 -0.00747109    -0.12355   -0.041112   -0.099101  -0.0193851   -0.103556  -0.0540461
 -0.118384  -0.012338  -0.122616 -0.0452714 -0.0985108 -0.0243539  -0.102975 -0.0583783
 -0.116954 -0.0171919   -0.12118 -0.0496532 -0.0975176 -0.0292536  -0.101945 -0.0629673
 -0.115856  -0.021914  -0.120084 -0.0538077  -0.096832 -0.0341976  -0.101257 -0.0671158
 -0.114182 -0.0269201  -0.118395 -0.0581092 -0.0956135  -0.039262  -0.100006 -0.0714846
 -0.113082 -0.0314458  -0.117284  -0.062042 -0.0949356 -0.0438671 -0.0993214 -0.0752984
 -0.111776 -0.0364209  -0.115998 -0.0662099 -0.0940098  -0.048826 -0.0983748 -0.0798128
 -0.111331 -0.0414301  -0.115525 -0.0709491 -0.0939755 -0.0539393 -0.0983261 -0.0842719
 -0.110448 -0.0470488  -0.114621 -0.0759009 -0.0935589 -0.0594516 -0.0978786 -0.0890855
 -0.109712 -0.0533915  -0.113838 -0.0814772 -0.0933647  -0.065462 -0.0976502  -0.094144
 -0.110539  -0.058873  -0.114666 -0.0866981 -0.0944961 -0.0709624 -0.0987701 -0.0993695
  -0.11082 -0.0646951  -0.114888 -0.0925544 -0.0951408  -0.076927 -0.0994021  -0.104774
 -0.112448 -0.0698348  -0.116501 -0.0978946 -0.0969848 -0.0822461  -0.101267  -0.109869
 -0.112821 -0.0753493  -0.116846  -0.103101 -0.0976975 -0.0877816  -0.101981  -0.114819
 -0.113334 -0.0801654  -0.117347  -0.107518 -0.0985553 -0.0923974  -0.102801  -0.119197
 -0.113579 -0.0844346  -0.117528  -0.111508 -0.0992214 -0.0963898  -0.103392  -0.122921
 -0.113251 -0.0876497  -0.117141  -0.114397 -0.0992797 -0.0995526  -0.103412  -0.125544
 -0.113489 -0.0895224  -0.117291  -0.116122 -0.0999243  -0.101208  -0.104027  -0.126573
 -0.112807 -0.0909206   -0.11659  -0.117007 -0.0995725  -0.102598  -0.103662  -0.127384
 -0.111788 -0.0914974   -0.11553  -0.116816 -0.0990089  -0.102682  -0.103055  -0.126754
 -0.109905 -0.0913613  -0.113653  -0.115687 -0.0975145  -0.102249   -0.10152  -0.125695
 -0.108573 -0.0898889   -0.11231  -0.113695 -0.0964251  -0.101094   -0.10047  -0.123635
 -0.106993 -0.0879635   -0.11075  -0.110763 -0.0951944 -0.0988125 -0.0991926  -0.120854
 -0.105512 -0.0849585  -0.109261   -0.10722 -0.0939464  -0.096053 -0.0979608  -0.117333
 -0.103483 -0.0819443  -0.107186  -0.103364 -0.0923374 -0.0925217 -0.0962645  -0.113263
 -0.101912 -0.0775691  -0.105608 -0.0984782 -0.0909818 -0.0882481 -0.0948956  -0.108486
 -0.100971 -0.0728478   -0.10465 -0.0933848 -0.0902293 -0.0837331  -0.094137  -0.103433
 -0.100799 -0.0674904  -0.104496 -0.0878716 -0.0901527 -0.0785608 -0.0940539  -0.098203
  -0.10098 -0.0625038  -0.104686 -0.0824811  -0.090514 -0.0733296 -0.0943978  -0.092784
 -0.101165 -0.0575015  -0.104915 -0.0770383 -0.0907945 -0.0683907 -0.0946545 -0.0879781
 -0.101557  -0.052679  -0.105356 -0.0717513 -0.0912724 -0.0635272 -0.0951542 -0.0829725
 -0.102168 -0.0476568  -0.105988 -0.0665683 -0.0919702 -0.0584377  -0.095847  -0.078015
 -0.103362 -0.0425552  -0.107251 -0.0612298 -0.0931564 -0.0534095  -0.097096 -0.0729495
 -0.105242  -0.037356  -0.109179 -0.0559662 -0.0950524 -0.0480929 -0.0990543 -0.0675566
 -0.107119 -0.0321854  -0.111129 -0.0507666  -0.096874 -0.0432448  -0.100949 -0.0627633
 -0.108287 -0.0283044  -0.112317 -0.0466829 -0.0981364 -0.0392802  -0.102242 -0.0585337
 -0.109978 -0.0246857  -0.114107 -0.0429318 -0.0997368 -0.0362184  -0.103954  -0.055237
 -0.111711 -0.0216483  -0.115898  -0.039961  -0.101468 -0.0332811  -0.105758 -0.0521852
 -0.114368 -0.0189948  -0.118743 -0.0368657  -0.103884 -0.0312716  -0.108362 -0.0500527
 -0.117119 -0.0169064  -0.121635  -0.034434  -0.106496 -0.0292714  -0.111118 -0.0480489
 -0.119448  -0.015003  -0.124091 -0.0324699  -0.108715 -0.0275568  -0.113434 -0.0470946
 -0.123202 -0.0122755   -0.12808 -0.0301111  -0.112109 -0.0260589  -0.117054 -0.0462714
  -0.126249 -0.00990548   -0.131342  -0.0283309   -0.114849  -0.0252587   -0.120001  -0.0460756
  -0.128284 -0.00885237   -0.133551  -0.0269042   -0.116723  -0.0251352   -0.122032  -0.0461594
  -0.128496 -0.00862078   -0.133837  -0.0262013   -0.116998  -0.0254638   -0.122364  -0.0463905
  -0.128702 -0.00851036   -0.134078  -0.0257066   -0.117354  -0.0256844   -0.122735  -0.0466132
  -0.126571 -0.00917285    -0.13189  -0.0256161   -0.115568  -0.0265505    -0.12087  -0.0469059
  -0.124734 -0.00951235   -0.130005  -0.0251475   -0.114049   -0.027211   -0.119266   -0.047344
  -0.12095 -0.0114022  -0.126046 -0.0259733  -0.110838 -0.0286643  -0.115843 -0.0481405
 -0.114786 -0.0151529  -0.119571 -0.0285329  -0.105499 -0.0309596  -0.110159 -0.0493346
 -0.109771 -0.0191145  -0.114301 -0.0315162  -0.101187 -0.0339215  -0.105561 -0.0512497
   -0.1043 -0.0243001  -0.108537 -0.0356639 -0.0964912 -0.0376523  -0.100511 -0.0542066
-0.0996656 -0.0303178   -0.10366 -0.0407837 -0.0925309 -0.0424548  -0.096265 -0.0580345
-0.0946291 -0.0373815 -0.0983524 -0.0469474 -0.0882294   -0.04809 -0.0916047 -0.0630369
-0.0907224 -0.0455719 -0.0942347 -0.0544607 -0.0849512   -0.05505 -0.0880258 -0.0694414
 -0.087744  -0.054028 -0.0911457 -0.0623072  -0.082452 -0.0625577 -0.0852933 -0.0767309
-0.0846705 -0.0635129 -0.0880116 -0.0713846 -0.0797253 -0.0719405 -0.0824332 -0.0854035
-0.0813102 -0.0736271 -0.0845311 -0.0810519 -0.0768444  -0.081341 -0.0793428 -0.0941708
-0.0782153 -0.0833352 -0.0813615 -0.0904446 -0.0740718 -0.0910808 -0.0764577  -0.103086
-0.0754161 -0.0934793 -0.0785099 -0.0999948 -0.0716883  -0.100666 -0.0738959  -0.112166
-0.0738358  -0.102863 -0.0769479  -0.109055 -0.0703652  -0.109935 -0.0724799   -0.12116
-0.0725491  -0.111966 -0.0756287  -0.117856 -0.0694282  -0.118542 -0.0713714  -0.129642
-0.0720647  -0.120124 -0.0751877  -0.125927  -0.069079  -0.126883 -0.0710216  -0.137719
 -0.071278   -0.12905 -0.0744364  -0.134548 -0.0686004  -0.135369 -0.0704129  -0.146189
-0.0721692  -0.136249 -0.0755276  -0.141701 -0.0694779  -0.143025 -0.0713626  -0.154078
 -0.072685  -0.143732 -0.0761899  -0.148899 -0.0701972  -0.150262 -0.0720241  -0.161555
-0.0732854  -0.150036 -0.0769848  -0.155124 -0.0708076  -0.156961 -0.0727407    -0.1683
-0.0742622  -0.156081 -0.0781732  -0.160967 -0.0718419  -0.163205  -0.073894   -0.17454
-0.0733199  -0.161783 -0.0772276  -0.166725 -0.0710098  -0.169152 -0.0731124  -0.180067
-0.0735773  -0.166633 -0.0775421  -0.171481 -0.0714179  -0.173951 -0.0735426  -0.184747
-0.0729018  -0.170321 -0.0770271  -0.174782 -0.0708426  -0.177794 -0.0730116  -0.188418
-0.0724899  -0.172264 -0.0765984  -0.176578 -0.0706201  -0.179486  -0.072822  -0.189726
-0.0706054  -0.173086 -0.0747353  -0.177013 -0.0689043  -0.180204 -0.0710747  -0.190059
-0.0694365  -0.172201 -0.0734523  -0.176054 -0.0678683  -0.179167 -0.0699965  -0.188663
-0.0682132  -0.170334 -0.0721666   -0.17386 -0.0668491   -0.17686 -0.0688583  -0.186169
-0.0669701  -0.167406 -0.0708997  -0.170507 -0.0657686  -0.173545 -0.0677617  -0.182427
-0.0662639  -0.163373 -0.0701033  -0.166376  -0.065029  -0.169641 -0.0670625  -0.178111
-0.0654626  -0.159376 -0.0691777  -0.162198  -0.064305  -0.165407 -0.0662834  -0.173556
-0.0666204  -0.153505 -0.0703203  -0.156421 -0.0652734  -0.159984 -0.0674028  -0.167982
-0.0674171  -0.147226  -0.070941  -0.150459 -0.0659925  -0.153798 -0.0680796  -0.161893
 -0.068218  -0.139852 -0.0716299  -0.143508 -0.0665516  -0.147103 -0.0687666  -0.155033
-0.0702725  -0.131425 -0.0736324  -0.135739 -0.0683007  -0.139553 -0.0706618  -0.147713
 -0.071983  -0.123087 -0.0753316  -0.128047 -0.0696819  -0.132331 -0.0722323  -0.140586
-0.0754143  -0.113324 -0.0788679  -0.119062 -0.0726612  -0.124179 -0.0755442  -0.132525
-0.0773217  -0.103508 -0.0807571  -0.110003 -0.0743021  -0.115457 -0.0773351  -0.123913
-0.0794765 -0.0933226 -0.0829479  -0.100398 -0.0762524  -0.106154 -0.0794346  -0.114732
 -0.079227  -0.084615 -0.0826152  -0.091866 -0.0760046 -0.0975983 -0.0791421  -0.106192
  -0.07979 -0.0756885 -0.0831118 -0.0834813 -0.0765172 -0.0891105 -0.0796818 -0.0976698
-0.0787914 -0.0683385 -0.0819917 -0.0763349 -0.0755995 -0.0816384 -0.0787029 -0.0899711
 -0.079026 -0.0618064 -0.0822084 -0.0699916 -0.0758228 -0.0754693 -0.0789366  -0.083745
-0.0795129 -0.0559578 -0.0827801 -0.0638036 -0.0763116 -0.0697246  -0.079479 -0.0779913
-0.0799843 -0.0510832 -0.0833019 -0.0587836 -0.0767952 -0.0649476 -0.0800126 -0.0731363
-0.0786352 -0.0481912 -0.0818492  -0.055567 -0.0756276 -0.0612504 -0.0787218 -0.0693495
-0.0775965 -0.0460516 -0.0808023 -0.0531486 -0.0746706 -0.0588326 -0.0777569  -0.066717
-0.0761934 -0.0457179 -0.0793379 -0.0526964 -0.0733837  -0.058164 -0.0764008 -0.0659867
-0.0751357 -0.0471068  -0.078258 -0.0540482 -0.0724192 -0.0593028 -0.0754158 -0.0670382
-0.0742856 -0.0495913 -0.0774331 -0.0565025 -0.0716323 -0.0617371  -0.074628  -0.069615
 -0.073039 -0.0535285 -0.0762236 -0.0603462 -0.0704429 -0.0657909 -0.0734349  -0.073813
-0.0713777 -0.0584162 -0.0745566 -0.0653205 -0.0688583 -0.0708169 -0.0717938 -0.0791215
-0.0697396 -0.0635267 -0.0729587 -0.0703379 -0.0672801 -0.0761634 -0.0702165  -0.084492
-0.0668294 -0.0693001 -0.0700103 -0.0758398 -0.0645227 -0.0817352 -0.0673467 -0.0900657
 -0.064791   -0.07371 -0.0680499 -0.0800096 -0.0625422 -0.0864377 -0.0653676 -0.0948059
-0.0619136  -0.078395  -0.065139 -0.0844383 -0.0598363 -0.0908452 -0.0625401 -0.0992076
-0.0595792 -0.0818907 -0.0628088 -0.0877008 -0.0576505 -0.0941672 -0.0602613  -0.102584
-0.0572633 -0.0850344 -0.0604829 -0.0907882 -0.0554603 -0.0972817 -0.0580319  -0.105569
-0.0548057 -0.0878589 -0.0580215 -0.0934732 -0.0531297  -0.100083 -0.0556632  -0.108185
-0.0511196 -0.0913012  -0.054234 -0.0967457 -0.0496051  -0.103371 -0.0520476  -0.111006
-0.0477716 -0.0942551 -0.0508651 -0.0994282 -0.0463479  -0.106458  -0.048777  -0.113596
-0.0446446 -0.0974316 -0.0477171  -0.102395 -0.0432992  -0.109819 -0.0457007  -0.116577
-0.0428012  -0.100613 -0.0458986  -0.105503 -0.0415066  -0.113313 -0.0438801  -0.120006
-0.0413422  -0.103833 -0.0444515  -0.108725 -0.0401142  -0.116793 -0.0424673  -0.123438
-0.0398807   -0.10714 -0.0429832  -0.112093 -0.0386966  -0.120444 -0.0410152  -0.127075
-0.0387282  -0.110202 -0.0418141  -0.115314 -0.0375435  -0.123995 -0.0398919  -0.130539
-0.0379887  -0.112515 -0.0411705   -0.11773 -0.0367742  -0.127014 -0.0392411  -0.133522
-0.0359616  -0.115946 -0.0391876  -0.121069 -0.0347913  -0.130845 -0.0372624  -0.137223
  -0.03518  -0.118466 -0.0385495  -0.123649 -0.0339975  -0.134119  -0.036555  -0.140593
-0.0340488  -0.120687 -0.0375475  -0.125889 -0.0328636  -0.137034 -0.0355131   -0.14351
-0.0323956  -0.122384 -0.0360571  -0.127466 -0.0312525  -0.139297 -0.0339342  -0.145801
-0.0308238  -0.123303    -0.0346  -0.128373  -0.029677  -0.140855 -0.0324678  -0.147254
-0.0303385  -0.123298 -0.0343242  -0.128445 -0.0291488  -0.141771 -0.0321119  -0.148265
-0.0298092  -0.122951 -0.0340713  -0.128176 -0.0284699  -0.142696 -0.0317658  -0.149142
-0.0297341  -0.122371 -0.0342461  -0.127709 -0.0282714  -0.143287 -0.0318956  -0.149702
-0.0299788  -0.121561 -0.0347528  -0.127013 -0.0283791  -0.143682 -0.0323681  -0.150047
-0.0296671   -0.12133 -0.0346043  -0.126864 -0.0279876  -0.144351 -0.0321739  -0.150718
-0.0304039  -0.120775 -0.0356057  -0.126447 -0.0286143  -0.144994 -0.0330751  -0.151498
-0.0313164  -0.119922 -0.0367422  -0.125715  -0.029444  -0.145155 -0.0341319  -0.151797
-0.0320468   -0.11895 -0.0376594   -0.12487   -0.03007   -0.14516 -0.0350153  -0.151821
-0.0331205   -0.11717 -0.0389277  -0.123224 -0.0310802  -0.144289  -0.036237  -0.151076
-0.0334776  -0.115207 -0.0394501  -0.121327 -0.0313803   -0.14312 -0.0367459  -0.149901
 -0.033582  -0.113402 -0.0396054  -0.119647 -0.0314885  -0.141764 -0.0369576  -0.148543
-0.0341902  -0.112006 -0.0403387  -0.118281 -0.0321532  -0.140772 -0.0377302  -0.147614
-0.0351755  -0.110742 -0.0415293  -0.117002 -0.0331412  -0.140182 -0.0389073  -0.147075
-0.0356038  -0.110632 -0.0420969  -0.116768  -0.033655  -0.140347 -0.0394998  -0.147261
-0.0346729   -0.11226 -0.0411023  -0.118311 -0.0328406  -0.141817 -0.0385911   -0.14865
-0.0337977  -0.113597 -0.0401256  -0.119587   -0.03211   -0.14285 -0.0377484  -0.149576
  -0.03295  -0.114649  -0.039297  -0.120479 -0.0313456  -0.143951 -0.0369488  -0.150594
-0.0327259  -0.114622 -0.0390552  -0.120451 -0.0311872   -0.14402 -0.0367573  -0.150657
-0.0321071  -0.114179 -0.0385173  -0.119904 -0.0305826  -0.143959 -0.0362299  -0.150488
-0.0306329  -0.114297 -0.0370341  -0.119912 -0.0291319  -0.144262 -0.0347938  -0.150589
-0.0293857  -0.114443 -0.0357808  -0.119954 -0.0279356  -0.144532  -0.033612  -0.150671
-0.0276625  -0.114502 -0.0339916  -0.119933 -0.0262594  -0.144621 -0.0319397  -0.150497
-0.0265247  -0.113314 -0.0329507  -0.118583 -0.0251684  -0.143741 -0.0309781  -0.149387
-0.0244152  -0.111457 -0.0308095  -0.116559 -0.0230975  -0.141875 -0.0289608   -0.14718
 -0.022722  -0.109591 -0.0291227  -0.114498  -0.021474  -0.139978  -0.027379  -0.145014
-0.0201862  -0.108363 -0.0265127  -0.113028 -0.0190382  -0.138416 -0.0249114   -0.14311
-0.0183039  -0.107303 -0.0245781  -0.111785 -0.0172067  -0.137206 -0.0230828  -0.141624
-0.0160312   -0.10718 -0.0221709  -0.111508  -0.014978  -0.136785 -0.0208324  -0.140886
-0.0139943  -0.107539 -0.0200674  -0.111665 -0.0130323  -0.136867 -0.0188518  -0.140719
-0.0124066  -0.108699  -0.018424  -0.112674 -0.0115065  -0.137872 -0.0173632  -0.141477
 -0.0103446   -0.111326  -0.0163184   -0.115099 -0.00953501   -0.140271   -0.015329   -0.143693
-0.00830635   -0.114675  -0.0141298   -0.118264 -0.00759908   -0.143111  -0.0132454   -0.146346
-0.00629085   -0.118958  -0.0119026   -0.122357 -0.00574891   -0.146636  -0.0111789   -0.149671
-0.00554593   -0.122619  -0.0110266   -0.125894 -0.00514732   -0.149855  -0.0104183   -0.152771
-0.00459528   -0.125926 -0.00995872   -0.129067 -0.00430337    -0.15276 -0.00943411    -0.15555
-0.00361161   -0.129239 -0.00887923   -0.132255 -0.00342607    -0.15575 -0.00842378   -0.158425
-0.00255201   -0.132094 -0.00776056    -0.13501 -0.00243407   -0.158459 -0.00742108    -0.16101
-0.00193302   -0.133744 -0.00710767   -0.136584 -0.00185214   -0.160071  -0.0068633   -0.162529
-0.000874789     -0.13555  -0.00602322    -0.138293 -0.000840597    -0.161788  -0.00581881    -0.164151
-0.00115815   -0.136798 -0.00630161   -0.139503   -0.001129   -0.163126 -0.00612974   -0.165451
-0.00107982   -0.138366 -0.00618972    -0.14101  -0.0010733   -0.164626 -0.00605287   -0.166895
-0.00158533   -0.139152 -0.00671552    -0.14176 -0.00160816   -0.165469 -0.00658308   -0.167714
-0.00159745   -0.139343 -0.00672934   -0.141891 -0.00161963   -0.165612 -0.00658662    -0.16781
-0.00262831    -0.13838  -0.0078153   -0.140918 -0.00262666   -0.164818 -0.00768113   -0.167004
-0.00299384      -0.137 -0.00819041   -0.139495 -0.00298688   -0.163407 -0.00808901   -0.165543
-0.00412658   -0.134033 -0.00935229   -0.136513 -0.00412364   -0.160479 -0.00926436   -0.162596
-0.00489731    -0.13058  -0.0101702   -0.133011 -0.00490541   -0.156984   -0.010027   -0.159087
-0.00547227   -0.127161  -0.0107102   -0.129524 -0.00550623    -0.15324  -0.0105566   -0.155301
-0.00594357   -0.123575  -0.0111105   -0.125863 -0.00597157   -0.149221  -0.0109583   -0.151218
-0.00690655   -0.119898  -0.0119784   -0.122121 -0.00696261      -0.145  -0.0118182   -0.146968
-0.00794905   -0.115939  -0.0129853   -0.118098 -0.00803081   -0.140632  -0.0128084   -0.142581
-0.00898105   -0.112082  -0.0139589   -0.114185 -0.00909288   -0.136329  -0.0137943   -0.138252
-0.00990677   -0.109415  -0.0148036   -0.111471  -0.0100329   -0.133213  -0.0146579   -0.135106
-0.0112989  -0.106248 -0.0161698  -0.108271  -0.011435  -0.129765 -0.0160105  -0.131672
-0.0123704  -0.103426 -0.0172222  -0.105404 -0.0125034  -0.126704 -0.0170369  -0.128619
-0.0131111  -0.101408 -0.0179101  -0.103346 -0.0132579  -0.124379 -0.0177149  -0.126301
-0.0140149  -0.100062 -0.0187969  -0.101975 -0.0141799  -0.122875  -0.018618  -0.124794
-0.0150922  -0.100263 -0.0198593  -0.102188 -0.0152883  -0.123012 -0.0197211  -0.124944
-0.0162352  -0.101442 -0.0210039  -0.103359 -0.0164593  -0.124146 -0.0209211  -0.126052
 -0.017396  -0.103431 -0.0221507  -0.105313 -0.0176781  -0.125945 -0.0220876  -0.127882
-0.0182392  -0.105914 -0.0229702  -0.107754 -0.0185748  -0.128231 -0.0229445  -0.130161
-0.0189623  -0.108564 -0.0236357  -0.110378 -0.0193316  -0.130649 -0.0236272  -0.132589
 -0.019663    -0.1115 -0.0242748  -0.113316 -0.0200697  -0.133412 -0.0243196  -0.135337
-0.0200034  -0.114293 -0.0245667  -0.116048 -0.0204703  -0.135927 -0.0246201  -0.137866
-0.0201074   -0.11734  -0.024634  -0.119008 -0.0206416  -0.138691 -0.0246828  -0.140643
-0.0199131  -0.120338  -0.024388  -0.121901 -0.0205247  -0.141309 -0.0244359  -0.143252
-0.0195358  -0.123909 -0.0240055  -0.125335 -0.0202292    -0.1446 -0.0240389  -0.146516
-0.0188183  -0.128262 -0.0232383  -0.129575  -0.019594  -0.148602 -0.0232507  -0.150494
-0.0179609  -0.132951 -0.0223761  -0.134124 -0.0188374  -0.152997 -0.0223547  -0.154854
-0.0169899  -0.138233  -0.021374  -0.139296 -0.0179544  -0.157977 -0.0213546  -0.159753
-0.0153759  -0.144646 -0.0196182  -0.145635 -0.0164478  -0.163791 -0.0196473  -0.165445
-0.0142412  -0.151014 -0.0183695  -0.151941 -0.0154176  -0.169666 -0.0184598  -0.171213
-0.0124875  -0.157745 -0.0164033   -0.15863 -0.0137668   -0.17568 -0.0165861  -0.177086
-0.0110449  -0.164576 -0.0147418  -0.165443 -0.0124083  -0.181918 -0.0150446  -0.183196
-0.00978913   -0.171408  -0.0133159   -0.172243  -0.0112348   -0.188278  -0.0137387   -0.189433
-0.00866227   -0.177236  -0.0120751    -0.17802  -0.0101661   -0.193737  -0.0125668   -0.194784
-0.00712131   -0.182512  -0.0103928    -0.18324 -0.00867141   -0.198541  -0.0109574   -0.199459
-0.00551178   -0.187421  -0.0086502   -0.188094  -0.0070756   -0.203051 -0.00927057   -0.203843
-0.00373156   -0.191598 -0.00672652   -0.192217 -0.00528386   -0.206807 -0.00741479   -0.207466
-0.00242279   -0.195155 -0.00527994   -0.195723 -0.00399956   -0.209922 -0.00602362   -0.210489
-0.00103306   -0.198583 -0.00370232   -0.199101 -0.00257697   -0.212894 -0.00449855   -0.213367
0.000287074   -0.202352 -0.00224007   -0.202817 -0.00127138   -0.216246 -0.00308441   -0.216636
  0.00158648    -0.206677 -0.000761269    -0.207087  4.46477e-05    -0.220146  -0.00164216    -0.220456
  0.00291196    -0.210403  0.000621192    -0.210761   0.00134927     -0.22358 -0.000202685    -0.223815
0.00417234  -0.212991 0.00190965  -0.213307 0.00257505  -0.225909 0.00115984  -0.226071
0.00503163  -0.214057   0.002747   -0.21435  0.0033698  -0.226877 0.00202476  -0.226984
0.00611103  -0.215448 0.00381386  -0.215721 0.00436777  -0.228095 0.00309622  -0.228137
0.00675346  -0.217187 0.00443633  -0.217448 0.00495033  -0.229833 0.00368045  -0.229838
0.00703153  -0.219198 0.00467321  -0.219451 0.00518794  -0.232017  0.0038762  -0.232005
0.00702621   -0.22067 0.00456202  -0.220928 0.00513467  -0.233856 0.00375113  -0.233842
0.00641581  -0.221233 0.00383738  -0.221496 0.00449689   -0.23496 0.00298847  -0.234969
0.00570745  -0.221809 0.00301741  -0.222076 0.00377988  -0.236105 0.00212553  -0.236142
 0.00465751   -0.222293  0.00180461   -0.222573  0.00271957   -0.237272 0.000841632   -0.237353
  0.00362956    -0.222519  0.000617897    -0.222809   0.00173237    -0.238222 -0.000368247    -0.238342
  0.00293676     -0.22223 -0.000204221    -0.222528   0.00103139    -0.238594   -0.0012768    -0.238733
 0.00200364   -0.221423 -0.00127709   -0.221733 0.000109658   -0.238536 -0.00238404   -0.238701
 0.000938511     -0.22018  -0.00251906    -0.220502 -0.000938744    -0.238116  -0.00360342    -0.238315
-4.39759e-05    -0.218771  -0.00359057    -0.219106  -0.00188471    -0.237372  -0.00467522    -0.237601
-0.000803368    -0.216859  -0.00446527    -0.217206  -0.00264075    -0.236116  -0.00558213    -0.236363
-0.00164221   -0.214413 -0.00547517   -0.214768 -0.00345698   -0.234383 -0.00658593   -0.234648
-0.00260678   -0.211829 -0.00663062    -0.21219 -0.00440526   -0.232513 -0.00772487   -0.232798
-0.00351354   -0.209079 -0.00779014   -0.209431 -0.00534656    -0.23048 -0.00887797   -0.230777
-0.00475974   -0.206299 -0.00923926    -0.20665 -0.00660943   -0.228392    -0.01034   -0.228709
-0.00563473   -0.204095  -0.0102381   -0.204445 -0.00749607   -0.226681  -0.0113845      -0.227
-0.00706416   -0.201281  -0.0118342   -0.201631 -0.00891587   -0.224509  -0.0129847    -0.22485
-0.00824537    -0.19869  -0.0131778   -0.199029  -0.0100883   -0.222482  -0.0143085   -0.222842
-0.00900216   -0.196645  -0.0140087   -0.196979  -0.0108149   -0.220776  -0.0151189   -0.221145
-0.0101589  -0.195065  -0.015246  -0.195396 -0.0120359  -0.219473 -0.0163514  -0.219896
-0.0108771  -0.194316 -0.0160127  -0.194629 -0.0128221  -0.218801 -0.0170906  -0.219273
-0.0114791  -0.194695 -0.0166192  -0.194998 -0.0135378  -0.219107 -0.0177206  -0.219629
-0.0120607  -0.195847 -0.0172292  -0.196122 -0.0142279  -0.220192 -0.0183357  -0.220758
-0.0112335  -0.198908 -0.0163411  -0.199158  -0.013421  -0.223015 -0.0174892  -0.223511
-0.0105516  -0.201708 -0.0155636  -0.201946 -0.0127347  -0.225516 -0.0167993  -0.225926
-0.0100861  -0.204243 -0.0149902  -0.204475 -0.0122844  -0.227734 -0.0163044   -0.22809
-0.00973442   -0.206584  -0.0145621     -0.2068  -0.0119574   -0.229779  -0.0159482   -0.230083
-0.00927413   -0.209014  -0.0140284   -0.209208  -0.0114745   -0.231944  -0.0154491   -0.232192
-0.00876437   -0.211793  -0.0134614   -0.211962  -0.0109875   -0.234457  -0.0149027   -0.234669
-0.00808368   -0.215468  -0.0127394   -0.215604  -0.0103505   -0.237859   -0.014191   -0.238036
-0.00755628   -0.219763  -0.0121573   -0.219881 -0.00987748    -0.24194  -0.0136468   -0.242089
-0.00703966   -0.224577   -0.011645   -0.224667 -0.00945604   -0.246637  -0.0131572   -0.246766
-0.00652386   -0.230407  -0.0110364   -0.230492 -0.00900692   -0.252265  -0.0125809   -0.252384
-0.00637572   -0.235639  -0.0108718   -0.235706 -0.00891182   -0.257443  -0.0124355    -0.25755
-0.00600261   -0.240304  -0.0104872   -0.240351 -0.00858256   -0.262067  -0.0120621   -0.262152
-0.00536789   -0.245065 -0.00980909   -0.245096 -0.00795693   -0.266743  -0.0114184   -0.266787
 -0.0047981   -0.249536 -0.00917342   -0.249559 -0.00740818   -0.271112   -0.010876    -0.27111
-0.00381868   -0.254123 -0.00807948   -0.254132 -0.00643992   -0.275406 -0.00984556   -0.275357
-0.00252063   -0.258984 -0.00669401   -0.258971 -0.00520608   -0.279849 -0.00849106   -0.279756
-0.00168186   -0.262617 -0.00583273   -0.262582 -0.00442267   -0.283201 -0.00764515   -0.283074
-0.000757322    -0.265533  -0.00487355     -0.26548  -0.00355583    -0.285801  -0.00669489     -0.28564
-0.000251863    -0.267824   -0.0043166    -0.267759  -0.00310867    -0.287822  -0.00617497    -0.287639
 0.00054505   -0.268968 -0.00348545   -0.268893 -0.00237724   -0.288729 -0.00540484   -0.288512
0.000977909   -0.269243 -0.00296255   -0.269159 -0.00191819   -0.288816 -0.00492181   -0.288577
 0.00159875    -0.26913 -0.00227696   -0.269038 -0.00125976   -0.288511 -0.00430084   -0.288242
  0.00201506    -0.267952    -0.001769    -0.267852 -0.000802483    -0.287117  -0.00384385    -0.286829
  0.00186646    -0.265885   -0.0018695    -0.265778 -0.000913251    -0.284909   -0.0039318    -0.284619
  0.00190049     -0.26349  -0.00174338    -0.263376 -0.000807073    -0.282303  -0.00381763    -0.282006
 0.00143021   -0.260522 -0.00221059   -0.260404 -0.00127962   -0.279282 -0.00425803   -0.278991
 0.00108799   -0.257934 -0.00251324   -0.257814 -0.00158166    -0.27668 -0.00455793   -0.276391
0.000406376   -0.255149   -0.003248   -0.255026 -0.00228962   -0.273998  -0.0052493   -0.273723
-9.15565e-05    -0.251577  -0.00378391    -0.251452  -0.00280451     -0.27042  -0.00576147    -0.270154
-0.000388631    -0.247358  -0.00407966    -0.247231  -0.00311796    -0.266084  -0.00604411    -0.265825
-0.000547882    -0.242912  -0.00422894    -0.242783  -0.00325112    -0.261555  -0.00618256    -0.261295
-0.00155551   -0.238156 -0.00531917   -0.238025  -0.0043157   -0.256915 -0.00723103   -0.256685
-0.00228065   -0.233328 -0.00607822   -0.233197 -0.00499946   -0.252217 -0.00798602   -0.251997
-0.00322991   -0.228511 -0.00707679    -0.22838 -0.00591857   -0.247568 -0.00897451   -0.247364
-0.00390276   -0.224286 -0.00778279   -0.224154 -0.00653983   -0.243472 -0.00967113   -0.243273
-0.00457921   -0.220549 -0.00850854   -0.220413 -0.00717965   -0.239892  -0.0103804   -0.239699
-0.00483149   -0.217456 -0.00879609   -0.217314 -0.00738764   -0.236922  -0.0106361   -0.236727
-0.00483896   -0.214395 -0.00881177   -0.214249 -0.00737255   -0.233921  -0.0106484   -0.233717
-0.00482659   -0.212021 -0.00881534   -0.211872 -0.00734926   -0.231647  -0.0106566   -0.231434
-0.00465598   -0.210723 -0.00866154   -0.210567 -0.00717457   -0.230449  -0.0105051   -0.230222
-0.00461237   -0.210781 -0.00862496    -0.21062 -0.00714887   -0.230595  -0.0104702   -0.230366
-0.00401987   -0.212917 -0.00798423   -0.212751 -0.00655921   -0.232661 -0.00985916   -0.232408
-0.00357651   -0.216205 -0.00748367   -0.216035 -0.00613017    -0.23584 -0.00940692   -0.235567
-0.00323607    -0.21995 -0.00713286   -0.219768 -0.00582106   -0.239544 -0.00908193   -0.239253
-0.00315738   -0.223844 -0.00703394   -0.223656 -0.00578272    -0.24347 -0.00901187   -0.243174
-0.00285799   -0.227727 -0.00674927   -0.227528 -0.00554306   -0.247442 -0.00880309   -0.247121
-0.00234228   -0.232104  -0.0062476   -0.231893 -0.00511048   -0.251891 -0.00838692   -0.251541
 -0.0021767   -0.235905 -0.00603599   -0.235689 -0.00493448   -0.255724 -0.00822126   -0.255358
-0.00204053   -0.239204 -0.00587345   -0.238982 -0.00481932   -0.259048 -0.00811002   -0.258668
-0.00178418   -0.241655 -0.00558067   -0.241426 -0.00461304   -0.261401   -0.007842   -0.261015
-0.00127025   -0.243685 -0.00502259   -0.243446 -0.00411138   -0.263277 -0.00732177   -0.262871
-0.000899854     -0.24513  -0.00460569    -0.244884  -0.00375966    -0.264574  -0.00694637    -0.264153
-0.000626007    -0.246022  -0.00432005    -0.245767  -0.00349069    -0.265404   -0.0066844    -0.264967
-0.00050517   -0.246519 -0.00415108   -0.246261 -0.00345064   -0.265658 -0.00652711   -0.265227
-0.000496122    -0.246315  -0.00408806    -0.246056  -0.00346388    -0.265233  -0.00650619    -0.264798
-0.000201094     -0.24616  -0.00368308      -0.2459  -0.00319593    -0.264674  -0.00609637    -0.264244
-3.02255e-05    -0.245854  -0.00342696    -0.245592  -0.00298117    -0.264015  -0.00584323     -0.26358
-0.000178817    -0.245053  -0.00353758    -0.244789  -0.00310014    -0.262969  -0.00594316    -0.262535
-0.000370706    -0.244085  -0.00372335    -0.243817  -0.00325577    -0.261881  -0.00609789    -0.261448
-0.000541066    -0.243055  -0.00390213    -0.242782  -0.00339552    -0.260825  -0.00626292    -0.260388
-0.000585411    -0.241939   -0.0039852    -0.241656  -0.00342136    -0.259787  -0.00632495     -0.25934
-0.000425388    -0.241302  -0.00385384    -0.241009  -0.00325431    -0.259245  -0.00619152    -0.258784
-0.000164547    -0.240597  -0.00362774    -0.240294  -0.00300324    -0.258657  -0.00595823    -0.258182
0.000190344   -0.240112   -0.003323   -0.239797 -0.00264909   -0.258339 -0.00567696    -0.25784
0.000101618   -0.239745  -0.0034462   -0.239425 -0.00279085   -0.258258 -0.00590739   -0.257739
 0.00051862   -0.239829 -0.00302421     -0.2395 -0.00236453    -0.25854 -0.00552019   -0.258001
0.000238012   -0.240089 -0.00332463   -0.239758 -0.00274841   -0.259143 -0.00592229   -0.258596
0.000249677   -0.240883 -0.00334995   -0.240546 -0.00281987    -0.26028 -0.00604168   -0.259716
-9.89777e-05    -0.242372  -0.00377577     -0.24203  -0.00327737    -0.262239  -0.00660726    -0.261654
-1.99419e-05    -0.245431  -0.00378612    -0.245074   -0.0032924    -0.265736  -0.00667778     -0.26513
-0.000842049     -0.24893  -0.00477294    -0.248568  -0.00428065    -0.269997  -0.00790487    -0.269353
-0.00143498   -0.252163  -0.0054849   -0.251796 -0.00498206    -0.27389 -0.00887216   -0.273192
-0.00193639    -0.25464 -0.00604012   -0.254273 -0.00566454   -0.276726 -0.00956891    -0.27602
-0.00247067   -0.256092 -0.00666028   -0.255722 -0.00633883   -0.278549   -0.010363   -0.277813
 -0.0020174   -0.257444 -0.00616171   -0.257068 -0.00600054   -0.279858 -0.00993271   -0.279121
  -0.001749    -0.25831   -0.005857    -0.25793 -0.00581334   -0.280719 -0.00974128   -0.279964
-0.000577334    -0.259423   -0.0046235     -0.25902  -0.00466953    -0.281616  -0.00853107     -0.28084
4.32873e-05   -0.259342 -0.00404392   -0.258918 -0.00406506   -0.281577   -0.008006   -0.280765
0.000730777   -0.258631 -0.00329741   -0.258199 -0.00350085    -0.28057 -0.00725865   -0.279764
 0.00124093   -0.256903 -0.00274102   -0.256464 -0.00304533   -0.278587 -0.00673483   -0.277771
 0.00243846   -0.255466 -0.00137655   -0.255017 -0.00187593   -0.276482 -0.00526028   -0.275681
  0.00355244    -0.254035 -0.000103482    -0.253579 -0.000785413    -0.274361  -0.00389541    -0.273565
 0.00452701   -0.252839  0.00103197   -0.252377 0.000233237    -0.27245 -0.00261442   -0.271658
 0.00549046   -0.252031  0.00217458   -0.251565  0.00124385   -0.270881 -0.00137141    -0.27009
 0.00706129    -0.25121  0.00398166   -0.250735   0.0028563   -0.269168 0.000542748   -0.268359
0.00828482  -0.249979 0.00543287  -0.249487 0.00419363   -0.26717 0.00208815  -0.266344
0.00983202  -0.248406 0.00727076  -0.247897    0.00573  -0.264586 0.00408433  -0.263714
 0.0107891  -0.245602 0.00844574  -0.245078 0.00675452  -0.260985 0.00541065  -0.260077
 0.0117445  -0.242633 0.00965228  -0.242081 0.00780039  -0.257214   0.006755  -0.256261
 0.0124991  -0.239562  0.0106061  -0.238987 0.00865549  -0.253476 0.00783181  -0.252483
 0.0127538  -0.236808  0.0110313  -0.236213 0.00898556  -0.250175 0.00834186  -0.249162
 0.0128657  -0.234431   0.011314  -0.233819 0.00917973  -0.247246 0.00868453  -0.246227
 0.0126471   -0.23286  0.0112328  -0.232245 0.00900811  -0.245159 0.00868099  -0.244145
  0.012604  -0.232701  0.0113738  -0.232076 0.00901191   -0.24439 0.00887584  -0.243376
 0.0110217  -0.232686 0.00976422  -0.232123 0.00732812  -0.244197 0.00733251  -0.243256
0.00989306  -0.233523 0.00866717  -0.233002 0.00612431  -0.244735  0.0062907  -0.243857
0.00810147  -0.234863 0.00674385  -0.234418 0.00410601    -0.2461 0.00433626   -0.24534
0.00668815  -0.236429 0.00523037  -0.236039 0.00252797  -0.247619 0.00279476  -0.246965
 0.00492388   -0.237901  0.00335169   -0.237567 0.000502726   -0.249026 0.000876672   -0.248509
  0.00335511    -0.238957   0.00168676    -0.238664  -0.00124878    -0.249957 -0.000804388    -0.249575
  0.00166706    -0.239857 -0.000126669    -0.239603  -0.00321247    -0.250659  -0.00262276     -0.25044
0.000154308   -0.240082 -0.00174117   -0.239852 -0.00491517   -0.250663 -0.00423718   -0.250597
-0.00149004   -0.239806 -0.00354419   -0.239588 -0.00688673   -0.250087 -0.00603053   -0.250222
-0.00279315   -0.239231 -0.00494253   -0.239016 -0.00842176   -0.249121 -0.00741418   -0.249431
-0.00517509    -0.23819 -0.00751976   -0.237956   -0.011122   -0.247861  -0.0101185   -0.248441
-0.00703207   -0.236641 -0.00948714   -0.236382  -0.0132046   -0.245912  -0.0121871   -0.246713
-0.00936642   -0.235091  -0.0119312   -0.234791  -0.0158211   -0.243828   -0.014731   -0.244936
-0.0110748  -0.232738 -0.0136592   -0.23241 -0.0176907  -0.240846 -0.0165451  -0.242183
-0.0124188  -0.230138 -0.0150599  -0.229752 -0.0192691   -0.23751 -0.0179514  -0.239111
-0.0132306  -0.227231 -0.0158783  -0.226797 -0.0202178  -0.233878 -0.0187241  -0.235681
-0.0133407  -0.224856  -0.015951  -0.224384 -0.0205508  -0.230622 -0.0187659  -0.232606
-0.0132237  -0.222149 -0.0157693  -0.221657 -0.0205728  -0.227159 -0.0185702  -0.229251
-0.0130511  -0.220132 -0.0155475  -0.219614 -0.0206191  -0.224338 -0.0183688  -0.226552
-0.0123505  -0.217673 -0.0147362   -0.21716 -0.0200462  -0.221107 -0.0175304  -0.223362
-0.0120982  -0.215346  -0.014382  -0.214834 -0.0199296  -0.218046 -0.0171562  -0.220411
-0.0113724  -0.213234 -0.0135083  -0.212749 -0.0192708  -0.215245 -0.0162367  -0.217626
-0.0099813  -0.212279 -0.0120721  -0.211795  -0.018112  -0.213604 -0.0147275  -0.215941
-0.00811512   -0.211595  -0.0101206   -0.211155  -0.0164275   -0.212343  -0.0126749   -0.214532
-0.00691958   -0.211044 -0.00887519   -0.210634  -0.0154107   -0.211274  -0.0113085   -0.213407
-0.00558536   -0.210848 -0.00745311   -0.210493  -0.0142248   -0.210616 -0.00980371    -0.21263
-0.00382312   -0.212108  -0.0056399   -0.211831  -0.0127324   -0.211461 -0.00794416   -0.213282
-0.00185874   -0.213489 -0.00360033    -0.21332  -0.0110053   -0.212554 -0.00585538   -0.214115
4.17988e-05    -0.21591 -0.00167555   -0.215854 -0.00940774    -0.21485   -0.003921   -0.216141
 0.00174723   -0.218394 3.26287e-05   -0.218447   -0.007981   -0.217325 -0.00220151   -0.218357
 0.00398513   -0.221614  0.00224516   -0.221827 -0.00610297   -0.220616 1.58896e-05   -0.221284
 0.00590223    -0.22455  0.00412179   -0.224913 -0.00450112   -0.223733  0.00189836   -0.224072
 0.00805721   -0.228145  0.00618822     -0.2287 -0.00274661    -0.22755  0.00398245   -0.227512
   0.0101139    -0.231208   0.00819802    -0.231956 -0.000989813    -0.230857   0.00600976    -0.230436
 0.0126708    -0.2351  0.0106617  -0.236127 0.00115059  -0.235017 0.00853712  -0.234106
  0.014918  -0.238002  0.0128113  -0.239299 0.00307903  -0.238245  0.0107647  -0.236881
 0.0172054  -0.240815  0.0149319  -0.242427 0.00501852  -0.241523   0.012919  -0.239713
0.0193734 -0.242971 0.0169511 -0.244899 0.0069255  -0.24419 0.0149805 -0.241947
 0.0202135  -0.244501  0.0175621  -0.246608 0.00750809  -0.246179  0.0156109  -0.243787
 0.0212014  -0.245779  0.0183917  -0.248057 0.00833433  -0.247939  0.0164428  -0.245364
 0.0219882   -0.24689  0.0189436  -0.249349 0.00890536  -0.249583  0.0170224  -0.246864
 0.0223956  -0.247874   0.019047  -0.250467 0.00911225  -0.251258  0.0171552  -0.248475
 0.0216688  -0.248507  0.0180362  -0.251029 0.00826625   -0.25248  0.0161002   -0.24988
 0.0207896  -0.248859  0.0168503  -0.251292 0.00726872  -0.253429  0.0148933  -0.251031
 0.0190582   -0.24912  0.0148811  -0.251289 0.00550535  -0.254136  0.0128506  -0.252106
 0.0174034  -0.249405  0.0129957  -0.251325 0.00382056  -0.254842  0.0109246  -0.253151
 0.0155899  -0.249216  0.0108322  -0.250902 0.00189586  -0.255128 0.00865533  -0.253841
  0.0139138   -0.247962  0.00884179   -0.249427 0.000174745   -0.254299  0.00660916   -0.253361
  0.0113999   -0.246356  0.00613004   -0.247447 -0.00225657   -0.252853  0.00386549     -0.2524
 0.00882146   -0.244737  0.00333112   -0.245454 -0.00474523   -0.251334   0.0010819   -0.251377
 0.00674588   -0.244331  0.00103574   -0.244753 -0.00686066   -0.250867 -0.00122558   -0.251333
  0.00515509    -0.243149 -0.000645023    -0.243344  -0.00842839    -0.249598  -0.00295942    -0.250381
 0.00323805   -0.241518  -0.0026008   -0.241444  -0.0102138   -0.247855 -0.00495722   -0.248996
 0.00112816   -0.239574 -0.00480621   -0.239206  -0.0122071   -0.245836  -0.0071807   -0.247374
-0.000530627    -0.238163  -0.00667912    -0.237544   -0.0138627     -0.24443  -0.00902945    -0.246295
 -0.0022901   -0.236606 -0.00866314   -0.235709  -0.0156058   -0.242919  -0.0109757   -0.245128
-0.00407566   -0.235575  -0.0106838   -0.234384  -0.0173931   -0.241919  -0.0129713   -0.244472
-0.00530181   -0.234974   -0.012057   -0.233578  -0.0185931   -0.241315  -0.0142911   -0.244105
-0.00561827   -0.235742  -0.0125269    -0.23426   -0.019042   -0.242036  -0.0147568   -0.244913
-0.00599549   -0.236573  -0.0130541   -0.234994  -0.0195241   -0.242826  -0.0152755   -0.245785
-0.00556303   -0.238224  -0.0127583    -0.23667  -0.0193148   -0.244418  -0.0150448   -0.247313
-0.0050996  -0.239569 -0.0123965  -0.238054 -0.0190382  -0.245708 -0.0147112  -0.248543
-0.00564513   -0.240431  -0.0130904   -0.238794  -0.0196573   -0.246592  -0.0154111   -0.249522
-0.00590142   -0.240522  -0.0134388   -0.238815  -0.0199254   -0.246694  -0.0157311   -0.249662
-0.00597803   -0.240337  -0.0134793   -0.238628  -0.0199508   -0.246443  -0.0157924   -0.249402
-0.00610663    -0.23938  -0.0135877   -0.237655  -0.0199864   -0.245532  -0.0159569   -0.248455
-0.00537416    -0.23836  -0.0128811   -0.236727  -0.0192496   -0.244577   -0.015249   -0.247341
-0.00457189   -0.236607  -0.0120355   -0.235101  -0.0183798   -0.242907  -0.0144064   -0.245496
-0.00383224   -0.234749  -0.0112799   -0.233353  -0.0175586    -0.24117  -0.0136311   -0.243592
-0.0029135  -0.233053 -0.0103141  -0.231805 -0.0165471  -0.239591 -0.0126191  -0.241822
-0.00178243   -0.231474 -0.00905712   -0.230432  -0.0153117   -0.238052  -0.0113473   -0.240056
-0.000769094    -0.228502  -0.00792595    -0.227644   -0.0141351    -0.235229    -0.010224    -0.237008
-4.51181e-05    -0.225186  -0.00705102    -0.224467   -0.0130294    -0.232203  -0.00930947    -0.233745
0.000816928   -0.220128 -0.00603068   -0.219568  -0.0117588   -0.227477 -0.00821416   -0.228777
 0.00166855   -0.214354 -0.00503726   -0.213947   -0.010493   -0.222095 -0.00715951   -0.223156
 0.00194081   -0.207259 -0.00464032   -0.206905 -0.00976518   -0.215371  -0.0067332   -0.216287
 0.00245451    -0.19949 -0.00394196   -0.199237 -0.00876529   -0.207911 -0.00599502   -0.208648
 0.00276632   -0.191321  -0.0034643   -0.191132 -0.00797947   -0.200009 -0.00548129   -0.200608
 0.00412393   -0.183546 -0.00195651   -0.183604 -0.00618579   -0.192625   -0.003921   -0.192926
 0.00538281   -0.175582 -0.00051224   -0.175879 -0.00448823   -0.184964 -0.00239014   -0.185003
  0.00688664    -0.168067   0.00114963    -0.168656  -0.00256055    -0.177823 -0.000641742    -0.177571
  0.00854971    -0.160614   0.00303648    -0.161536 -0.000473112    -0.170613   0.00138591    -0.170062
 0.0102573  -0.153434 0.00492284   -0.15472 0.00161055  -0.163682 0.00340366  -0.162835
 0.0116403  -0.146033 0.00648798  -0.147635 0.00338626  -0.156486 0.00512708  -0.155386
 0.0128468  -0.138904 0.00787383  -0.140797 0.00499079  -0.149528 0.00664343  -0.148209
 0.0136601  -0.131799  0.0088492  -0.133913   0.006191  -0.142558 0.00775034  -0.141075
 0.0142506  -0.125234 0.00957763  -0.127531 0.00714823  -0.136095 0.00859087  -0.134494
 0.0144252   -0.11898 0.00987026   -0.12137 0.00766376  -0.129919 0.00896365  -0.128267
 0.0143747  -0.113514 0.00992966  -0.115939 0.00793637  -0.124454 0.00908573  -0.122799
 0.0139008  -0.108361  0.0095183  -0.110726 0.00775866  -0.119321  0.0087242  -0.117725
 0.0133696  -0.104197 0.00902478  -0.106486  0.0074667  -0.115161 0.00826691  -0.113639
 0.0126359  -0.100421  0.0083085  -0.102579 0.00694605  -0.111399 0.00757157  -0.109977
 0.0116249 -0.0975893 0.00726566 -0.0995494 0.00608687   -0.10857 0.00654271  -0.107285
 0.0104403 -0.0956972 0.00600714 -0.0974106 0.00500343   -0.10669 0.00528334  -0.105566
0.00899317 -0.0947141 0.00443246 -0.0961103 0.00360128  -0.105739 0.00370003  -0.104806
0.00767984 -0.0941545 0.00298599 -0.0952525 0.00231372  -0.105259 0.00224865   -0.10449
 0.00603052  -0.0944937  0.00115619  -0.0952018 0.000643662   -0.105688 0.000404395    -0.10512
  0.00477216   -0.0957011 -0.000276135   -0.0961046 -0.000678279    -0.106994  -0.00102704    -0.106582
 0.00305942  -0.0975118 -0.00220625  -0.0974965 -0.00248556   -0.108932 -0.00297272   -0.108731
 0.00151285  -0.0999336 -0.00399078  -0.0995354 -0.00416829   -0.111528 -0.00476515   -0.111524
0.000365254   -0.103189 -0.00540972   -0.102493 -0.00553177   -0.115017 -0.00620568   -0.115172
-0.000522017      -0.1065  -0.00656083    -0.105563  -0.00663443    -0.118623  -0.00736234    -0.118912
-0.00172156   -0.109474 -0.00802421   -0.108223 -0.00802906   -0.121892 -0.00883439   -0.122357
-0.00283951    -0.11221 -0.00939831   -0.110667 -0.00933111   -0.124973  -0.0102329   -0.125599
-0.00390097   -0.114881  -0.0107283   -0.113052  -0.0105879    -0.12802  -0.0115848   -0.128804
-0.00442295   -0.117737  -0.0114387   -0.115778  -0.0113051   -0.131227   -0.012344   -0.132103
-0.00441989   -0.120739  -0.0116501   -0.118751  -0.0115373   -0.134685  -0.0126057    -0.13558
-0.00431837   -0.123013  -0.0117447   -0.121021  -0.0116174   -0.137489  -0.0127504   -0.138369
-0.00424011    -0.12467  -0.0118555    -0.12266  -0.0116905    -0.13966  -0.0128911   -0.140531
-0.00385721   -0.125762  -0.0116199   -0.123814  -0.0113853   -0.141354  -0.0126832   -0.142144
-0.00350212   -0.126494  -0.0114321   -0.124587  -0.0111293   -0.142652  -0.0125106   -0.143381
-0.00277295   -0.126714  -0.0108157   -0.124949  -0.0104314   -0.143493  -0.0119076    -0.14409
-0.00209537   -0.126393  -0.0102656    -0.12475 -0.00979335   -0.143767  -0.0113578   -0.144252
-0.00112981   -0.125459 -0.00936448   -0.124027 -0.00878189   -0.143476  -0.0104479   -0.143796
-0.000236584    -0.123947  -0.00850577    -0.122719  -0.00784043    -0.142528  -0.00959134    -0.142704
0.000891756   -0.122025 -0.00738133    -0.12107   -0.006593   -0.141262 -0.00847246   -0.141245
  0.0021043   -0.119854 -0.00618488   -0.119191 -0.00529558     -0.1397 -0.00725458   -0.139505
 0.00327188   -0.117254 -0.00501788   -0.116883 -0.00398533   -0.137758 -0.00606624   -0.137383
 0.00447986     -0.1144 -0.00378657   -0.114346 -0.00264346    -0.13549 -0.00481401   -0.134944
 0.00534756   -0.111029 -0.00287251   -0.111211 -0.00160772   -0.132663 -0.00389069   -0.131986
 0.00617753   -0.107613 -0.00199693   -0.108028 -0.00062088   -0.129741 -0.00299766   -0.128945
 0.00688315    -0.10387 -0.00123796   -0.104487  0.00027688   -0.126528 -0.00222676   -0.125622
  0.00771364   -0.0998309 -0.000332085    -0.100698   0.00129184    -0.122973   -0.0013072    -0.121951
  0.00821337   -0.0953786  0.000249255   -0.0964081   0.00199941    -0.118983 -0.000718016    -0.117877
  0.00831818   -0.0904909  0.000455806   -0.0915718   0.00234961    -0.114461 -0.000500945    -0.113311
  0.00853414   -0.0856333  0.000776258   -0.0867956   0.00283153    -0.110009 -0.000169301    -0.108805
  0.00842632   -0.0804651   0.00077081   -0.0816196   0.00300684    -0.105154 -0.000145557     -0.10393
  0.00827157   -0.0752226  0.000732096   -0.0763557   0.00315148    -0.100189 -0.000166986   -0.0989505
  0.00828234   -0.0701262  0.000870828   -0.0712946   0.00343537   -0.0953232 -6.31055e-06   -0.0940577
 0.00837097  -0.0649724  0.00110127  -0.0661971  0.00382068  -0.0904118 0.000240994   -0.089116
0.00830991 -0.0598527 0.00117811 -0.0610941 0.00404573 -0.0854837 0.00033792 -0.0841731
0.00836345 -0.0549529 0.00137652 -0.0562377 0.00439323 -0.0808052  0.0005466 -0.0794753
 0.00823632  -0.0500345  0.00137876  -0.0513153  0.00454489  -0.0760712 0.000569928  -0.0747367
 0.00807606  -0.0455613  0.00133506  -0.0468228  0.00464659  -0.0717876 0.000535707   -0.070456
 0.00790771  -0.0412966  0.00127782  -0.0425418  0.00471841  -0.0676823 0.000490957  -0.0663549
 0.00747391  -0.0372593 0.000929408  -0.0384027  0.00451025  -0.0637949 0.000155532  -0.0624894
 0.00746481  -0.0336141  0.00104826  -0.0347895  0.00470294  -0.0602139 0.000297651   -0.058903
  0.00691757   -0.0303013  0.000566297   -0.0313366   0.00433665   -0.0569851 -0.000168709   -0.0557046
  0.00679204    -0.027484  0.000542199   -0.0285119    0.0043636   -0.0541692 -0.000164828   -0.0528934
  0.00663856   -0.0249185  0.000467137   -0.0259254   0.00435842   -0.0516499 -0.000219894   -0.0503851
    0.006417   -0.0222221  0.000335282   -0.0231896   0.00429046    -0.048947 -0.000322996    -0.047698
  0.00598596   -0.0194841 -2.61702e-05   -0.0203418   0.00401725   -0.0462333 -0.000667151   -0.0450139
  0.00508376   -0.0166635 -0.000889146   -0.0172577   0.00327485   -0.0434197  -0.00152369   -0.0422584
 0.00423735  -0.0138699 -0.00169785  -0.0142132  0.00259008  -0.0406635 -0.00233024  -0.0395525
 0.00329609  -0.0110169 -0.00259349  -0.0110753  0.00181304  -0.0377995 -0.00321841  -0.0367442
 0.00184763 -0.00807623 -0.00402355 -0.00768498 0.000523008  -0.0348016 -0.00464723  -0.0338292
 0.000659055  -0.00509453  -0.00516059  -0.00433793 -0.000499502   -0.0317196   -0.0057747   -0.0308221
 -0.00125331  -0.00214609  -0.00706921 -0.000783846  -0.00225972   -0.0285976  -0.00768267   -0.0278291
-0.00246539 0.000853531 -0.00820989  0.00259104 -0.00330763  -0.0253884 -0.00881321   -0.024717
-0.00345649  0.00383391 -0.00912344  0.00587976 -0.00413284   -0.022256 -0.00972024  -0.0216581
-0.00387808  0.00656062  -0.0094286  0.00873003 -0.00439815  -0.0193737  -0.0100116  -0.0188247
-0.00413911  0.00872662   -0.009606   0.0109761 -0.00453427  -0.0171648  -0.0101831  -0.0166312
-0.00407235   0.0105152 -0.00944089   0.0127335 -0.00436321  -0.0153171  -0.0100073  -0.0147925
-0.00395237   0.0120966  -0.0092319   0.0142677 -0.00415095  -0.0137012 -0.00979036  -0.0131742
-0.00378636   0.0136594 -0.00897552   0.0157621 -0.00389463  -0.0121051 -0.00952634  -0.0115666
-0.00360387   0.0152022 -0.00870926    0.017231 -0.00362389  -0.0105613 -0.00925405  -0.0100003
-0.00324677   0.0167994 -0.00824709   0.0186982 -0.00317461 -0.00894671  -0.0087841  -0.0083545
-0.00281932   0.0183393 -0.00771896   0.0200903 -0.00265944 -0.00743294 -0.00825102 -0.00679329
-0.00211699   0.0198461 -0.00689354   0.0213577 -0.00187082 -0.00595112 -0.00741813 -0.00525084
 -0.00123826    0.0213434  -0.00588138    0.0225519 -0.000906292  -0.00449103  -0.00639625  -0.00371069
-7.60741e-05    0.0229721  -0.00454694      0.02378  0.000350848  -0.00285684  -0.00504829   -0.0019848
  0.00106486    0.0243919  -0.00325922    0.0248115   0.00157223  -0.00150242  -0.00375109 -0.000530213
 0.00236891   0.0260015 -0.00178027   0.0259743  0.00296833  7.2744e-05 -0.00226054  0.00115451
  0.00362463    0.0273727 -0.000377782    0.0269181   0.00430027   0.00134713  -0.00084957   0.00253765
 0.00458235   0.0288338 0.000704762    0.028051  0.00533798  0.00270743 0.000238803  0.00398578
 0.0057603  0.0302693 0.00202041  0.0290841 0.00659432 0.00403327  0.0015636 0.00541393
0.00667414  0.0318563 0.00306111  0.0303572 0.00759363 0.00553331 0.00261068 0.00699218
0.00767561  0.0333404 0.00419018  0.0314973 0.00867454 0.00692165 0.00374611 0.00846036
0.00831965   0.034984 0.00494255  0.0329165 0.00940624 0.00849269 0.00450551  0.0100753
0.00903247  0.0364789  0.0057619  0.0341653  0.0101973 0.00991883 0.00533223  0.0115429
 0.0100908  0.0365456 0.00689279  0.0338822  0.0112574  0.0099365 0.00647517  0.0116206
 0.0110834  0.0358045 0.00792025  0.0328154  0.0122086 0.00915119 0.00751068  0.0108865
  0.012242  0.0345306  0.0091021  0.0311933  0.0132955 0.00789758 0.00871061 0.00968993
 0.0129289    0.03256 0.00974986  0.0290292  0.0138738 0.00594977 0.00936782 0.00774696
 0.0135791  0.0299478  0.0103296  0.0262436  0.0143813 0.00335728 0.00995283 0.00515083
   0.0142256    0.0264952    0.0108749    0.0226195    0.0148423 -6.36574e-05    0.0104974   0.00171972
  0.0145271   0.0225271   0.0110282   0.0185879   0.0149305 -0.00399587   0.0106389 -0.00224243
  0.0145044   0.0180402   0.0108154   0.0141429   0.0146698 -0.00842872   0.0104092 -0.00673244
 0.0139794  0.0133493  0.0100483 0.00963519  0.0138967 -0.0131003 0.00961574 -0.0114777
 0.0133065 0.00800972 0.00909422 0.00453498  0.0129449 -0.0184093 0.00863193 -0.0168779
   0.0128461   0.00231102   0.00836617 -0.000976214    0.0121917   -0.0240068   0.00787716   -0.0225469
  0.0126411 -0.00375471  0.00790228 -0.00694216   0.0116797  -0.0299526  0.00739051  -0.0285463
  0.0123729 -0.00989806  0.00737351  -0.0129608   0.0111041  -0.0359455  0.00684213  -0.0345875
 0.0120929 -0.0161887  0.0068239 -0.0191229  0.0105136 -0.0420928 0.00626851 -0.0407906
 0.0115456 -0.0223295 0.00598869 -0.0250522 0.00966492 -0.0480985 0.00541522 -0.0468505
  0.010959 -0.0284036 0.00510937 -0.0308994 0.00878752 -0.0540552 0.00451287 -0.0528687
 0.0104238 -0.0340517 0.00431939 -0.0363367 0.00798617 -0.0595362 0.00370188  -0.058401
0.00966145 -0.0392651 0.00330515 -0.0412684 0.00698171  -0.064582  0.0026608 -0.0635013
0.00888886 -0.0439541 0.00230731 -0.0456789 0.00599205 -0.0690871 0.00163811 -0.0680533
 0.00809922  -0.0480211  0.00131642  -0.0494652  0.00502496  -0.0729792 0.000623187  -0.0719898
  0.00700761   -0.0514409  2.28282e-05   -0.0525081   0.00378646   -0.0762324 -0.000686309   -0.0752848
 0.00593574  -0.0542555 -0.00123224   -0.054953  0.00260754  -0.0789283 -0.00196199  -0.0780144
 0.00498521  -0.0565238 -0.00233379  -0.0568962  0.00156923  -0.0810697 -0.00308249  -0.0801779
 0.00412318   -0.058248 -0.00332048  -0.0583252 0.000654741  -0.0826984  -0.0040898  -0.0818182
   0.0034838   -0.0595718  -0.00404597   -0.0594333 -2.78844e-05    -0.083896  -0.00483202   -0.0830218
  0.00267158    -0.060329  -0.00493405   -0.0599177 -0.000849637   -0.0845538   -0.0057429   -0.0836753
 0.00213754  -0.0607555 -0.00551138  -0.0601645 -0.00139034  -0.0848432 -0.00632404  -0.0839642
 0.00154822  -0.0607296 -0.00613929  -0.0599367 -0.00195252  -0.0847376  -0.0069564  -0.0838479
0.000881988   -0.060251  -0.0068199  -0.0592322 -0.00258002  -0.0841287  -0.0076367  -0.0832289
0.000555612  -0.0591403 -0.00708977  -0.0580229 -0.00282069  -0.0828486 -0.00790313  -0.0819397
3.08476e-05  -0.0571603 -0.00753393  -0.0558777 -0.00323455  -0.0806579 -0.00834579  -0.0797328
-0.00038793  -0.0545137 -0.00782538  -0.0531083 -0.00349577  -0.0777904 -0.00863004  -0.0768461
-0.00065896  -0.0513054 -0.00792742  -0.0498294 -0.00360147     -0.0743 -0.00871457   -0.073349
-0.000553683   -0.0477062  -0.00759658      -0.0463  -0.00329801   -0.0704028  -0.00835998   -0.0694546
-0.000521602   -0.0438175  -0.00732231   -0.0424545   -0.0030647   -0.0661538  -0.00805448   -0.0652157
-0.000504395   -0.0396369  -0.00704052   -0.0383199  -0.00282728   -0.0616037   -0.0077442   -0.0606744
-0.00055639  -0.0352139 -0.00681212  -0.0339205 -0.00265624  -0.0567645 -0.00748168  -0.0558511
-0.000370794   -0.0307151  -0.00632138   -0.0295346  -0.00223646   -0.0518539  -0.00695512   -0.0509649
-0.000362021   -0.0260332  -0.00600905   -0.0249018  -0.00199298   -0.0467459   -0.0066104   -0.0458749
-0.000321193   -0.0211952  -0.00564704   -0.0201317   -0.0017075   -0.0414743   -0.0062176   -0.0406235
-0.000366391    -0.016256   -0.0053671   -0.0152329  -0.00150865   -0.0360865  -0.00591054   -0.0352515
-0.000212742   -0.0115287  -0.00488336    -0.010616  -0.00111736    -0.030912  -0.00539738   -0.0301021
-0.000143758  -0.00692066  -0.00448465  -0.00608573 -0.000819558   -0.0258114  -0.00496709   -0.0250291
  0.00011625  -0.00265587  -0.00389606  -0.00197118 -0.000345665   -0.0210555  -0.00434769   -0.0203122
0.000438508  0.00127639 -0.00324684  0.00178787 0.000172212  -0.0165894 -0.00366589  -0.0158968
0.000591551  0.00483088 -0.00279977  0.00523535 0.000501144  -0.0125249 -0.00319139  -0.0118718
0.000683454   0.0082173 -0.00241922   0.0085365 0.000759902  -0.0086019 -0.00278456 -0.00798631
  0.0010151    0.011327 -0.00179878   0.0114697  0.00124468 -0.00495996 -0.00213715 -0.00439612
0.00151769  0.0141956 -0.0009954  0.0140962  0.0018885 -0.0014991 -0.0013048 -0.0010036
  0.00208476    0.0166141 -0.000159587    0.0162541    0.0025738   0.00145361 -0.000442698   0.00187977
 0.00253432   0.0184679 0.000511566   0.0178995  0.00311434  0.00378845 0.000250716  0.00415537
 0.00270325   0.0197712 0.000842647   0.0191088  0.00334805  0.00549035 0.000595157  0.00582059
 0.00285568   0.0206884  0.00113117   0.0199425  0.00354713  0.00678078 0.000895488  0.00707716
0.00311365  0.0211846 0.00150913  0.0203188 0.00383214 0.00764913 0.00128569 0.00790425
0.00298989  0.0214713 0.00146482  0.0206353 0.00372606 0.00827801 0.00125085 0.00851978
0.00300365   0.021085 0.00152937  0.0202329 0.00372737 0.00822253 0.00132405 0.00844341
0.00316295  0.0200296 0.00172044  0.0191112 0.00384436  0.0075224 0.00152004 0.00771394
0.00375051  0.0182791 0.00232703  0.0171379 0.00435864 0.00612003 0.00213433 0.00624916
0.00409161   0.015992 0.00263875  0.0147298 0.00460354 0.00414895  0.0024489 0.00423601
0.00452504  0.0131868 0.00301477  0.0117751 0.00491857 0.00162314 0.00282473 0.00166155
  0.0050402  0.00973048  0.00344401  0.00814493  0.00528775 -0.00156051  0.00324942 -0.00157579
 0.00527781  0.00580611  0.00353977  0.00415379  0.00536022 -0.00529528  0.00333236 -0.00533582
  0.00548572   0.00137448    0.0035716 -0.000326434   0.00538232  -0.00956431   0.00334793  -0.00962538
 0.00557415 -0.00332033  0.00344746 -0.00502329  0.00527474  -0.0141648  0.00320527  -0.0142295
 0.00568167 -0.00840606  0.00332327   -0.010113  0.00517122  -0.0191496  0.00306125  -0.0192185
0.00571735 -0.0136026 0.00310542  -0.015281 0.00499258 -0.0242963 0.00281871 -0.0243614
0.00570371 -0.0187928 0.00282966 -0.0204223 0.00476564 -0.0294594 0.00251651 -0.0295121
0.00593729 -0.0240193 0.00280989 -0.0256943 0.00478569 -0.0346714 0.00247501 -0.0347338
0.00614659 -0.0293386 0.00275382 -0.0310493  0.0047772 -0.0399932 0.00239653 -0.0400608
 0.0063557 -0.0346186 0.00268879 -0.0363623 0.00477259 -0.0453235 0.00230816 -0.0453949
0.00655851 -0.0398861  0.0026149 -0.0416607 0.00476052 -0.0506495 0.00220719 -0.0507232
0.00654763 -0.0449127 0.00231151 -0.0466323 0.00454822 -0.0558086  0.0018675 -0.0558603
0.00665369 -0.0499473  0.0021314 -0.0516598 0.00444851 -0.0609602 0.00165406 -0.0610004
0.00684233 -0.0545611 0.00206443 -0.0563022  0.0044554 -0.0656751 0.00156088  -0.065717
0.00703067 -0.0584541 0.00203003 -0.0602339 0.00448431 -0.0696644 0.00150468 -0.0697099
0.00708499 -0.0617722 0.00188169 -0.0635404 0.00441101 -0.0730984  0.0013334 -0.0731355
0.00718268 -0.0643526 0.00181284 -0.0661371 0.00440065  -0.075787 0.00124678 -0.0758225
0.00713475 -0.0663319 0.00161499 -0.0680774 0.00428044 -0.0779022  0.0010335 -0.0779228
  0.0071179  -0.0677739  0.00148175  -0.0695015  0.00420155  -0.0794496 0.000887211    -0.07946
 0.00703376  -0.0686092  0.00131313  -0.0702946  0.00409398  -0.0803998 0.000704358  -0.0803974
 0.00685848  -0.0686934  0.00108513  -0.0703107  0.00391202  -0.0805782 0.000464913  -0.0805523
 0.00661591  -0.0681024 0.000832615  -0.0696282  0.00370685  -0.0800691  0.00020313   -0.080018
  0.00634176   -0.0669224   0.00057991    -0.068352   0.00348368   -0.0789453 -5.56176e-05   -0.0788655
  0.00618495   -0.0650994  0.000506284   -0.0664865   0.00341837   -0.0771393 -0.000133732    -0.077056
   0.0058475   -0.0623242  0.000286392   -0.0636073   0.00319734   -0.0743723 -0.000350039   -0.0742624
  0.00556606   -0.0588378  0.000181507   -0.0600458   0.00307579   -0.0708703 -0.000449495   -0.0707506
  0.00503316   -0.0545746  -0.00015093   -0.0556146   0.00272269   -0.0665788 -0.000769539   -0.0664138
  0.00459696   -0.0497523  -0.00033782   -0.0506703   0.00249822   -0.0616893 -0.000934233   -0.0615012
