9.17817e-14 2.18636e-42 2.18636e-42
 3.0836e-06 1.52288e-06 -4.1374e-07
 2.48471e-06 -2.48017e-06 -3.49362e-07
 4.17725e-06 -5.99742e-06 -2.58359e-07
 4.98846e-06 -1.25086e-05  1.13225e-07
 8.54393e-06 -1.78752e-05  3.55681e-07
 1.11294e-05 -1.87441e-05  4.27832e-07
 9.59886e-06 -1.90108e-05  5.65506e-07
 5.60338e-06 -2.49794e-05  8.21887e-07
-2.38802e-06 -2.79166e-05  1.05721e-06
-9.45065e-06 -3.85953e-05  1.04307e-06
-1.41923e-05 -4.92577e-05   9.9906e-07
-2.10457e-05  -5.9387e-05  1.00148e-06
-3.75931e-05 -7.22375e-05  1.10725e-06
-5.39875e-05 -9.39537e-05  1.12039e-06
-7.16177e-05 -0.000118004  1.38147e-06
-9.01711e-05 -0.000152062  1.51384e-06
-0.000106589 -0.000199022  1.71762e-06
-0.000121432 -0.000249273  1.99826e-06
-0.000135345 -0.000305167  2.48027e-06
-0.000149542 -0.000373914  3.09549e-06
-0.000164309 -0.000456837  3.37967e-06
 -0.00017858 -0.000544285  3.65088e-06
-0.000192119 -0.000641386  3.87938e-06
-0.000203421 -0.000748352  4.38517e-06
-0.000213396 -0.000860752  5.02805e-06
-0.000219896 -0.000979889  5.48357e-06
-0.000223991  -0.00110833  6.08575e-06
-0.00022437 -0.00124282 6.92314e-06
-0.00022016 -0.00138538  7.8083e-06
-0.000212003  -0.00152812  8.88228e-06
-0.000198896  -0.00167389  9.92085e-06
-0.000181339  -0.00182387  1.10564e-05
-0.000160058  -0.00197798  1.21215e-05
-0.000137609  -0.00214218  1.31289e-05
-0.000114079  -0.00230857  1.40204e-05
-8.93611e-05  -0.00247182  1.46765e-05
-6.29488e-05  -0.00264435  1.55119e-05
-3.51867e-05  -0.00282066  1.62564e-05
-5.17282e-06  -0.00299848  1.71816e-05
2.57839e-05  -0.0031869 1.79211e-05
5.80517e-05 -0.00336981 1.89061e-05
9.19415e-05 -0.00354845  1.9905e-05
0.000126415  -0.0037283 2.10272e-05
 0.00016115 -0.00391162 2.21407e-05
0.000196148 -0.00409485 2.33246e-05
0.000230109 -0.00428013 2.44755e-05
0.000264834 -0.00447271 2.57436e-05
0.000301024 -0.00466051  2.7028e-05
0.000337176 -0.00485874 2.83647e-05
0.000373302 -0.00504569 2.97637e-05
0.000408489 -0.00523043 3.11653e-05
0.000441262 -0.00542661  3.2341e-05
 0.00047137 -0.00562245 3.35452e-05
0.000497129 -0.00582385 3.46229e-05
0.000519364 -0.00602681 3.56044e-05
0.000541328 -0.00623025  3.6438e-05
0.000561488  -0.0064302 3.73182e-05
0.000577863 -0.00663522 3.78736e-05
0.000592938   -0.006842 3.86466e-05
0.000607909 -0.00705096 3.96024e-05
0.000623247 -0.00726557 4.06709e-05
0.000637078 -0.00748346 4.14297e-05
0.000652104 -0.00770839 4.21196e-05
0.000666741 -0.00793532 4.27642e-05
0.000682787 -0.00816741 4.37822e-05
0.000700773 -0.00840962 4.49342e-05
0.000721041 -0.00865284  4.5868e-05
0.000740798 -0.00890803 4.70807e-05
0.000761327 -0.00916155 4.77957e-05
0.000784265 -0.00942298 4.90243e-05
0.000809773 -0.00968265  5.0196e-05
0.000835044 -0.00994009 5.14837e-05
0.000858443  -0.0101995 5.30306e-05
 0.00087982  -0.0104595 5.46316e-05
0.000898787   -0.010717 5.67698e-05
0.000912973  -0.0109823 5.84834e-05
0.000923122  -0.0112353 6.04227e-05
0.000927598  -0.0114908 6.23814e-05
0.000927285  -0.0117426 6.40966e-05
0.000920278  -0.0120016 6.58141e-05
0.000910265  -0.0122583 6.76258e-05
0.000897252  -0.0125253 6.94412e-05
0.000881507  -0.0127849 7.11043e-05
0.000865749  -0.0130395 7.27186e-05
0.000849575  -0.0132958 7.39342e-05
0.000834984  -0.0135415 7.52315e-05
0.000819533  -0.0137914 7.58335e-05
0.000804456  -0.0140367 7.69849e-05
0.000785325  -0.0142962 7.81966e-05
0.000767644  -0.0145652 7.95334e-05
0.000749254  -0.0148394  8.0835e-05
0.000738117  -0.0150954 8.13176e-05
0.000734042  -0.0153507 8.24904e-05
0.000734636  -0.0156127 8.31044e-05
  0.0007371  -0.0158971 8.36065e-05
 0.00074531  -0.0161785 8.40966e-05
0.000755712  -0.0164802   8.428e-05
0.000771258  -0.0167854 8.44176e-05
0.000796465  -0.0170761   8.449e-05
0.000824079   -0.017384 8.39484e-05
0.000857799  -0.0176831 8.35991e-05
0.000895086  -0.0180067  8.2489e-05
 0.00093993  -0.0183218 8.18083e-05
0.000986447  -0.0186527 8.04828e-05
 0.00103967  -0.0189795 7.87322e-05
 0.00109132  -0.0193145 7.68709e-05
 0.00113435  -0.0196733 7.51894e-05
 0.00118287  -0.0200146 7.31761e-05
 0.00122769  -0.0203645 7.11918e-05
 0.00127328  -0.0207097 6.88351e-05
 0.00131441  -0.0210648 6.66713e-05
  0.0013561  -0.0214109 6.42073e-05
 0.00139954  -0.0217627 6.24723e-05
 0.00145215  -0.0221023 5.96294e-05
0.00150449 -0.0224508 5.6714e-05
 0.00156256  -0.0227988 5.29981e-05
 0.00163024  -0.0231234 4.99988e-05
 0.00169656  -0.0234589 4.69851e-05
0.00177009 -0.0237738  4.409e-05
 0.00183245  -0.0241086 4.10826e-05
 0.00188853  -0.0244394 3.81111e-05
 0.00193674  -0.0247733 3.47282e-05
 0.00196922  -0.0251131 3.18275e-05
 0.00199402  -0.0254398 2.82388e-05
 0.00200483  -0.0257792 2.59447e-05
 0.00200112  -0.0261181 2.30333e-05
 0.00198151  -0.0264671 2.13236e-05
0.00195771 -0.0268044 1.9657e-05
 0.00192358  -0.0271405 1.78367e-05
 0.00188332  -0.0274726 1.63613e-05
0.00183334 -0.0278086 1.4329e-05
 0.00177872  -0.0281341 1.32307e-05
 0.00172837  -0.0284482 1.15374e-05
 0.00168209  -0.0287486 1.03474e-05
 0.00164104  -0.0290427 8.12799e-06
 0.00160178  -0.0293369 6.55644e-06
 0.00156585  -0.0296275 4.92014e-06
0.00153189 -0.0299136 3.2323e-06
 0.00150455  -0.0301907 1.76272e-06
   0.0014847   -0.0304568 -5.78645e-07
 0.00146769  -0.0307237 -2.3242e-06
  0.00145225   -0.0310045 -4.74528e-06
  0.00144863   -0.0312814 -5.82189e-06
   0.0014503   -0.0315594 -7.52936e-06
  0.00146833   -0.0318285 -7.79724e-06
0.00149147 -0.0320974 -9.006e-06
  0.00151452   -0.0323749 -9.60559e-06
   0.0015543   -0.0326336 -8.97847e-06
  0.00159118    -0.032905 -7.97284e-06
  0.00162178   -0.0331928 -7.70463e-06
  0.00163445   -0.0335068 -7.99114e-06
 0.00164841  -0.0338211 -9.1217e-06
  0.00163562   -0.0341667 -1.02369e-05
  0.00162457   -0.0345065 -1.13022e-05
  0.00159572   -0.0348749 -1.33951e-05
  0.00154322    -0.035277 -1.60382e-05
  0.00150946   -0.0356675 -1.84718e-05
  0.00147636   -0.0360677 -2.10899e-05
  0.00146123   -0.0364634 -2.34002e-05
  0.00144733    -0.036869 -2.56922e-05
  0.00145794   -0.0372691 -2.76055e-05
   0.0014835   -0.0376608 -2.83203e-05
  0.00151659   -0.0380622 -2.78446e-05
0.00154674 -0.0384677 -2.808e-05
  0.00157796   -0.0388695 -2.75959e-05
  0.00161328   -0.0392672 -2.77111e-05
  0.00166093   -0.0396488 -2.73363e-05
  0.00170821   -0.0400233 -2.78715e-05
  0.00176074    -0.040385 -2.75908e-05
  0.00181188   -0.0407508 -2.76931e-05
  0.00187698   -0.0410917 -2.65248e-05
  0.00193554   -0.0414339 -2.64987e-05
  0.00198744   -0.0417691 -2.53231e-05
  0.00204148   -0.0420976 -2.48268e-05
  0.00206246   -0.0424419 -2.41907e-05
  0.00209396   -0.0427669 -2.44281e-05
  0.00210241   -0.0430913 -2.37542e-05
   0.0021003   -0.0433972 -2.43331e-05
  0.00206719   -0.0437068 -2.40537e-05
  0.00203243   -0.0439955 -2.46062e-05
  0.00198931   -0.0442734 -2.54338e-05
  0.00193879   -0.0445397 -2.62605e-05
  0.00189038   -0.0447933 -2.70208e-05
  0.00184006   -0.0450448 -2.83609e-05
  0.00181087   -0.0452661 -2.90366e-05
  0.00177315    -0.045485 -3.02981e-05
  0.00173057    -0.045695 -3.05928e-05
  0.00170379   -0.0458858 -3.05321e-05
  0.00167383   -0.0460792 -2.99682e-05
  0.00166579   -0.0462474 -2.96029e-05
  0.00163259   -0.0464238 -2.95909e-05
  0.0016023  -0.0465922 -2.9975e-05
  0.00154026   -0.0467849 -3.06232e-05
  0.00149273    -0.046969 -3.12798e-05
  0.00142778   -0.0471723 -3.19697e-05
  0.00139087   -0.0473729 -3.25469e-05
  0.00136226   -0.0475731 -3.28836e-05
  0.00133991   -0.0477802 -3.33036e-05
   0.0012959   -0.0480108 -3.43587e-05
  0.00126318   -0.0482454 -3.40412e-05
  0.00123472   -0.0484969 -3.37247e-05
  0.00122215   -0.0487595 -3.29844e-05
  0.00121979   -0.0490298 -3.14864e-05
  0.00121846   -0.0493144 -2.92614e-05
  0.00121467    -0.049609 -2.66712e-05
  0.00121154   -0.0499031 -2.38297e-05
  0.00118764   -0.0502065 -2.10375e-05
   0.0011722   -0.0504926 -1.75163e-05
  0.00114123   -0.0507811 -1.47934e-05
   0.0011132   -0.0510541 -1.21745e-05
  0.00108344   -0.0513217 -9.30313e-06
  0.00104893   -0.0515843 -6.44045e-06
 0.000994513   -0.0518553 -3.52959e-06
 0.000943934   -0.0521177 -3.42933e-07
0.000897879  -0.0523791 2.82546e-06
0.000874832  -0.0526325 5.64193e-06
0.000858198  -0.0528819 8.14882e-06
0.000841474  -0.0531304  1.0808e-05
0.000828682  -0.0533736 1.34835e-05
0.000820398  -0.0536064 1.67762e-05
0.000792965  -0.0538512 2.01894e-05
  0.0007849  -0.0540813 2.40406e-05
0.000768741  -0.0543072 2.79278e-05
0.000741057  -0.0545267 3.20432e-05
0.000711038  -0.0547363 3.60455e-05
0.000697854  -0.0549317  4.0303e-05
0.00068337 -0.0551229 4.5297e-05
0.000675742  -0.0553074 4.96055e-05
 0.00067311  -0.0554863 5.36125e-05
0.000661668  -0.0556692  5.7115e-05
0.000669189  -0.0558445 6.08536e-05
0.000678399   -0.056013 6.37297e-05
0.000683791  -0.0561782 6.63398e-05
0.000692352  -0.0563323 6.87016e-05
0.000687034  -0.0564838 7.11687e-05
0.000677155  -0.0566335 7.28368e-05
0.000678493  -0.0567831 7.41785e-05
0.000687658   -0.056932 7.58352e-05
0.000689948  -0.0570894 7.67583e-05
0.000671682  -0.0572632 7.70396e-05
0.000652856  -0.0574308 7.68566e-05
0.000634387  -0.0575945 7.77243e-05
0.000623391  -0.0577444 7.82577e-05
0.000604637  -0.0578895 7.99934e-05
0.000571335  -0.0580384 8.16886e-05
0.000542279  -0.0581842 8.31077e-05
0.000503764   -0.058327 8.45856e-05
0.000473468  -0.0584546 8.67263e-05
0.000422305   -0.058573 8.84034e-05
0.000379194  -0.0586876 8.97705e-05
0.000322182  -0.0588053 9.07745e-05
0.000277793   -0.058922 9.16631e-05
0.000228638   -0.059045  9.2308e-05
0.000185838  -0.0591697 9.29936e-05
0.000153827  -0.0592997 9.35831e-05
0.000117211  -0.0594418 9.44244e-05
8.18738e-05  -0.0595869  9.4174e-05
4.90165e-05  -0.0597372 9.30475e-05
 3.8071e-05  -0.0598788 9.19082e-05
2.23093e-05  -0.0600146 9.10396e-05
 6.1207e-06  -0.0601481 9.05508e-05
-1.18049e-05   -0.0602751  9.07754e-05
-2.45064e-05   -0.0603874  9.09869e-05
-4.47687e-05   -0.0604986  9.14409e-05
-4.1925e-05  -0.0606015 9.12435e-05
-4.49555e-05   -0.0607044  9.07764e-05
-3.8646e-05   -0.060797 9.02073e-05
-4.27995e-05   -0.0608807  8.96551e-05
-3.02718e-05   -0.0609506  8.88751e-05
-3.09491e-05    -0.061013  8.80129e-05
-2.09249e-05   -0.0610567  8.67066e-05
-1.8323e-05  -0.0610927 8.54428e-05
-1.97744e-05    -0.061125  8.32835e-05
-2.35559e-05   -0.0611524  8.07023e-05
-1.85525e-05   -0.0611758   7.7285e-05
-1.15456e-05   -0.0611944  7.42936e-05
-4.49433e-06   -0.0612114  7.12134e-05
3.09377e-06   -0.061238 6.81881e-05
1.88565e-05   -0.061258 6.53776e-05
2.96789e-05  -0.0612793 6.30334e-05
 3.5827e-05  -0.0613059 6.08464e-05
  4.692e-05  -0.0613376 5.90711e-05
6.42712e-05  -0.0613834 5.75315e-05
8.45459e-05  -0.0614366 5.58444e-05
0.000106213   -0.061495 5.36791e-05
 0.00012273  -0.0615557 5.17596e-05
0.000136635  -0.0616153 4.97662e-05
0.000150453  -0.0616757 4.80545e-05
0.000157183  -0.0617312 4.64194e-05
0.000160039  -0.0617864 4.50337e-05
0.000156963  -0.0618377 4.35967e-05
0.000151756  -0.0618924 4.27068e-05
0.000140754  -0.0619521 4.19047e-05
 0.00012796  -0.0620126 4.14816e-05
0.000113436  -0.0620763 4.10364e-05
8.80419e-05  -0.0621466 4.01372e-05
 7.1128e-05  -0.0622148 3.91344e-05
4.26441e-05  -0.0622819 3.79413e-05
1.96198e-05  -0.0623483 3.69475e-05
1.43369e-07  -0.0624126 3.61957e-05
-1.85531e-05   -0.0624644  3.56481e-05
-4.56636e-05   -0.0625064  3.51214e-05
-7.47073e-05   -0.0625421  3.49551e-05
-0.00010777   -0.062567  3.4869e-05
-0.000133218   -0.0625832  3.43404e-05
-0.000160756   -0.0625949  3.38942e-05
-0.000186217   -0.0626077   3.3541e-05
-0.000211017   -0.0626233     3.32e-05
-0.000236177   -0.0626307  3.33135e-05
-0.000260785   -0.0626237  3.34949e-05
-0.000278982   -0.0625996  3.38892e-05
-0.00030031  -0.0625754 3.41651e-05
-0.000312905   -0.0625537  3.46973e-05
-0.000318385   -0.0625336  3.55785e-05
-0.000318539   -0.0625066  3.69195e-05
-0.000308661   -0.0624693  3.84052e-05
-0.000296973   -0.0624299  3.99006e-05
-0.000278665   -0.0623881  4.13765e-05
-0.000261128   -0.0623411  4.30524e-05
-0.000249643   -0.0622853  4.49132e-05
-0.000234498   -0.0622224  4.69351e-05
-0.000217329    -0.062153  4.91033e-05
-0.000202508   -0.0620782  5.08247e-05
-0.000191515   -0.0619953  5.27006e-05
-0.000179241   -0.0619048  5.45835e-05
-0.000164747   -0.0618105  5.62746e-05
-0.000150455   -0.0617119  5.79527e-05
-0.000130624    -0.061611  5.92502e-05
-0.000117495   -0.0615118  6.01899e-05
-9.47921e-05   -0.0614055  6.11007e-05
-7.61731e-05   -0.0612982  6.19475e-05
-6.57028e-05    -0.061192  6.23596e-05
-4.74157e-05   -0.0610888  6.23248e-05
-3.6889e-05  -0.0609898 6.19156e-05
-2.77472e-05   -0.0608991  6.11325e-05
-1.86195e-05   -0.0608139  6.02855e-05
-3.40919e-05   -0.0607419  5.98897e-05
-4.74828e-05   -0.0606644  5.90245e-05
-5.74564e-05   -0.0605821  5.80016e-05
-6.52665e-05   -0.0604955  5.69031e-05
-7.53745e-05   -0.0604072  5.59411e-05
-8.57373e-05   -0.0603199  5.51423e-05
-9.83219e-05   -0.0602389  5.44884e-05
-0.000107721   -0.0601625  5.39795e-05
-0.00011597  -0.0600896  5.3858e-05
-0.000124589   -0.0600241   5.3515e-05
-0.000126798   -0.0599515  5.32254e-05
-0.000133294   -0.0598699  5.32302e-05
-0.000144833   -0.0597859  5.32787e-05
-0.00015525  -0.0596964 5.32363e-05
-0.00017359  -0.0596035 5.28896e-05
-0.000196905   -0.0595096  5.23478e-05
-0.000212246   -0.0594022  5.17887e-05
-0.000229562   -0.0592845  5.12232e-05
-0.000239935    -0.059159  5.04944e-05
-0.000255637   -0.0590187  5.01922e-05
-0.000266067   -0.0588678   4.9816e-05
-0.000279414   -0.0587101  4.94858e-05
-0.000289718   -0.0585393  4.89773e-05
-0.000290348   -0.0583586  4.81793e-05
-0.000294507   -0.0581714  4.73196e-05
-0.00028903  -0.0579781 4.65763e-05
-0.000285777   -0.0577863  4.61665e-05
-0.000275494   -0.0575918   4.5834e-05
-0.000268798   -0.0573859   4.5202e-05
-0.000266139   -0.0571699  4.44044e-05
-0.000266119   -0.0569492  4.38639e-05
-0.00025032  -0.0567264 4.33164e-05
-0.000239965   -0.0564999  4.30434e-05
-0.000225492   -0.0562722  4.27015e-05
-0.000215787   -0.0560477  4.24389e-05
-0.000205769   -0.0558263  4.22775e-05
-0.000203159   -0.0556082  4.24182e-05
-0.000204914   -0.0553874  4.26385e-05
-0.000206688   -0.0551718  4.30394e-05
-0.000210885    -0.054965  4.35815e-05
-0.000212382   -0.0547705   4.3972e-05
-0.000223269   -0.0545931  4.41986e-05
-0.000231219   -0.0544259  4.40702e-05
-0.000236924   -0.0542619  4.40478e-05
-0.000238158   -0.0540985  4.41625e-05
-0.000242726   -0.0539325   4.4651e-05
-0.000250718   -0.0537689  4.53103e-05
-0.000253964   -0.0535978  4.54647e-05
-0.000256442   -0.0534194  4.55713e-05
-0.000261417   -0.0532292  4.53751e-05
-0.000271192   -0.0530314   4.5114e-05
-0.000278601    -0.052826  4.47734e-05
-0.000284255   -0.0526136  4.46316e-05
-0.000287428   -0.0523946  4.37809e-05
-0.000288952   -0.0521667  4.27912e-05
-0.000296174   -0.0519356  4.14856e-05
-0.00030105  -0.0517017 4.00355e-05
-0.000300015   -0.0514622  3.86786e-05
-0.000298096   -0.0512199  3.78017e-05
-0.000296391   -0.0509755   3.7345e-05
-0.000296636   -0.0507287  3.74669e-05
-0.00030032  -0.0504847 3.79206e-05
-0.000305661    -0.050238   3.8611e-05
-0.000312237   -0.0499918  3.95167e-05
-0.000310684   -0.0497471  4.05998e-05
-0.000318547   -0.0495033  4.18795e-05
-0.000313401   -0.0492625  4.31898e-05
-0.000313106   -0.0490248   4.4681e-05
-0.000306108   -0.0487944  4.62413e-05
-0.000306534   -0.0485772  4.80622e-05
-0.000290019   -0.0483675  5.01617e-05
-0.000278267    -0.048152  5.20182e-05
-0.000269018   -0.0479251  5.31049e-05
-0.000259003   -0.0476861  5.39921e-05
-0.000267776   -0.0474391  5.44155e-05
-0.000273365   -0.0471862   5.4666e-05
-0.000295381   -0.0469304  5.48371e-05
-0.000307078   -0.0466637  5.53242e-05
-0.000320732    -0.046387  5.49203e-05
-0.000331195   -0.0460989  5.43165e-05
-0.00035523  -0.0458081 5.29117e-05
-0.000377512    -0.045516  5.12229e-05
-0.000397522   -0.0452252  4.92132e-05
-0.000417222   -0.0449369  4.69659e-05
-0.000447778   -0.0446445  4.48676e-05
-0.000472484   -0.0443481  4.29395e-05
-0.000502874   -0.0440446  4.05834e-05
-0.00052276  -0.0437299 3.83927e-05
-0.000542535   -0.0434122  3.62705e-05
-0.000558208   -0.0430936  3.44178e-05
-0.000564389   -0.0427795  3.25742e-05
-0.000567731   -0.0424685   3.0539e-05
-0.000564687   -0.0421662  2.82872e-05
-0.000564642   -0.0418764  2.58501e-05
-0.000535371   -0.0415944  2.34641e-05
-0.000514271   -0.0413181  2.11057e-05
-0.0004794 -0.0410502 1.9259e-05
-0.000451521    -0.040782  1.75106e-05
-0.000416943   -0.0405128  1.55344e-05
-0.000386252   -0.0402372  1.35078e-05
-0.000353037   -0.0399592  1.12062e-05
-0.000323651   -0.0396723  8.97018e-06
-0.000290964   -0.0393795  6.52762e-06
-0.000265271   -0.0390809  4.01413e-06
-0.000219324   -0.0387812  1.47352e-06
-0.000184029   -0.0384726 -1.35074e-06
-0.000140494   -0.0381642 -4.74448e-06
-0.000109714   -0.0378438 -8.13336e-06
-8.52444e-05   -0.0375186 -1.13925e-05
 -7.1424e-05   -0.0371876 -1.43619e-05
-6.99576e-05   -0.0368584 -1.72054e-05
-7.31411e-05   -0.0365248 -1.96017e-05
-7.67928e-05   -0.0361975 -2.20027e-05
 -9.0922e-05   -0.0358632 -2.41522e-05
-9.73558e-05   -0.0355315 -2.62812e-05
-0.000112975   -0.0351999 -2.82215e-05
-0.000138792   -0.0348778 -2.97502e-05
-0.000173672   -0.0345568  -3.0844e-05
-0.000196751   -0.0342393 -3.19978e-05
-0.000222635   -0.0339248 -3.30131e-05
-0.000254917   -0.0336239 -3.37073e-05
-0.000291048   -0.0333236 -3.39354e-05
-0.000325104    -0.033035 -3.35873e-05
-0.000355748   -0.0327478 -3.29223e-05
-0.000394834   -0.0324665 -3.19284e-05
-0.000428251   -0.0321836 -3.06452e-05
-0.000464802   -0.0319067 -2.92862e-05
-0.000500213   -0.0316242 -2.79603e-05
-0.000543296   -0.0313487 -2.66475e-05
-0.000580997   -0.0310639 -2.52594e-05
-0.000617921   -0.0307789 -2.35445e-05
-0.000652884   -0.0304874 -2.17032e-05
-0.000663666   -0.0301937 -2.01179e-05
-0.000677693   -0.0298966 -1.83327e-05
-0.000686909   -0.0295989 -1.64698e-05
-0.000688647   -0.0293021 -1.39421e-05
-0.000670435   -0.0290046 -1.15761e-05
-0.000649232   -0.0287047   -9.184e-06
-0.000613648   -0.0284057 -7.11127e-06
-0.000579348   -0.0281065 -5.15687e-06
-0.000540413   -0.0278038  -3.2717e-06
-0.000504533   -0.0274892 -1.60924e-06
-0.000455668    -0.027172 -7.39532e-07
-0.000405813   -0.0268548 -2.06832e-07
-0.00036398  -0.0265482 -4.1183e-07
-0.000331863   -0.0262317 -6.13335e-07
-0.000295222   -0.0259117 -9.31653e-07
-0.000254925   -0.0255896 -1.12936e-06
-0.000221304   -0.0252726 -1.11923e-06
-0.000186334   -0.0249551 -9.04982e-07
 -0.00015108   -0.0246435 -7.80549e-07
-0.000126941   -0.0243348 -8.20078e-07
-0.000117751   -0.0240378 -9.80463e-07
-0.000107891   -0.0237422 -1.20318e-06
-0.000111444   -0.0234532 -1.46848e-06
-0.000116529   -0.0231615 -1.68033e-06
-0.000104547   -0.0228689 -1.67327e-06
-9.87157e-05   -0.0225678 -1.76351e-06
-9.73228e-05   -0.0222635 -2.14649e-06
-9.54053e-05   -0.0219526 -2.16545e-06
 -0.00010812   -0.0216393 -2.13359e-06
 -0.00012302    -0.021319 -1.98468e-06
-0.000136808   -0.0209989 -1.74603e-06
-0.000154409   -0.0206809 -1.52631e-06
-0.000176372   -0.0203639  -1.5883e-06
-0.000196462   -0.0200343 -1.21874e-06
-0.000212863   -0.0197034 -6.10152e-07
-0.000231992   -0.0193553  3.21228e-07
-0.000250639   -0.0190012  1.54035e-06
-0.00025904  -0.0186362 2.74383e-06
-0.000272335   -0.0182644   3.7411e-06
-0.000281956   -0.0178901  4.60714e-06
-0.000309472    -0.017519  5.79117e-06
-0.000335695   -0.0171471  6.75716e-06
-0.000365685   -0.0167811  7.92617e-06
-0.000399286   -0.0164162   8.7096e-06
-0.000432836   -0.0160557  9.41627e-06
-0.000460919   -0.0156953   1.0006e-05
-0.000485584   -0.0153397  1.04505e-05
-0.000503052    -0.014987   1.0801e-05
-0.000515939   -0.0146423  1.10121e-05
-0.00052097  -0.0143036 1.11753e-05
-0.000521592   -0.0139751   1.1082e-05
-0.000514064    -0.013653  1.10862e-05
-0.000504755   -0.0133432  1.10226e-05
-0.000491479   -0.0130398  1.10224e-05
-0.00047232  -0.0127489 1.09704e-05
-0.000449334   -0.0124702  1.09407e-05
-0.000420741   -0.0122037  1.09865e-05
-0.000394432   -0.0119433  1.12454e-05
-0.00036133  -0.0116953 1.15617e-05
 -0.0003351  -0.0114572 1.19211e-05
-0.000300149   -0.0112288  1.24335e-05
-0.000267878   -0.0110087  1.31386e-05
-0.000241971   -0.0107987  1.40882e-05
-0.000220959   -0.0105909  1.53282e-05
-0.000194635   -0.0103826   1.6624e-05
-0.000170014   -0.0101739  1.81285e-05
-0.000146396  -0.00996679  1.97927e-05
-0.000133087  -0.00976232  2.13882e-05
-0.000128821  -0.00956085  2.33957e-05
-0.000126961  -0.00935413  2.56341e-05
-0.000125124  -0.00914328   2.7808e-05
-0.000129636   -0.0089285  3.01702e-05
-0.000133582  -0.00871237  3.24621e-05
-0.000145115  -0.00849263  3.48329e-05
-0.000155701  -0.00826987  3.71618e-05
-0.000172471  -0.00804275  3.95592e-05
-0.000188366  -0.00781211    4.173e-05
-0.000209079  -0.00757975  4.41384e-05
-0.000231215  -0.00734724  4.64148e-05
-0.000252966  -0.00711346   4.8842e-05
-0.000275611  -0.00687953  5.10133e-05
-0.000292522  -0.00664375  5.30963e-05
-0.000308705   -0.0064104  5.49686e-05
-0.000322913  -0.00617717  5.70054e-05
-0.00033956 -0.00594347 5.88429e-05
-0.000350473  -0.00570927  6.06507e-05
-0.000354747  -0.00547409  6.21415e-05
-0.000361097  -0.00524244  6.37625e-05
-0.000361835   -0.0050111  6.50403e-05
-0.000361907  -0.00478227  6.61677e-05
-0.000364908  -0.00455781  6.70633e-05
-0.000369523  -0.00433609   6.8007e-05
-0.000371354  -0.00411832  6.87547e-05
-0.000375245  -0.00390632  6.96413e-05
-0.00037577 -0.00369795 7.03755e-05
-0.000375306  -0.00349802  7.11406e-05
-0.000374543  -0.00330384  7.17564e-05
-0.000368635  -0.00311629  7.23638e-05
-0.00037067 -0.00293525 7.25753e-05
-0.000362181  -0.00276277  7.29009e-05
-0.000361475    -0.002598  7.28396e-05
-0.000359942  -0.00244008  7.29576e-05
-0.000357388  -0.00228458  7.28716e-05
-0.000350884  -0.00213321  7.29384e-05
-0.000335598  -0.00198586  7.29759e-05
-0.000321356  -0.00184291  7.31345e-05
-0.000305554  -0.00170335  7.31215e-05
-0.000280345  -0.00156781  7.29706e-05
-0.000260275  -0.00143532  7.26311e-05
-0.00022658 -0.00130858  7.2104e-05
-0.000206416  -0.00118403  7.13807e-05
-0.000190375  -0.00106393  7.08695e-05
-0.000184994 -0.000949761  7.02761e-05
-0.000181909 -0.000846206  7.00752e-05
-0.000184736 -0.000750422  6.97501e-05
-0.000188319 -0.000661398  6.94984e-05
-0.000192757  -0.00057711  6.92391e-05
-0.000197412  -0.00049783  6.90984e-05
-0.000205487 -0.000422253  6.88813e-05
-0.000214734  -0.00035212  6.88265e-05
-0.000229186 -0.000286605  6.87451e-05
-0.000246948  -0.00022577  6.86783e-05
-0.000270311  -0.00016769  6.84118e-05
-0.000292852 -0.000117201  6.84397e-05
-0.000318715 -6.92581e-05  6.83296e-05
-0.000343227 -2.93458e-05  6.84881e-05
-0.000362069  5.75658e-06  6.87073e-05
-0.000385039  3.57815e-05  6.89442e-05
-0.00040308 6.17512e-05 6.91414e-05
-0.000422645  8.14462e-05    6.938e-05
-0.000435545  9.68684e-05   6.9577e-05
-0.00044958 0.000105454 6.97718e-05
-0.000468859  0.000107741  6.97674e-05
-0.000486078  0.000101404  6.97121e-05
-0.000505971  9.01891e-05  6.93645e-05
-0.000516154  7.07094e-05  6.90371e-05
-0.000524967  4.44228e-05  6.87095e-05
-0.000532903  9.38299e-06  6.82968e-05
-0.000533672 -3.16517e-05  6.78987e-05
-0.000527825 -7.86088e-05  6.73852e-05
-0.000512127 -0.000128794  6.70166e-05
-0.000493059 -0.000185955    6.654e-05
-0.000477873 -0.000245929  6.57331e-05
 -0.00046726 -0.000309079  6.47902e-05
-0.000455439  -0.00037284  6.37095e-05
-0.000443233 -0.000438107  6.26383e-05
-0.000426093 -0.000502181  6.15854e-05
-0.000408231 -0.000565617  6.05971e-05
-0.000391916 -0.000624045  5.94119e-05
-0.000371728 -0.000678201  5.82158e-05
-0.000351895 -0.000726656  5.69581e-05
-0.000332343 -0.000768546  5.57655e-05
-0.000307735 -0.000804112  5.46046e-05
-0.000284028 -0.000833444  5.36527e-05
-0.000263171 -0.000856696  5.26847e-05
-0.000244537 -0.000874158  5.18682e-05
 -0.00023053 -0.000886814  5.09725e-05
-0.000213874   -0.0008939  5.01895e-05
-0.000202815 -0.000896818  4.93191e-05
-0.000191149 -0.000895339  4.86796e-05
-0.000178625 -0.000888963  4.78784e-05
-0.000173341 -0.000875156  4.69821e-05
-0.000165214 -0.000852357  4.59639e-05
 -0.00015994 -0.000822341  4.49427e-05
-0.000158141  -0.00078595  4.37897e-05
-0.000164028 -0.000744834  4.26391e-05
-0.000168982 -0.000700567  4.12824e-05
 -0.00017408 -0.000653299  3.99129e-05
 -0.00017824 -0.000603456  3.84026e-05
-0.000187048 -0.000552581  3.69489e-05
-0.000192746 -0.000500084  3.54483e-05
-0.000199304 -0.000445972  3.39455e-05
-0.000204404 -0.000390959  3.23963e-05
-0.000213081 -0.000337998  3.08672e-05
-0.000220155 -0.000286282  2.91536e-05
-0.000230484 -0.000238022  2.74563e-05
-0.000241723 -0.000193054  2.55897e-05
-0.000249291 -0.000152498  2.37698e-05
-0.00025558 -0.00011373 2.18231e-05
-0.000266084 -7.76609e-05  1.99176e-05
-0.000279679 -4.36637e-05  1.77855e-05
-0.000293834 -1.46915e-05  1.58751e-05
-0.000304988  7.86317e-06  1.41177e-05
-0.000309999  2.38091e-05  1.26069e-05
-0.000314198  3.55187e-05  1.11629e-05
-0.000319904  4.29099e-05  9.70654e-06
-0.000318067  4.74657e-05  8.27509e-06
-0.00031805 4.50635e-05 6.84987e-06
-0.000320053  3.59637e-05  5.28968e-06
-0.000329343  2.00596e-05  3.78712e-06
-0.000333243 -1.89917e-06  2.30892e-06
-0.000338199 -2.93404e-05  9.55058e-07
  -0.0003439 -6.34932e-05 -4.15257e-07
-0.000343601 -0.000103257 -1.56021e-06
-0.000342071 -0.000148437 -2.65999e-06
-0.000337806 -0.000196786 -3.54557e-06
-0.000333446 -0.000249078 -4.50832e-06
-0.000327467 -0.000302782 -5.29961e-06
-0.000320492 -0.000356484 -6.02334e-06
-0.000318085 -0.000410253 -6.62455e-06
-0.000315027  -0.00046501 -7.18754e-06
-0.000311874 -0.000519501 -7.54552e-06
-0.000308543  -0.00057381 -7.88343e-06
-0.000301306 -0.000626101 -7.95876e-06
 -0.00029623 -0.000678172 -8.07873e-06
-0.000293223 -0.000725564 -8.17672e-06
-0.000290966 -0.000765306  -8.2267e-06
-0.000286845 -0.000799182 -8.16171e-06
-0.000284319 -0.000825201 -8.04402e-06
-0.000279779 -0.000845156 -7.78375e-06
-0.000276421 -0.000859264  -7.5831e-06
-0.000272611 -0.000867095 -7.27434e-06
-0.000267948 -0.000867031 -7.00877e-06
-0.000263015 -0.000859874 -6.70815e-06
-0.000258251  -0.00084646 -6.45901e-06
-0.000256702  -0.00082602 -6.21521e-06
-0.000252897 -0.000795769 -5.96248e-06
-0.000251261 -0.000757946 -5.66086e-06
-0.000245885 -0.000712203 -5.41074e-06
 -0.00024324 -0.000660407 -5.19408e-06
