1.76779e-39 1.76779e-39 1.76779e-39 1.76779e-39 1.76779e-39 1.76779e-39 1.76779e-39 1.76779e-39
-3.80646  149.928 -3.70631 -162.225  -5.3808  158.035 -5.13691 -154.356
-3.80293  149.826 -3.71185 -162.238 -5.36885  158.022 -5.12622 -154.338
-3.80011  149.819 -3.71562 -162.245 -5.34533  158.016 -5.11685 -154.345
-3.79747  149.982 -3.72692 -162.295 -5.31416  158.012 -5.09921  -154.35
-3.79731  149.977 -3.73838   -162.3 -5.28864  158.006 -5.08773 -154.354
-3.79576  150.131 -3.75153 -162.305 -5.27729   157.95 -5.08902 -154.358
-3.79698  150.124 -3.76219 -162.311 -5.26797  157.945 -5.09447 -154.365
-3.80122  150.038 -3.76542 -162.302 -5.25334  157.938 -5.09652 -154.376
-3.80932  150.032 -3.77034 -162.307 -5.25797   157.94 -5.10054 -154.378
-3.81814  149.959 -3.75312 -162.295 -5.27109  157.936 -5.10972 -154.388
-3.83483  149.953 -3.74603 -162.303 -5.28784   157.93 -5.12463 -154.396
-3.84761  149.888 -3.76181 -162.392 -5.30953  157.924 -5.14204 -154.415
-3.86857  149.882 -3.78129 -162.397 -5.32974   157.91 -5.16195 -154.417
-3.89152  149.871 -3.79664 -162.409 -5.35533  157.904 -5.17836 -154.433
-3.92101  149.862 -3.82498 -162.416 -5.37326    157.9 -5.20696 -154.435
 -3.9424  149.855 -3.85199  -162.42  -5.3956  157.894 -5.23001 -154.439
-3.94354  149.848 -3.88068 -162.427 -5.40785   157.89 -5.25436 -154.444
-3.95603  149.844 -3.91832 -162.426 -5.42932  157.884 -5.28401 -154.447
-3.97156  149.837 -3.95766 -162.428 -5.45736  157.881 -5.31704  -154.45
-3.99826  149.832 -3.99666 -162.435 -5.47842  157.877 -5.34013 -154.454
-4.02639  149.827 -4.00786  -162.44  -5.5102  157.873 -5.37198 -154.458
-4.05126   149.82 -4.04528 -162.447 -5.54918  157.871 -5.40595 -154.459
-4.11194  149.816 -4.05003 -162.454 -5.58725  157.865 -5.45269 -154.465
-4.18423  149.806  -4.0577  -162.46 -5.63335  157.863 -5.49405 -154.466
-4.25132  149.806 -4.09024 -162.465 -5.67049   157.86 -5.54488 -154.469
-4.30449  149.802 -4.12973 -162.471 -5.72439  157.857 -5.59682 -154.467
-4.34555  149.799 -4.18402 -162.471 -5.77971  157.859 -5.65251 -154.468
-4.39666  149.795 -4.24356 -162.473 -5.83736  157.855 -5.69602 -154.466
-4.44898  149.794 -4.30424 -162.476  -5.9012  157.856 -5.74665 -154.466
-4.50905  149.798 -4.37997 -162.475 -5.95748   157.86 -5.81036 -154.467
-4.57852  149.798 -4.44574 -162.477 -6.02597  157.858 -5.87874 -154.461
-4.65198  149.795 -4.51959 -162.474  -6.1025  157.861 -5.95543 -154.456
-4.74363  149.804 -4.58789 -162.476  -6.1772   157.86 -6.03321 -154.454
-4.83072  149.806 -4.65927 -162.468 -6.25401  157.863  -6.0984 -154.447
-4.89724  149.813 -4.74888 -162.468 -6.33397  157.863 -6.17651 -154.448
-4.98658  149.821 -4.83277 -162.457 -6.42856  157.874 -6.27608 -154.436
-5.06217  149.832 -4.92375 -162.457 -6.52607   157.88 -6.36904 -154.434
-5.15756  149.832 -5.00555 -162.442 -6.61706  157.891 -6.46712 -154.427
-5.27036  149.846 -5.09318 -162.435 -6.71183  157.899 -6.55637 -154.414
-5.36206  149.854 -5.17078 -162.429 -6.80158  157.911 -6.64613  -154.41
-5.45821  149.858 -5.26926 -162.418 -6.90738  157.921 -6.74251 -154.393
 -5.5668  149.869 -5.37306 -162.406 -7.01331  157.926 -6.85226 -154.382
-5.67428  149.874 -5.46806 -162.391 -7.12756  157.937 -6.95279 -154.375
-5.78346  149.886 -5.57116 -162.384 -7.22487  157.951 -7.06807 -154.359
-5.90144   149.89 -5.66717 -162.372 -7.34345  157.961  -7.1775 -154.347
-6.00894  149.907  -5.7805 -162.364  -7.4595  157.967 -7.28692 -154.329
-6.12631   149.92 -5.88341 -162.346 -7.57493  157.978  -7.3944 -154.323
-6.22429  149.928 -6.00217 -162.338 -7.70143  157.985 -7.51089   -154.3
-6.33355  149.952 -6.11741 -162.317 -7.83067      158 -7.61864  -154.29
-6.46264  149.974 -6.24862 -162.294 -7.95457  158.006 -7.74588 -154.275
-6.61538  149.988 -6.37846 -162.287 -8.08962  158.027 -7.86468 -154.267
  -6.729   150.01 -6.49349 -162.268  -8.2111  158.034 -8.00019 -154.244
-6.85712   150.02 -6.61908 -162.253 -8.35018  158.058 -8.13311 -154.228
-6.98856  150.044  -6.7439 -162.236 -8.48673  158.073 -8.27876 -154.214
-7.12526  150.058 -6.88342 -162.222 -8.61812  158.094 -8.41969  -154.19
-7.24331  150.078 -7.03132 -162.207 -8.76419  158.102 -8.57571 -154.173
-7.36642  150.097 -7.18674 -162.196  -8.9192  158.118 -8.73123 -154.149
-7.50882  150.109 -7.31606 -162.174 -9.08107  158.129  -8.8886  -154.14
 -7.6579   150.13  -7.4688 -162.159 -9.24235   158.15  -9.0569 -154.122
-7.82239  150.147 -7.61563 -162.133 -9.40801  158.161 -9.19615 -154.098
-7.96915  150.156 -7.77592 -162.127 -9.56956  158.183 -9.35083 -154.081
-8.13387  150.184 -7.91799   -162.1 -9.75293  158.199 -9.49412 -154.057
-8.28192  150.197 -8.07595 -162.094 -9.91419  158.207 -9.66323 -154.045
-8.46275  150.216 -8.22277 -162.066 -10.0935  158.235 -9.84718 -154.018
-8.63341  150.244 -8.38837 -162.059  -10.281  158.244 -10.0257     -154
-8.80989  150.251 -8.56027 -162.029  -10.471  158.273 -10.1849 -153.973
-8.99042  150.282 -8.73679 -162.013  -10.684  158.281 -10.3691  -153.96
-9.15527  150.291 -8.93611     -162 -10.8973  158.304 -10.5289  -153.94
 -9.3412  150.323 -9.11107 -161.982 -11.1009  158.313 -10.7394 -153.917
-9.51418  150.339 -9.30846 -161.953 -11.3014  158.344 -10.9308 -153.895
-9.72422  150.364 -9.50609 -161.936 -11.5331  158.367 -11.0919  -153.88
-9.91144  150.379 -9.72241 -161.921  -11.754  158.386 -11.3088  -153.85
 -10.132  150.407 -9.94003 -161.892 -11.9808  158.408 -11.4979  -153.82
-10.3505  150.429 -10.1758 -161.871 -12.1805  158.439  -11.716 -153.804
-10.5906  150.462 -10.3967 -161.862 -12.3953  158.457 -11.9178 -153.783
-10.8057  150.485 -10.6106  -161.84 -12.5915   158.48 -12.1411 -153.751
-11.0417  150.507 -10.8219 -161.835 -12.8222  158.501 -12.3698 -153.733
-11.2433  150.515 -11.0547   -161.8 -13.0242  158.512 -12.5955 -153.699
-11.4716  150.548 -11.2834 -161.795 -13.2671  158.547  -12.834 -153.683
-11.7052  150.555 -11.5238 -161.773 -13.4969  158.556 -13.0571 -153.649
-11.9287  150.589 -11.7495 -161.768 -13.7392  158.591 -13.3033 -153.636
-12.1657  150.604 -11.9824 -161.732 -13.9651  158.603 -13.5418 -153.612
-12.4009  150.624 -12.2402 -161.714 -14.1957  158.642 -13.7837 -153.575
-12.6397  150.647 -12.5195 -161.682 -14.4419  158.667 -14.0434  -153.55
-12.8708  150.683 -12.7897 -161.659  -14.672  158.681 -14.2839 -153.512
  -13.15  150.692 -13.0472  -161.62 -14.9167  158.706 -14.5508 -153.502
-13.4295  150.718 -13.3001 -161.596 -15.1872  158.721 -14.8047 -153.457
-13.6926  150.728 -13.5653 -161.573 -15.4532  158.749 -15.0756 -153.448
-13.9739   150.77 -13.8283 -161.551 -15.7009  158.794 -15.3307 -153.404
-14.2473  150.777 -14.0815 -161.539 -15.9643   158.81 -15.5853 -153.392
-14.5264  150.808 -14.3679 -161.497 -16.2514  158.847 -15.8414 -153.352
-14.8176  150.834 -14.6358 -161.469 -16.5483   158.89 -16.1511 -153.317
-15.0855  150.847 -14.9334 -161.455 -16.8469  158.926 -16.4223 -153.286
 -15.359  150.889 -15.2518 -161.405 -17.1564  158.947 -16.6703 -153.269
-15.6022  150.921 -15.5663 -161.391 -17.4442  158.994 -16.9597 -153.223
-15.9031   150.94 -15.8913 -161.355 -17.7713  159.019 -17.2261 -153.194
-16.1807  150.989 -16.1785 -161.323 -18.0746  159.056 -17.5293 -153.147
-16.4913  151.019 -16.4589 -161.295  -18.371  159.081 -17.8155 -153.099
-16.8278  151.067  -16.783 -161.244 -18.7015  159.127 -18.1298 -153.063
-17.1594  151.095 -17.0833 -161.214 -19.0261  159.152 -18.4344 -153.026
-17.5079  151.144 -17.4324 -161.158 -19.3462  159.198 -18.7876 -152.967
-17.8322  151.184 -17.7455 -161.109 -19.6638  159.267 -19.1348  -152.92
-18.1861   151.25 -18.0922 -161.086 -19.9754  159.309 -19.4831 -152.852
-18.5414   151.28 -18.4285  -161.02 -20.3151  159.365 -19.8479 -152.803
 -18.918  151.355 -18.7708 -160.973 -20.6394  159.442 -20.2113 -152.769
 -19.276  151.402 -19.1222  -160.93 -20.9897  159.478 -20.5715 -152.689
-19.5917  151.468 -19.4732 -160.862  -21.301  159.551 -20.8856 -152.621
-19.9412  151.503 -19.8566 -160.805 -21.6564  159.596 -21.2654 -152.567
-20.3111  151.584 -20.2016 -160.765 -22.0387  159.655 -21.5824 -152.521
-20.6848  151.642 -20.5708 -160.704 -22.3833  159.706 -21.9672  -152.46
-21.0166  151.689 -20.9108  -160.66 -22.7094   159.75 -22.2984 -152.401
-21.3785  151.759 -21.2693 -160.587  -23.061  159.839  -22.686 -152.323
-21.7197  151.826 -21.6613 -160.509 -23.4237  159.901 -23.0297 -152.245
-22.1144  151.895 -21.9996 -160.454 -23.7961  159.994 -23.4173 -152.191
 -22.479  151.965 -22.3668 -160.365 -24.1722  160.067 -23.8022 -152.099
-22.8084  152.055 -22.6993 -160.292  -24.533  160.121  -24.205 -152.023
-23.1963   152.11 -23.0635 -160.225 -24.9155  160.223 -24.5657 -151.968
 -23.607  152.219 -23.3766 -160.133 -25.2868  160.288 -24.9509 -151.866
-24.0411  152.323  -23.729 -160.079 -25.6936  160.386  -25.353 -151.809
-24.4314  152.406 -24.0921 -159.976 -26.0691  160.475 -25.7551 -151.724
-24.8114  152.513 -24.4654 -159.924  -26.478  160.543 -26.1236 -151.616
-25.2222  152.573 -24.8242 -159.817 -26.9178  160.623 -26.5027 -151.555
-25.6425  152.685 -25.1994 -159.766 -27.3293  160.694 -26.9078 -151.441
-26.0849  152.747 -25.5606 -159.668 -27.7818  160.775 -27.3653 -151.348
-26.5067  152.836 -25.9794   -159.6 -28.1974  160.848 -27.7931 -151.257
 -26.888  152.915 -26.3746 -159.516 -28.6404  160.953 -28.2423 -151.161
-27.2463  153.012 -26.7986  -159.41 -29.0445   161.04  -28.648 -151.073
-27.6718  153.078 -27.2253  -159.33 -29.4041  161.112 -29.0928 -150.967
-28.0312  153.169 -27.6646 -159.217 -29.8199  161.229 -29.4941 -150.893
-28.4632  153.252 -28.1024 -159.129 -30.1991  161.319 -29.9309 -150.775
 -28.831  153.325 -28.4967 -159.054 -30.6372  161.417 -30.3352 -150.704
-29.2531  153.433 -28.9265 -158.939 -31.0394  161.513  -30.747 -150.598
-29.6956  153.502 -29.3536 -158.846 -31.4282  161.588 -31.1585 -150.478
-30.1543  153.622 -29.7907 -158.768 -31.8643  161.693 -31.5502 -150.378
 -30.573  153.693  -30.221 -158.648 -32.3226   161.79 -31.9732 -150.286
-31.0026  153.793 -30.6894  -158.56 -32.7464  161.872 -32.3155 -150.176
-31.4046  153.912 -31.1423  -158.46 -33.1651  161.993 -32.7206 -150.087
-31.8257  154.013 -31.5539 -158.336 -33.6049  162.075 -33.0876     -150
-32.2348  154.092 -31.9981 -158.252  -34.024  162.201 -33.5049 -149.879
-32.6551  154.222 -32.4153 -158.154 -34.4764  162.309 -33.9599 -149.766
-33.0963  154.303 -32.8623 -158.043 -34.8786  162.397 -34.3569 -149.634
-33.5141  154.411 -33.2799 -157.922 -35.3042  162.528  -34.798 -149.539
-33.9506  154.547 -33.7551 -157.801 -35.6781   162.63 -35.2401 -149.399
-34.3861  154.666 -34.1739  -157.73 -36.1198  162.758 -35.7017 -149.306
-34.7977  154.792 -34.7271 -157.784 -36.5066   162.89 -36.1859 -149.146
-35.1973  154.895 -35.2221 -157.659 -36.9569  162.998 -36.6797 -149.035
-35.6601   155.02 -35.7213 -157.552 -37.4559  163.097 -37.0722 -148.917
-36.1978  154.987 -36.2823  -157.45  -37.915  163.253 -37.5166 -148.764
-36.7789  155.109 -36.8367 -157.321 -38.3618  163.382 -37.9466 -148.653
-37.2749  155.246 -37.4264 -157.225 -38.8009  163.499 -38.3984 -148.488
-37.7769   155.35 -37.9834  -157.08 -39.2545  163.663 -38.8519 -148.374
-38.3188  155.481 -38.5456 -156.975 -39.7613  163.821 -39.3187 -148.232
-38.8409  155.588 -39.1009 -156.832 -40.2152  163.965 -39.7712 -148.187
-39.3882  155.758 -39.6954 -156.728 -40.6755  164.106 -40.1762 -148.019
-39.9029  155.893 -40.2437 -156.575 -41.1485  164.278 -40.5917 -147.903
-40.3214  156.061 -40.6657  -156.41 -41.6201  164.433 -41.0029 -147.734
 -40.794  156.185 -41.1341 -156.263 -42.0995  164.582   -41.45 -147.594
-41.2279  156.365 -41.5616 -156.086 -42.6026  164.718 -41.8411 -147.452
-41.6779  156.495 -42.0097 -155.951 -43.1165  164.773 -42.3197 -147.273
-42.1346  156.655 -42.4529 -155.762 -43.6669  164.949 -42.7369  -147.13
-42.6002  156.792 -42.8976 -155.601 -44.2396  165.086  -43.206 -146.949
-43.0459  156.986 -43.3656  -155.41 -44.8147  165.279 -43.6648 -146.791
-43.5146  157.126 -43.8466 -155.245 -45.2672  165.431 -44.1568 -146.601
-43.9394  157.321 -44.2649 -155.084 -45.7768  165.592 -44.6502  -146.45
-44.4124  157.464 -44.7301 -154.889 -46.1918  165.802 -45.1428 -146.264
-44.8058  157.662 -45.1819 -154.694 -46.6591  165.961 -45.5985 -146.106
-45.2566  157.811 -45.6717 -154.526 -47.1378  166.177 -46.0759 -145.922
 -45.694  158.007   -46.12 -154.321 -47.6613  166.351  -46.535 -145.713
-46.1702  158.191 -46.6014 -154.131 -48.1184  166.566  -47.041 -145.518
-46.5499  158.358 -47.0248 -153.963  -48.612  166.739 -47.4792 -145.349
-47.0025  158.566  -47.539 -153.749 -49.0776  166.962 -47.9476 -145.154
-47.3862  158.734 -48.0016 -153.559 -49.5829  167.139 -48.3954 -145.081
-47.8025  158.959 -48.4784 -153.337 -50.0196  167.361  -48.874 -144.888
-48.2207  159.129 -48.9779 -153.157 -50.4915  167.546 -49.3989 -144.711
-48.6675  159.355 -49.3905 -152.938 -50.9021  167.768 -49.8866 -144.518
-49.1196  159.526 -49.8501 -152.759 -51.3961  167.956 -50.4015 -144.338
-49.5424  159.726 -50.3731 -152.545 -51.8389  168.183 -50.8737 -144.134
-49.9772   159.94 -50.8062 -152.342 -52.3231  168.373 -51.4134 -143.924
-50.3926   160.14 -51.2861  -152.12 -52.7518  168.606 -51.8652 -143.723
-50.8561  160.347 -51.7113 -151.924 -53.2027  168.792 -52.3331 -143.517
-51.2805  160.561 -52.1636 -151.718 -53.6806  169.011 -52.7686  -143.31
-51.6553  160.776 -52.6042 -151.513 -54.1026  169.219 -53.2274 -143.101
-52.1035  160.955 -53.0333 -151.332 -54.4653  169.409 -53.6513 -142.861
 -52.543  161.186 -53.4574 -151.111 -54.8782  169.646 -54.0734 -142.658
-53.0347  161.407 -53.9103 -150.895 -55.2745  169.851 -54.5354 -142.461
-53.5593  161.572  -54.296 -150.697 -55.7291  170.073 -54.9325  -142.25
-54.0929  161.803 -54.6934  -150.48 -56.0947  170.296 -55.3541 -142.021
-54.6497  161.966 -55.0829 -150.252 -56.5066  170.515 -55.7577 -141.786
-55.2138   162.22 -55.4962 -150.059 -56.8849  170.727 -56.1678 -141.589
-55.8067  162.364 -55.9495 -149.818 -57.2526  170.965 -56.6268 -141.372
-56.3985  162.632 -56.3626  -149.62 -57.6564  171.166  -57.041 -141.154
-56.9657  162.807 -56.8034 -149.382 -58.0968  171.414 -57.4874 -140.937
-57.4749  163.069 -57.2201 -149.161 -58.5173  171.618 -57.8561   -140.7
-58.0203  163.255 -57.6024 -148.936 -58.9421  171.871 -58.2679 -140.502
-58.5042   163.53 -57.9653 -148.694 -59.3617  172.099 -58.6753 -140.273
 -58.998  163.759 -58.3822 -148.481 -59.7449  172.308 -59.0478 -140.066
-59.4043  163.978 -58.8666 -148.243 -60.1572  172.571 -59.4558 -139.811
-59.8257  164.197 -59.3133 -148.003 -60.5785  172.783 -59.8869 -139.571
-60.1969  164.425 -59.6899 -147.767 -61.0312  173.023 -60.2795 -139.313
-60.5533  164.675 -60.0805 -147.552   -61.44  173.279 -60.7023 -139.087
 -60.955  164.904 -60.4599  -147.31 -61.8775  173.502 -61.0965 -138.839
-61.3349  165.144 -60.8177 -147.081 -62.3269  173.772 -61.5307 -138.561
-61.7256  165.418 -61.2035 -146.812 -62.7912  173.997  -61.936 -138.307
-62.1193  165.652 -61.6101 -146.559 -63.2319  174.284 -62.3156 -138.034
-62.5489  165.912 -61.9917 -146.318 -63.6882  174.514 -62.6557 -137.808
-62.9527  166.155 -62.4071 -146.042  -64.124  174.812 -63.0567 -137.531
-63.3251  166.434 -62.8016 -145.777  -64.567  175.049 -63.4154 -137.284
-63.7211  166.678 -63.2564 -145.509 -65.0046  175.351 -63.8051 -137.008
-64.0931  166.963 -63.6507  -145.25 -65.4794  175.589 -64.1844 -136.764
-64.4759  167.208 -64.0659 -144.988 -65.9714  175.915 -64.5755 -136.473
-64.8577  167.477 -64.4287 -144.703 -66.4402  176.154 -65.0089 -136.224
-65.2292  167.766 -64.8051 -144.447 -66.8928  176.447 -65.4375 -135.924
-65.5956  168.038 -65.1427 -144.163 -67.2941  176.729 -65.8567 -135.678
-65.9387  168.289  -65.521 -143.908 -67.6235  177.025 -66.2544 -135.377
-66.3072  168.568 -65.9085  -143.63 -67.9643  177.297 -66.6319 -135.101
-66.6854   168.84 -66.2886 -143.342 -68.3338  177.507 -66.9611 -134.805
-67.0656  169.102 -66.6421 -143.075 -68.7316  177.739 -67.3215 -134.554
-67.4667  169.402 -66.9863 -142.778 -69.1173  178.028 -67.6522 -134.258
-67.8912  169.662 -67.3142 -142.497 -69.4866  178.287 -68.0222 -133.991
-68.2853  169.952  -67.679   -142.2 -69.8542  178.576 -68.4142 -133.717
-68.6466  170.233 -68.0488 -141.922 -70.2103  178.844 -68.7563  -133.43
 -69.001  170.501 -68.4079 -141.616 -70.5758  179.139 -69.0837 -133.123
-69.3442  170.795 -68.7595 -141.331 -70.9285  179.408 -69.4231 -132.835
-69.6341  171.067 -69.1223 -141.064 -71.2759  179.702 -69.7064 -132.555
 -69.951  171.371 -69.4486 -140.775 -71.5992  179.977 -70.0445 -132.261
-70.2595  171.676  -69.779 -140.497 -71.9326 -179.728 -70.3652 -131.964
-70.5607  171.951 -70.1264 -140.188 -72.1693 -179.428 -70.7134 -131.683
-70.8702  172.258 -70.4573  -139.91  -72.436 -179.144 -71.0893 -131.407
 -71.177  172.532 -70.7889   -139.6 -72.6885 -178.837 -71.4782  -131.12
-71.5042  172.828 -71.1061 -139.306 -72.9687 -178.559 -71.7929 -130.832
-71.8189  173.118 -71.4342 -138.986 -73.2527 -178.255 -72.1054 -130.526
-72.1266  173.429  -71.745 -138.711   -73.54 -177.966 -72.4023 -130.231
-72.4292  173.723 -72.0318 -138.398  -73.784 -177.683  -72.711 -129.925
-72.7347  174.034 -72.3212 -138.116 -74.0812 -177.387 -73.0114 -129.631
-73.0274   174.33 -72.6083 -137.804 -74.3525 -177.103 -73.3217 -129.334
-73.3144  174.634 -72.8256 -137.516  -74.647 -176.801 -73.6117 -129.028
-73.5627   174.92 -73.0751 -137.201 -74.9771 -176.517 -73.9189 -128.738
 -73.828  175.221  -73.384 -136.917  -75.282 -176.211 -74.2397 -128.432
-74.0695  175.534 -73.6862 -136.593 -75.6098 -175.925  -74.549 -128.144
-74.3467  175.837 -73.9335 -136.302 -75.9124 -175.615 -74.8014 -127.834
-74.6239  176.152 -74.1596 -135.991 -76.2399 -175.314 -75.0797 -127.525
-74.8954  176.464 -74.4566 -135.695 -76.5277 -175.018  -75.336 -127.218
-75.2067  176.759 -74.7179  -135.38 -76.8469 -174.716 -75.5998 -126.927
-75.4974  177.087 -75.0281 -135.085 -77.1174 -174.423 -75.8838 -126.602
-75.7942  177.395 -75.3102 -134.764 -77.3684 -174.122 -76.1518 -126.296
-76.0809  177.728  -75.585 -134.447 -77.6422 -173.817 -76.4401 -125.996
-76.3766  178.049 -75.8303 -134.128 -77.9068 -173.514   -76.74 -125.676
-76.6292  178.344 -76.1338 -133.835 -78.1857 -173.209 -77.0902 -125.391
-76.8942  178.666 -76.3992 -133.511 -78.4344 -172.905 -77.4245 -125.073
-77.1429  178.978 -76.6837 -133.193 -78.7116 -172.595 -77.7613 -124.786
-77.3644  179.296 -76.9398 -132.892 -78.9667 -172.291  -78.084 -124.465
-77.6294    179.6 -77.2171 -132.573 -79.2136 -171.981 -78.3995 -124.183
-77.8981  179.924 -77.4446 -132.274   -79.43 -171.661 -78.7103 -123.856
-78.1284 -179.773 -77.7043 -131.946 -79.6753 -171.344 -79.0146 -123.585
-78.3651 -179.462 -77.9488 -131.632 -79.8947 -171.015 -79.3464 -123.246
-78.5814 -179.135 -78.2233 -131.314 -80.1085 -170.694 -79.5885 -122.957
-78.8173 -178.814 -78.4532 -130.998 -80.3251 -170.385 -79.8068 -122.634
-79.0239 -178.487 -78.6394 -130.668 -80.5649  -170.06 -80.0278 -122.299
 -79.263 -178.177 -78.8516  -130.36 -80.8412 -169.756 -80.2555 -121.992
-79.5007  -177.84 -79.0765  -130.04 -81.0829 -169.434 -80.4662 -121.657
-79.7288 -177.517 -79.2985 -129.726  -81.322 -169.122 -80.6664 -121.339
-79.9285 -177.191 -79.4928 -129.408 -81.5132  -168.79 -80.9049 -121.015
-80.1371 -176.866 -79.6875  -129.08 -81.7019 -168.476  -81.141 -120.683
-80.3269 -176.538 -79.8932  -128.77 -81.8792 -168.156 -81.3268 -120.371
-80.5626 -176.227 -80.1003 -128.447 -82.0744 -167.842 -81.5265 -120.043
-80.7704 -175.895 -80.2925  -128.11  -82.252 -167.519 -81.7041 -119.729
-80.9726 -175.572 -80.4974 -127.804 -82.4467 -167.192 -81.8787 -119.397
-81.1609 -175.241 -80.6994 -127.486 -82.5998 -166.882 -82.0351 -119.091
-81.3575 -174.917 -80.8988 -127.174 -82.7605 -166.547 -82.2296 -118.738
-81.5273 -174.589 -81.0767 -126.842 -82.9085 -166.231 -82.4208 -118.415
-81.7135 -174.268 -81.2586 -126.531 -83.0981 -165.921 -82.6156 -118.105
-81.8823 -173.952 -81.4682 -126.203   -83.28 -165.604 -82.7652 -117.869
-82.0494 -173.632 -81.6532 -125.882 -83.4634  -165.28 -82.9236 -117.549
-82.2194 -173.308 -81.8299 -125.555 -83.6131 -164.965 -83.0826 -117.225
-82.3962 -172.984 -82.0003 -125.243 -83.8035 -164.638 -83.2239 -116.904
-82.5414 -172.658 -82.1763 -124.916 -83.9766 -164.323 -83.3688 -116.597
-82.6904 -172.343 -82.3364 -124.595 -84.1578 -164.007 -83.5305 -116.265
-82.8462  -172.03 -82.4825 -124.277 -84.3146  -163.69 -83.6776 -115.957
-83.0077 -171.704 -82.6494 -123.964 -84.4861 -163.379 -83.8178 -115.625
-83.1649 -171.395 -82.8207 -123.639 -84.6351 -163.063 -83.9428 -115.325
-83.3244 -171.077 -82.9737 -123.324 -84.7943 -162.748 -84.0602 -114.992
-83.4686 -170.765 -83.1156 -123.005 -84.9463 -162.431 -84.2032 -114.665
-83.6203 -170.433 -83.2379 -122.675 -85.1072 -162.113 -84.3529 -114.354
-83.7685 -170.112 -83.3818 -122.362   -85.25 -161.793 -84.5302 -114.024
 -83.914 -169.791 -83.5413 -122.027 -85.4145 -161.462 -84.6631 -113.706
-84.0545 -169.466 -83.6945 -121.713 -85.5616  -161.15 -84.8076 -113.374
-84.2246 -169.262 -83.8515 -121.379 -85.7045 -160.824 -84.9272 -113.058
-84.3994 -168.947  -83.992 -121.053  -85.856  -160.51  -85.077 -112.725
 -84.555 -168.622 -84.1611 -120.721 -86.0178 -160.182 -85.1973 -112.398
-84.6944 -168.291 -84.3341 -120.406 -86.1714 -159.868 -85.3062 -112.082
-84.8267 -167.967 -84.5084  -120.07 -86.3278 -159.547 -85.4202  -111.73
-84.9421 -167.648 -84.6996 -119.761 -86.4707 -159.217 -85.5365  -111.41
-85.0796  -167.32 -84.8842 -119.417 -86.6213 -158.888 -85.6369 -111.061
-85.1961 -166.987 -85.0825 -119.108 -86.7709 -158.566 -85.7417 -110.735
 -85.326 -166.661 -85.2681 -118.773 -86.9112 -158.235 -85.8735 -110.399
-85.4461 -166.338 -85.3984 -118.448  -87.044 -157.911 -85.9932 -110.073
-85.5798 -166.006 -85.5398 -118.119 -87.1893  -157.58 -86.1394 -109.741
-85.7102 -165.682 -85.6376 -117.798 -87.3225 -157.257 -86.2681 -109.407
-85.8626 -165.359 -85.7262 -117.464 -87.4612 -156.925 -86.4135 -109.071
-86.0082 -165.035 -85.8311 -117.139  -87.596 -156.601 -86.5733 -108.739
-86.1585 -164.709 -85.9722 -116.805 -87.7266  -156.27 -86.7276 -108.419
-86.2923 -164.387 -86.0975  -116.47 -87.8371 -155.946 -86.8706 -108.089
-86.4347 -164.061 -86.2268 -116.148 -87.9354 -155.613 -87.0063 -107.768
-86.5682 -163.742 -86.3443 -115.817 -88.0136 -155.283  -87.143 -107.446
-86.7057 -163.409 -86.4654 -115.491 -88.1298 -154.965 -87.2764 -107.115
-86.8611 -163.102 -86.5688 -115.165 -88.2221 -154.637 -87.3917 -106.792
-86.9982  -162.77 -86.6829 -114.841 -88.3329 -154.314 -87.5134 -106.449
-87.1499 -162.466 -86.7857 -114.508  -88.433 -153.985 -87.6142 -106.127
-87.2747 -162.158 -86.9327 -114.188  -88.541 -153.688 -87.6946  -105.79
-87.3786 -161.825 -87.0721 -113.863 -88.6464  -153.36 -87.7622 -105.465
-87.4657 -161.513  -87.201  -113.53 -88.7667 -153.044   -87.86 -105.144
-87.5292 -161.182 -87.3139 -113.209 -88.8738 -152.718 -87.9572 -104.818
-87.6007 -160.865 -87.4091 -112.885 -88.9723 -152.392 -88.0684 -104.497
 -87.685 -160.533 -87.5016 -112.563 -89.0684 -152.067 -88.1796 -104.172
-87.7616 -160.229 -87.6005 -112.239  -89.166 -151.739  -88.281 -103.843
-87.8573 -159.912  -87.691 -111.925 -89.2736 -151.415 -88.3947 -103.528
-87.9566 -159.594 -87.7775   -111.6 -89.3714 -151.095 -88.5074 -103.204
-88.0473 -159.277 -87.8713 -111.283 -89.4627  -150.77 -88.6461  -102.88
-88.1494 -158.963 -87.9672 -110.961 -89.5317 -150.455 -88.7549 -102.567
-88.2236 -158.643 -88.0272 -110.644 -89.6095 -150.134 -88.8729 -102.245
-88.3156 -158.331 -88.0963 -110.322 -89.6935 -149.814 -88.9666 -101.928
-88.4132 -158.015 -88.1845 -110.017 -89.7812 -149.496 -89.0415  -101.61
-88.5246 -157.705 -88.2481 -109.686 -89.8684 -149.174 -89.1084  -101.29
-88.6078 -157.385 -88.3048 -109.379  -89.954 -148.856 -89.1916 -100.967
-88.6856 -157.074 -88.3862  -109.06 -90.0242 -148.538 -89.2739  -100.66
-88.7618  -156.76 -88.4794 -108.748 -90.0974 -148.224 -89.3599 -100.343
-88.8004 -156.451 -88.5805 -108.441 -90.1719  -147.91 -89.4598 -100.029
-88.8636  -156.13 -88.6702 -108.127 -90.2567 -147.599 -89.5623 -99.7082
-88.9263 -155.821 -88.7356 -107.819 -90.3343 -147.284 -89.6627 -99.3962
-89.0071 -155.514 -88.8225 -107.505 -90.4166 -146.974 -89.7561 -99.0781
-89.0744 -155.201 -88.9083 -107.201 -90.4857 -146.658 -89.8302 -98.7672
-89.1541 -154.895 -88.9815 -106.893 -90.5472 -146.354 -89.8895 -98.4555
-89.2236 -154.584 -89.0492 -106.589 -90.6643 -146.103 -89.9528 -98.1495
-89.2878 -154.279 -89.1255 -106.273  -90.775 -145.787 -90.0037  -97.841
-89.3426 -153.966 -89.1807 -105.964 -90.9031 -145.538  -90.068 -97.5273
-89.4021 -153.659 -89.2603 -105.651 -91.0257  -145.22 -90.1376  -97.216
-89.4529 -153.352 -89.3167 -105.346  -91.064 -145.367 -90.2053 -96.9025
-89.5112  -153.04 -89.3627 -105.034 -91.0945 -145.057  -90.297 -96.5902
  -89.58 -152.736 -89.4082 -104.727 -91.1504 -144.772 -90.3822 -96.2821
-89.6402 -152.425  -89.464  -104.42 -91.2069 -144.463 -90.4723 -95.9702
-89.7152 -152.118 -89.5363 -104.109 -91.2439 -144.153  -90.551 -95.6619
-89.7754  -151.81 -89.6045 -103.803 -91.2969 -143.842  -90.615 -95.3477
 -89.824 -151.496 -89.6751 -103.494 -91.3479 -143.532 -90.6709 -95.0389
-89.8788 -151.192 -89.7311 -103.185 -91.4073 -143.226 -90.7295  -94.735
-89.9177 -150.883 -89.7968 -102.879 -91.4746  -142.92 -90.7847 -94.4272
-89.9871  -150.58 -89.8399 -102.572  -91.545 -142.609 -90.8221 -94.1261
-90.0577 -150.278 -89.9118 -102.258 -91.6107 -142.306 -90.8799  -93.818
-90.1204 -149.975 -89.9795 -101.948 -91.6673     -142 -90.9316  -93.516
 -90.187 -149.673 -90.0399 -101.641 -91.7069 -141.698 -90.9909 -93.2101
-90.2469 -149.369 -90.0804 -101.338   -91.75 -141.388 -91.0674  -92.898
 -90.307 -149.068 -90.1205 -101.018 -91.7889 -141.083 -91.1258  -92.593
-90.3368 -148.765 -90.1656 -100.712   -91.83 -140.781 -91.1695 -92.2946
-90.3661 -148.464 -90.2264 -100.407 -91.8709 -140.479  -91.223 -91.9993
-90.3928  -148.17 -90.2818 -100.111 -91.9147 -140.181 -91.2708 -91.6977
-90.4327 -147.865 -90.3297 -99.8171 -91.9736 -139.885 -91.3292 -91.4022
 -90.455 -147.577 -90.3686  -99.517 -92.0261 -139.593 -91.3963 -91.1059
-90.5126 -147.289 -90.4008 -99.2265 -92.0654 -139.301 -91.4483 -90.8109
-90.5503 -146.997 -90.4302  -98.938 -92.0822  -139.01 -91.5128 -90.5109
-90.5936 -146.704 -90.4496 -98.6552 -92.1079 -138.723 -91.5647 -90.2282
-90.6478 -146.419 -90.4905 -98.3879 -92.1495 -138.432 -91.6048 -89.9404
-90.7021 -146.129 -90.5152 -98.1075 -92.1741 -138.149 -91.6453 -89.6542
 -90.745 -145.848 -90.5565  -97.819 -92.2312 -137.864 -91.6807 -89.3716
-90.7975 -145.563 -90.5819 -97.5342 -92.2711 -137.584 -91.7133 -89.0857
-90.8301 -145.279 -90.6248 -97.2525 -92.3305 -137.452 -91.7388 -88.8041
-90.8505     -145 -90.6618 -96.9721  -92.379 -137.176 -91.7739  -88.525
 -90.866 -144.724 -90.6855 -96.6972 -92.4283 -136.899 -91.8064  -88.249
-90.8867 -144.447 -90.7062  -96.423  -92.459 -136.627 -91.8386 -87.9729
-90.9062 -144.174 -90.7483 -96.1377 -92.5395 -136.358 -91.8715 -87.6987
-90.9396 -143.899 -90.7749 -95.8658 -92.5739  -136.08 -91.9137 -87.4087
-90.9761 -143.628 -90.8065 -95.5889 -92.6178 -135.815 -91.9568 -87.1378
-91.0117 -143.357 -90.8358  -95.323 -92.6437 -135.535 -91.9962 -86.8672
-91.0479 -143.088  -90.873 -95.0475 -92.6761 -135.267  -92.036 -86.5975
-91.0813 -142.819 -90.9086  -94.778 -92.6968 -134.997 -92.0614  -86.329
-91.1066 -142.553  -90.928 -94.5127 -92.7251 -134.731 -92.0914 -86.0654
-91.1337 -142.287 -90.9492 -94.2478 -92.7577  -134.46 -92.1249 -85.8002
-91.1611 -142.023 -90.9742 -93.9686  -92.788 -134.197 -92.1552 -85.5363
 -91.196 -141.756 -91.0006 -93.7037 -92.8306  -133.93 -92.1793 -85.2651
-91.2275 -141.486  -91.017  -93.438 -92.8477 -133.664 -92.2048 -84.9954
-91.2641 -141.221 -91.0374 -93.1735 -92.8698   -133.4 -92.2407 -84.7176
-91.2971 -140.952 -91.0771 -92.9041 -92.8964 -133.134 -92.2759 -84.4479
-91.3472 -140.688 -91.1127 -92.6375 -92.9427 -132.868  -92.308 -84.1834
-91.3736 -140.423  -91.143 -92.3731 -92.9793 -132.604 -92.3649 -83.9098
-91.3874 -140.162  -91.165 -92.1098 -93.0157 -132.342 -92.4174 -83.6456
-91.4471 -139.942 -91.1956 -91.8627 -93.0399 -132.079 -92.4553 -83.3886
-91.4905 -139.685  -91.223 -91.6007 -93.0722 -131.818 -92.4958 -83.1339
-91.5226 -139.427 -91.2496 -91.3276 -93.1187 -131.566 -92.5245 -82.8713
-91.5485 -139.171 -91.2757 -91.0724 -93.1399 -131.311 -92.5634  -82.619
-91.5761 -138.918 -91.2986 -90.8214 -93.1699 -131.058 -92.6041 -82.3687
-91.6037 -138.664  -91.331 -90.5686  -93.194 -130.811 -92.6447 -82.1202
-91.6231 -138.415 -91.3529 -90.3165   -93.26 -130.577  -92.672 -81.8784
-91.6494 -138.167 -91.3739 -90.0746 -93.3017 -130.322 -92.7198  -81.631
  -91.68  -137.92 -91.3911 -89.8241 -93.3525 -130.084  -92.738 -81.3824
-91.7128 -137.674  -91.419 -89.5751 -93.3633 -129.845 -92.7711 -81.1416
-91.7449 -137.432 -91.4577 -89.3332 -93.3835 -129.603 -92.8074 -80.8926
-91.7816 -137.194 -91.5039 -89.0976 -93.4032 -129.364 -92.8378 -80.6561
 -91.818 -136.958 -91.5468 -88.8591 -93.4252 -129.126 -92.8749 -80.4175
-91.8495 -136.721 -91.5914 -88.6232 -93.4491 -128.886 -92.9084 -80.1774
-91.8781 -136.482 -91.6267 -88.3868 -93.4742 -128.645 -92.9423 -79.9397
-91.9021 -136.247 -91.6593 -88.1518 -93.5054 -128.415 -92.9707 -79.7012
-91.9172 -136.014 -91.6877 -87.9207  -93.521 -128.183 -93.0123  -79.467
-91.9393 -135.781 -91.6906  -87.689 -93.5722 -127.961 -93.0794 -79.2216
-91.9714 -135.552 -91.6967  -87.456 -93.5934 -127.735 -93.1039 -78.9756
-92.0018 -135.321 -91.6883 -87.2648 -93.6778 -127.541 -93.1525 -78.7437
-92.0221 -135.091 -91.6858 -87.0271 -93.7372 -127.308  -93.199 -78.5087
-92.0481  -134.86 -91.6942  -86.798   -93.81 -127.109 -93.2766 -78.2317
-92.0747  -134.63 -91.7233  -86.564  -93.864 -126.874 -93.3157 -78.0098
-92.1005 -134.401 -91.7449  -86.345 -93.9501 -126.689  -93.446 -77.6915
-92.1338 -134.176 -91.7617 -86.1122 -94.0113 -126.454 -93.5804 -77.4837
-92.1668 -133.953 -91.7754 -85.8859 -94.1223 -126.289 -93.6524 -77.2355
-92.1863 -133.733 -91.7926 -85.6626 -94.2033 -126.054 -93.7519 -77.0357
-92.2057 -133.513 -91.7951 -85.4446 -94.2773  -125.88 -93.7843 -76.8279
-92.2282 -133.296 -91.7992 -85.2152 -94.3376 -125.654 -93.8462  -76.617
-92.2393 -133.079 -91.8172 -84.9903 -94.3598 -125.451  -93.872 -76.3969
-92.2487 -132.867 -91.8539 -84.7834 -94.3781 -125.235 -93.9372 -76.2012
-92.2542 -132.742 -91.8678 -84.5907 -94.4634 -125.087 -93.9597 -75.9996
-92.2592 -132.534 -91.8813 -84.3819 -94.5175 -124.871 -94.0078 -75.8002
-92.2758 -132.421 -91.8962 -84.1674 -94.5732 -124.681 -93.9806 -75.6441
-92.2856 -132.215 -91.9118 -83.9552 -94.6208 -124.473 -93.9642 -75.4372
-92.3099 -132.022 -91.9429 -83.7587 -94.6416 -124.272  -93.929  -75.256
-92.3317 -131.817 -91.9662 -83.5526 -94.6558 -124.073 -93.9101 -75.0444
 -92.341 -131.628 -91.9678  -83.354 -94.6649  -123.87 -93.8695 -74.9162
-92.3755 -131.433 -91.9762 -83.1519 -94.6557 -123.675 -93.8429 -74.7054
-92.3857 -131.249 -91.9592 -82.9709 -94.7056 -123.513 -93.7599 -74.5902
-92.4139 -131.057 -91.9654 -82.7768 -94.7322 -123.317 -93.7059 -74.3853
-92.4454 -130.867 -91.9522   -82.62 -94.7493 -123.126 -93.6414 -74.2557
 -92.474 -130.678 -91.9467 -82.4217 -94.7552 -122.936 -93.5903 -74.0552
-92.5037 -130.491 -91.9368 -82.2535 -94.7715 -122.747 -93.5534 -73.8934
-92.5309 -130.305 -91.9223 -82.0521 -94.7773  -122.56 -93.5247 -73.6973
 -92.555 -130.121  -91.919 -81.8793  -94.794 -122.372 -93.4886 -73.5293
-92.5773 -129.936 -91.9016 -81.6852 -94.7982 -122.189 -93.4466 -73.3308
-92.5849 -129.752 -91.9324 -81.5051 -94.8728 -122.066 -93.4335 -73.1691
-92.5886 -129.567  -91.944 -81.3186 -94.9215 -121.873 -93.4062 -72.9646
-92.5513 -129.419 -91.9705 -81.1163 -95.0159 -121.729 -93.4408 -72.7436
-92.5167 -129.232 -91.9912 -80.9374 -95.0711 -121.533 -93.4677 -72.5606
-92.4684 -129.096 -92.0014  -80.758 -95.1739 -121.405 -93.4918 -72.3726
-92.4277  -128.91 -92.0142 -80.5447 -95.2386 -121.208 -93.5068 -72.1884
-92.3659 -128.803 -92.0289 -80.3724 -95.3436 -121.089  -93.518 -71.9948
-92.3191 -128.616 -92.0461  -80.204 -95.4169 -120.892 -93.5329 -71.8207
-92.2315 -128.509 -92.0609 -80.0307  -95.545 -120.778 -93.5426  -71.853
-92.1612 -128.329 -92.0698 -79.8603 -95.6367  -120.58 -93.5472 -71.6973
-92.0787 -128.217 -92.0754 -79.6894 -95.7719 -120.476 -93.6363 -71.5969
-92.0117 -128.041  -92.077   -79.47 -95.8781 -120.271 -93.7126 -71.4309
-91.9508 -127.925 -92.0821 -79.3051 -96.0297 -120.176 -93.7924 -71.3156
-91.9135 -127.757 -92.0836 -79.1581  -96.147 -119.968 -93.8701 -71.1529
-91.8511 -127.658 -92.1016 -78.9956 -96.2993 -119.875 -93.9157 -70.9975
-91.8114  -127.49 -92.1293 -78.8372 -96.4218 -119.668 -93.9412  -70.836
-91.7428 -127.438 -92.1344 -78.6797 -96.5749 -119.573 -93.9549 -70.6831
-91.6924 -127.272 -92.1368 -78.5238 -96.6987 -119.371 -93.9799  -70.502
-91.6231 -127.225 -92.1333 -78.4498   -96.85 -119.278 -94.0187 -70.3514
 -91.574 -127.071  -92.132 -78.3003 -96.9746 -119.079 -94.0329 -70.1942
-91.5488 -126.976  -92.138 -78.1472 -97.1261 -118.982 -94.0561 -70.0449
-91.5412 -126.825  -92.149 -77.9986 -97.2459 -118.784 -94.0661 -69.8957
-91.4639 -126.869 -92.1803 -77.8327 -97.3931 -118.686 -94.0677 -69.7463
-91.4041  -126.72 -92.2137 -77.6853 -97.5156 -118.488 -94.0492 -69.5789
-91.3748 -126.642 -92.2684 -77.5394 -97.6583 -118.396 -94.0316 -69.4414
-91.3606 -126.495 -92.3126 -77.3913 -97.7839 -118.199  -94.029 -69.2804
-91.3066 -126.479 -92.3482 -77.2448 -97.9171   -118.1 -94.0346 -69.1425
-91.2682  -126.33 -92.3771 -77.1005  -98.034 -117.907 -94.0303  -68.972
-91.2222 -126.288 -92.4033 -76.9602 -98.1503 -117.807 -94.0418 -68.8388
-91.1952 -126.142 -92.4391  -76.822 -98.2575 -117.627  -94.059 -68.6959
-91.1293 -126.118  -92.467 -76.6876 -98.3581 -117.528 -94.0696 -68.5646
-91.0847 -125.968 -92.4983 -76.5414 -98.4473 -117.356 -94.0824 -68.4252
-91.0065 -125.941 -92.5314 -76.4015 -98.5374 -117.253 -94.0854 -68.2867
-90.9549  -125.79 -92.5596 -76.2653 -98.5967 -117.093 -94.0878 -68.1488
-90.8584 -125.762 -92.5915 -76.1314 -98.6622 -116.976 -94.0607 -68.1266
 -90.778 -125.615 -92.6259 -75.9987 -98.7027 -116.835 -94.0321 -67.9933
-90.6607 -125.634  -92.653 -75.8685 -98.7204 -116.707 -94.0256 -67.8649
-90.5573 -125.493 -92.6746 -75.7386 -98.7122 -116.581 -94.0112 -67.7364
-90.4725 -125.459 -92.7086  -75.611 -98.7318 -116.462 -94.0219 -67.5809
-90.4092 -125.323  -92.723 -75.4843 -98.7189 -116.337 -94.0258 -67.4556
 -90.317  -125.34 -92.7432 -75.3622 -98.7134 -116.213 -94.0184 -67.1592
-90.2287 -125.212 -92.7688 -75.2339 -98.6971 -116.088 -94.0116  -67.033
-90.1822 -125.203 -92.7766 -75.1136 -98.6781 -115.968 -94.0304 -66.9461
  -90.13 -125.083 -92.7868 -74.9812  -98.661 -115.848 -94.0372 -66.8247
-90.1264  -125.02 -92.7747 -74.8616 -98.6405  -115.73 -94.0526 -66.7039
-90.1176 -124.901 -92.7604 -74.7423 -98.6143 -115.614 -94.0459 -66.5883
-90.0475 -125.117 -92.7511 -74.6274 -98.5912 -115.502 -94.0856 -66.4919
-89.9739 -125.008 -92.7426 -74.5056 -98.5627 -115.392 -94.1021 -66.3838
 -89.971 -124.896  -92.725 -74.3911 -98.5398 -115.282 -94.0966 -66.2681
-89.9675 -124.786 -92.7267 -74.2473 -98.5139 -115.176  -94.081 -66.1617
-89.9193 -125.005 -92.7167 -74.1348 -98.4931 -115.069   -94.07 -66.0537
-89.8756 -124.901 -92.6679 -74.0579 -98.4684 -114.964 -94.0547 -65.9491
-89.8745 -124.853 -92.6224 -73.9495 -98.4311 -114.863 -94.0378 -65.8468
-89.8662 -124.751 -92.5938 -73.8467 -98.4042 -114.763 -94.0223  -65.744
-89.8054 -124.784 -92.5942  -73.743 -98.3805 -114.665 -94.0057 -65.6446
-89.7581 -124.681 -92.6059 -73.6305  -98.365 -114.565 -93.9905 -65.5218
 -89.719 -124.613 -92.6271 -73.5345 -98.3513 -114.469 -93.9895 -65.4227
-89.6992 -124.511 -92.6436 -73.4329 -98.3284 -114.371 -93.9671 -65.3277
-89.6228 -124.565 -92.6402 -73.3369 -98.3123 -114.276 -93.9551 -65.2321
-89.5613 -124.464 -92.6462 -73.2367 -98.2897 -114.183 -93.9489 -65.1219
  -89.45 -124.497 -92.6241 -73.1002  -98.271 -114.091 -93.9628  -65.025
-89.3637   -124.4 -92.6104  -73.008  -98.263 -113.999 -93.9629 -64.9268
-89.3365 -124.358  -92.631 -72.9216 -98.2482 -113.908  -93.978 -64.8366
-89.3155 -124.269 -92.6526 -72.8311 -98.2303 -113.822 -93.9785 -64.7422
-89.3181 -124.391 -92.6421  -72.737  -98.209 -113.735 -93.9837 -64.6534
-89.3239 -124.305  -92.639 -72.6519  -98.188 -113.652 -94.0207 -64.6001
 -89.274 -124.353  -92.652 -72.5639 -98.1764 -113.569  -94.041  -64.515
-89.2409  -124.27 -92.6514 -72.4803 -98.1674  -113.49 -94.0558 -64.4283
  -89.21 -124.268 -92.6655  -72.388 -98.1539 -113.413 -94.0699 -64.3486
-89.1946  -124.19 -92.6852 -72.3087 -98.1437 -113.337 -94.0723  -64.266
-89.1885 -124.283 -92.6837 -72.2421 -98.1346 -113.262 -94.0769 -64.1872
-89.1754 -124.212 -92.6803 -72.1694 -98.1275  -113.19 -94.1006 -64.1111
-89.2308 -124.513 -92.7024 -72.1517 -98.0468 -113.257 -94.1166 -64.0388
-89.2636 -124.446 -92.7222 -72.0822 -97.9871 -113.185 -94.1165 -63.9644
-89.2801  -124.38 -92.7371 -72.0202  -97.929 -113.154 -94.1235 -63.9005
-89.2955 -124.317 -92.7509 -71.9578 -97.8848  -113.09 -94.1573 -63.8592
-89.3074 -124.258 -92.7523 -71.8963 -97.8418 -113.055 -94.1802 -63.7934
-89.3123   -124.2 -92.7599 -71.8387 -97.8143 -112.994 -94.2158 -63.7547
-89.2602 -124.216 -92.7691 -71.7857 -97.7463 -112.997 -94.2435 -63.6967
-89.2198 -124.155 -92.7762  -71.731 -97.6973  -112.93 -94.2442 -63.6415
-89.1587 -124.189 -92.7873  -71.679 -97.6183 -112.937 -94.2447   -63.59
-89.1144 -124.131 -92.7953 -71.6275 -97.5569 -112.876 -94.1947  -63.618
-89.0307 -124.181 -92.8102 -71.5764 -97.4889 -112.888 -94.1528 -63.5608
-88.9659 -124.127 -92.8369 -71.5246 -97.4344 -112.828 -94.0898 -63.5832
-88.9008 -124.159 -92.8579 -71.4792  -97.359 -112.836 -94.0388 -63.5281
-88.8422 -124.105 -92.8838 -71.4328 -97.2978 -112.779 -93.9812 -63.5465
-88.7767 -124.134 -92.9074 -71.3883 -97.2187  -112.79 -93.9297 -63.4983
-88.7159 -124.084 -92.9212 -71.3403 -97.1513  -112.73 -93.8948 -63.4925
 -88.668 -124.103 -92.9284 -71.2977  -97.066 -112.737 -93.8646 -63.4493
-88.6228 -124.055 -92.9425 -71.2565 -96.9883 -112.681 -93.8468 -63.4124
-88.5686 -124.078 -92.9455 -71.2152 -96.9064 -112.702 -93.8267 -63.3723
-88.5192 -124.031  -92.943 -71.1766 -96.8327 -112.653  -93.816 -63.3146
-88.4641 -124.076 -92.9402 -71.0249 -96.7674 -112.657 -93.8039 -63.2767
-88.4123 -124.029 -92.9396 -70.9868 -96.7046 -112.608 -93.8053 -63.2289
-88.3594 -124.049 -92.9405 -71.0196 -96.6499   -112.6 -93.8082 -63.1919
-88.3139 -124.006 -92.9389 -70.9813 -96.5961 -112.551 -93.7995 -63.1202
-88.2846  -124.01 -92.9369  -70.943 -96.5528 -112.549 -93.7927 -63.0845
-88.2592 -123.973 -92.9325 -70.9608 -96.5128 -112.508 -93.7585 -63.0069
-88.2611 -123.955 -92.9256 -70.9243 -96.4914 -112.482 -93.7359 -62.9741
 -88.261 -123.917 -92.9251 -70.9017 -96.4818 -112.446 -93.7046 -62.9162
-88.2186 -124.012 -92.9191 -70.8662 -96.4842 -112.411 -93.6853 -62.8868
-88.1853 -123.978 -92.9174 -70.8724 -96.4865 -112.374 -93.6498 -62.8286
-88.1762 -123.968 -92.9165 -70.8392 -96.5027 -112.344 -93.6198 -62.7988
-88.1683 -123.936   -92.91 -70.8125 -96.5187 -112.304 -93.6072 -62.7645
-88.1528  -123.92 -92.9102 -70.7816 -96.5435 -112.285 -93.5973 -62.7321
-88.1466 -123.889 -92.8697   -70.83 -96.5679 -112.249 -93.5895 -62.6999
-88.0991 -123.985 -92.8395 -70.7976 -96.5901 -112.224 -93.5921 -62.6625
-88.0601 -123.954 -92.8176 -70.8043 -96.5981 -112.197 -93.6038 -62.6347
-88.0192 -123.982 -92.8108 -70.7793 -96.6072 -112.174 -93.6087 -62.6061
-87.9964 -123.954  -92.809 -70.7583 -96.5822 -112.166 -93.6199 -62.5843
-87.9488 -123.995 -92.8216 -70.7316 -96.5817 -112.144 -93.6316 -62.5647
 -87.914 -123.968 -92.8312 -70.7157  -96.549  -112.15 -93.6443 -62.5416
-87.8528 -124.006 -92.8514 -70.6966 -96.5354 -112.128 -93.6547  -62.522
-87.8147 -123.983 -92.8678 -70.6791 -96.4858 -112.153 -93.6573 -62.5027
-87.7683 -124.023 -92.8732 -70.6621 -96.4643 -112.129 -93.6667 -62.4812
-87.7374 -124.001 -92.8805 -70.6477 -96.4008 -112.171 -93.6844 -62.4645
-87.6753 -124.069 -92.9027 -70.6335 -96.3662 -112.151 -93.6875   -62.45
-87.6302  -124.05 -92.9286  -70.622 -96.3055 -112.198 -93.6942 -62.4371
-87.5696  -124.11 -92.9458 -70.6095 -96.2612 -112.182 -93.6971 -62.4227
-87.5255 -124.093 -92.9496 -70.6002 -96.2248  -112.21 -93.7029 -62.4124
-87.4685 -124.156 -92.9579 -70.6361  -96.197   -112.2 -93.7038 -62.3961
-87.4258  -124.14 -92.9646 -70.6295 -96.1586 -112.283 -93.7096 -62.3901
-87.3578 -124.199 -92.9651 -70.6536 -96.1338 -112.276 -93.7127 -62.3662
-87.2992 -124.189 -92.9592 -70.6495 -96.1184 -112.301 -93.7183 -62.3622
-87.2629 -124.223 -92.9518 -70.6627 -96.1089 -112.297 -93.7214 -62.3432
-87.2327 -124.219 -92.9477  -70.662 -96.0731 -112.459 -93.7268  -62.342
-87.2073 -124.261  -92.963 -70.6533 -96.0441 -112.457 -93.7223 -62.3288
-87.1878 -124.256 -92.9739 -70.6527  -96.002 -112.479 -93.7327 -62.3278
-87.1412 -124.303 -92.9792  -70.652 -95.9718 -112.476 -93.7341 -62.3277
-87.1046 -124.299 -92.9816 -70.6538 -95.9147 -112.524 -93.7429 -62.3281
-87.0594 -124.362 -92.9852 -70.6464 -95.8677 -112.517 -93.7468 -62.3362
 -87.032  -124.36 -92.9749   -70.65 -95.7919 -112.595 -93.7585 -62.3392
-86.9901 -124.412 -92.9847 -70.5953 -95.7359 -112.588 -93.7629 -62.3276
-86.9536 -124.408 -92.9766 -70.5986 -95.6635 -112.658 -93.7744  -62.332
-86.8994 -124.455 -92.9717 -70.5997 -95.6025 -112.656 -93.7826 -62.3361
 -86.853 -124.449 -92.9705 -70.6081 -95.5494 -112.709 -93.7853 -62.3403
-86.7976 -124.487 -92.9512 -70.6107 -95.5082 -112.711   -93.76 -62.3256
-86.7487 -124.482 -92.9465 -70.6235 -95.4731 -112.771 -93.7449 -62.3354
-86.6929  -124.52 -92.9264 -70.6234 -95.4516 -112.773  -93.692 -62.3072
-86.6422 -124.514 -92.9141 -70.6289 -95.4006 -112.824 -93.6563  -62.322
-86.5889 -124.556 -92.9099 -70.6366 -95.3604 -112.827 -93.5975 -62.2747
-86.5425 -124.554 -92.9047 -70.6439 -95.3128 -112.869 -93.5639  -62.283
-86.5019  -124.59 -92.9048 -70.6497 -95.2754 -112.873 -93.5582 -62.2896
-86.4666 -124.595 -92.9065 -70.6563 -95.2245 -112.936 -93.5677 -62.2959
-86.4535 -124.609 -92.9092 -70.6638 -95.1878 -112.946 -93.5585 -62.2984
-86.4406 -124.616 -92.9125  -70.673 -95.1982 -112.987  -93.564 -62.3071
 -86.441 -124.624 -92.9171 -70.6798 -95.1983 -112.996  -93.544 -62.3117
-86.4403 -124.631 -92.9362 -70.6902 -95.2681 -113.153 -93.5433 -62.3186
 -86.422 -124.685 -92.9435  -70.696 -95.3156 -113.155 -93.5202 -62.3192
 -86.409 -124.694 -92.9553  -70.708 -95.3505 -113.188 -93.5168 -62.3272
-86.3938 -124.705 -92.9668 -70.7091 -95.3747 -113.192   -93.48 -62.3024
-86.3807 -124.712 -92.9821 -70.7187 -95.3742 -113.201 -93.4734 -62.3157
-86.3795 -124.721 -92.9939 -70.7286  -95.373 -113.209 -93.4335 -62.2949
-86.3803 -124.729 -93.0058 -70.7384 -95.3648 -113.219 -93.4038 -62.3073
-86.3825 -124.744 -93.0056 -70.7477 -95.3646 -113.226 -93.3879  -62.315
-86.3868 -124.753  -93.003 -70.7514 -95.3588 -113.246 -93.3874 -62.3245
-86.3879 -124.763 -93.0065 -70.7608 -95.3581 -113.253 -93.3778 -62.3061
-86.3921 -124.769 -93.0206 -70.7871 -95.3472 -113.267  -93.386 -62.3138
-86.3932 -124.782 -93.0364 -70.7917 -95.3445 -113.273 -93.3766 -62.3159
 -86.395 -124.787 -93.0402 -70.7872 -95.3349 -113.292 -93.3786 -62.3231
-86.3972 -124.797 -93.0455 -70.7923 -95.3309 -113.296  -93.346 -62.1981
-86.4003 -124.803 -93.0575 -70.7984 -95.3205 -113.314 -93.3413 -62.2051
-86.4053 -124.812 -93.0685 -70.8044 -95.3137 -113.314 -93.3087  -62.093
-86.4092 -124.817 -93.0801 -70.8098 -95.2999 -113.336 -93.2751 -62.0981
-86.4143 -124.829 -93.0935 -70.8135 -95.2898 -113.335  -93.278 -62.1029
-86.4179 -124.832 -93.0959 -70.8232 -95.2698 -113.355  -93.277 -62.1079
-86.4279 -124.834 -93.1069  -70.826 -95.2532 -113.353 -93.2889 -62.1085
-86.4335 -124.837  -93.118 -70.8284 -95.2273 -113.381 -93.2937 -62.1129
-86.4399  -124.84 -93.1232 -70.8317 -95.2042 -113.377 -93.3286 -62.0821
-86.4463 -124.842 -93.1278 -70.8352 -95.1706 -113.405 -93.3543 -62.0828
-86.4469 -124.847 -93.1122 -70.7861 -95.1393 -113.398 -93.3682 -62.0833
-86.4421 -124.848 -93.1025 -70.7897 -95.1089 -113.424 -93.3729  -62.081
-86.4556 -124.837 -93.0478 -70.7051 -95.0798 -113.416  -93.376 -62.0809
-86.4617 -124.835 -93.0105 -70.7079 -95.0473 -113.435 -93.4079 -62.0366
-86.4679 -124.833 -92.9721 -70.6733 -95.0127 -113.425 -93.4375 -62.0364
-86.4691 -124.829 -92.9402 -70.6705 -94.9751 -113.444 -93.4627 -62.0217
-86.4802 -124.788 -92.9404 -70.6597 -94.9347 -113.433 -93.4758 -62.0202
 -86.485 -124.782 -92.9371 -70.6521 -94.8989 -113.453 -93.5098 -61.9948
-86.4887 -124.773 -92.9833 -70.5534 -94.8614  -113.44 -93.5277 -61.9934
-86.4831 -124.767 -93.0146 -70.5483 -94.8176 -113.464  -93.567 -61.9736
-86.4886 -124.767 -93.0241 -70.5358 -94.7764 -113.447 -93.5932  -61.966
-86.4807 -124.758 -93.0275  -70.526 -94.7285 -113.475 -93.5956 -61.9567
-86.4784 -124.756 -93.0276  -70.519 -94.6842  -113.46 -93.5824 -61.9428
-86.4712 -124.745 -93.0243 -70.5073 -94.6315 -113.488 -93.5856 -61.9358
-86.4686 -124.783 -93.0455 -70.4516 -94.5864  -113.47 -93.5747 -61.9219
-86.4616 -124.772 -93.0574 -70.4403 -94.5257 -113.501  -93.579 -61.9108
-86.4571 -124.783 -93.0511 -70.4291 -94.4739 -113.484 -93.5766 -61.8988
-86.4489 -124.773 -93.0421   -70.42  -94.422 -113.508 -93.5861 -61.8722
-86.4334 -124.787 -93.0282 -70.4062 -94.3762  -113.49 -93.5906 -61.8599
-86.4192 -124.777 -93.0147 -70.3987 -94.3161 -113.519 -93.5959 -61.8429
-86.4061 -124.784 -93.0207 -70.3954 -94.2641 -113.495 -93.5964 -61.8319
 -86.393 -124.773 -93.0233 -70.3858 -94.1932 -113.536 -93.6074 -61.8128
-86.3681 -124.787  -93.024 -70.3913 -94.1335 -113.518 -93.6198 -61.8078
-86.3487 -124.777 -93.0229 -70.3842 -94.0616 -113.561 -93.6378 -61.7799
-86.3152 -124.806 -93.0131 -70.3771  -94.003 -113.543 -93.6493 -61.7756
-86.2916 -124.795 -93.0054 -70.3695 -93.9392 -113.583 -93.6743 -61.7623
-86.2514 -124.832 -93.0066  -70.363 -93.8905 -113.567 -93.6778 -61.7546
-86.2209 -124.821 -93.0178 -70.3514 -93.8241 -113.603 -93.6903 -61.7507
-86.1874 -124.842 -93.0295  -70.347 -93.7766 -113.586  -93.699 -61.7432
-86.1619 -124.832 -93.0258 -70.3453 -93.7047 -113.629 -93.7027 -61.7353
-86.1166 -124.864 -93.0289  -70.339 -93.6506 -113.613 -93.7221  -61.745
-86.0841 -124.856 -93.0327 -70.3321 -93.5751 -113.651 -93.7398 -61.7394
-86.0348 -124.882 -93.0414 -70.3283  -93.527 -113.635 -93.7505 -61.7377
-85.9983 -124.871 -93.0441   -70.33 -93.4555 -113.679 -93.7544 -61.7378
 -85.954 -124.901 -93.0599 -70.3263 -93.4027 -113.669 -93.7543 -61.7421
-85.9204 -124.895 -93.0685 -70.3136  -93.342 -113.712 -93.7584 -61.7416
-85.8803 -124.921 -93.0808 -70.3126  -93.299 -113.702  -93.753 -61.7425
-85.8509 -124.914  -93.091 -70.3173 -93.2369 -113.742 -93.7438 -61.7436
-85.8104 -124.946  -93.108   -70.32 -93.1897 -113.733 -93.7457 -61.7502
-85.7801 -124.939 -93.1137 -70.3209 -93.1353 -113.777 -93.7488 -61.7491
-85.7415 -124.969 -93.1112 -70.3208 -93.0941 -113.772 -93.7649 -61.7514
-85.7084 -124.964 -93.1188 -70.3247 -93.0339  -113.82 -93.7812 -61.7527
-85.6748 -124.991 -93.1407 -70.3103 -92.9875 -113.812 -93.7908 -61.7541
-85.6493 -124.984 -93.1531 -70.3084 -92.9248 -113.859 -93.7993 -61.7554
-85.6233 -125.001 -93.1707 -70.3075 -92.8741 -113.854 -93.7885 -61.7487
-85.6003 -125.001  -93.189 -70.3094 -92.8315 -113.891 -93.7835 -61.7509
-85.5798 -125.021 -93.2028 -70.3113 -92.8005 -113.887 -93.7769 -61.7362
-85.5653  -125.02 -93.1984 -70.3147 -92.7532 -113.922 -93.7784 -61.7381
-85.5502 -125.037  -93.195 -70.3183 -92.7182 -113.914 -93.7494 -61.6865
 -85.539 -125.033 -93.1834 -70.3082 -92.6724 -113.951 -93.7354 -61.6897
-85.5272 -125.046 -93.1715 -70.3092 -92.6301 -113.942 -93.7314 -61.6854
 -85.515 -125.041 -93.1861 -70.3096 -92.5909 -113.965 -93.7285 -61.6863
-85.5028 -125.045 -93.1954  -70.311 -92.5542 -113.955 -93.7283 -61.6862
-85.4911  -125.04 -93.1945  -70.295 -92.5146 -113.983 -93.7285 -61.6853
-85.4814 -125.045 -93.1961  -70.294  -92.478 -113.971 -93.7574 -61.6041
-85.4688  -125.04 -93.1866 -70.2864 -92.4386 -113.992 -93.7767 -61.6005
-85.4609 -125.044 -93.1864 -70.2871 -92.4005 -113.978 -93.7686 -61.5992
 -85.449 -125.035 -93.1612 -70.2458 -92.3574 -113.997 -93.7609 -61.5965
-85.4406 -125.042 -93.1412 -70.2455 -92.3189 -113.978 -93.7768 -61.5916
-85.4282  -125.03 -93.1137 -70.2027  -92.277 -113.994  -93.792 -61.5863
-85.4176 -125.032 -93.0892 -70.1977 -92.2361 -113.976 -93.8011 -61.5808
-85.4023 -125.016 -93.0984 -70.1946 -92.1932  -113.99  -93.809 -61.5752
-85.3881 -125.019 -93.1022 -70.1873 -92.1497 -113.969 -93.8222 -61.5673
-85.3715 -125.002 -93.1296 -70.1029  -92.105 -113.983 -93.8233 -61.5604
-85.3543     -125  -93.147 -70.0959 -92.0611 -113.961 -93.8312 -61.5519
-85.3351 -124.987 -93.1521 -70.0746 -92.0147 -113.976 -93.8529 -61.5375
-85.3132 -124.988 -93.1548 -70.0669 -91.9712 -113.951 -93.8725 -61.5284
-85.2942 -124.973 -93.1566 -70.0155 -91.9266 -113.961 -93.8693 -61.5198
-85.2696 -124.979 -93.1594  -70.005 -91.8853 -113.938 -93.8673 -61.5102
-85.2482 -124.963  -93.159 -69.9623 -91.8401 -113.951 -93.8635 -61.5002
-85.2203  -124.97 -93.1528 -69.9524 -91.7995 -113.926 -93.8669 -61.4871
-85.1977 -124.947  -93.147 -69.9197 -91.7555  -113.94 -93.8895 -61.4656
 -85.167 -124.957 -93.1419 -69.9103 -91.7185 -113.921  -93.903 -61.4553
-85.1423 -124.939 -93.1341  -69.916 -91.6713 -113.938 -93.9011 -61.4505
-85.1039 -124.953 -93.1268 -69.9089 -91.6321 -113.917 -93.8976 -61.4454
-85.0738 -124.931 -93.1175 -69.9185 -91.5832 -113.941 -93.8977 -61.4432
-85.0282 -124.947 -93.1086 -69.9115 -91.5448 -113.924 -93.8956 -61.4336
-84.9937 -124.931 -93.1077 -69.9044 -91.4937 -113.943 -93.8981 -61.4226
-84.9444 -124.946 -93.0994 -69.8953 -91.4546 -113.922  -93.897  -61.415
-84.9092 -124.928 -93.0884 -69.8916 -91.4008  -113.94 -93.9002 -61.4066
-84.8575 -124.939 -93.0795 -69.8809 -91.3616 -113.921 -93.9077 -61.4064
-84.8229 -124.916 -93.0669 -69.8848 -91.3059 -113.937 -93.9145 -61.3935
-84.7792 -124.932 -93.0564 -69.8776 -91.2638 -113.923 -93.9246 -61.3929
 -84.751 -124.925 -93.0304 -69.9066 -91.2056 -113.945 -93.9294 -61.3924
-84.7061  -124.94 -93.0114 -69.9032 -91.1627 -113.935 -93.9354 -61.3919
 -84.681 -124.931 -92.9787 -69.9125 -91.1042 -113.957 -93.9389 -61.3965
-84.6425 -124.945 -92.9527 -69.9087 -91.0609 -113.949 -93.9452  -61.399
-84.6158 -124.935 -92.9222 -69.9323 -91.0024 -113.974 -93.9402 -61.4034
