-5.29695e-08 -1.84477e-07 -2.61199e-08
  0.00598227   0.00598157 -6.91556e-08
   0.0119286    0.0119274 -1.05568e-07
  0.0178389   0.0178376 -1.5849e-07
  0.0237138   0.0237125 -2.0488e-07
   0.0295531    0.0295525 -2.78659e-07
   0.0353576    0.0353573 -3.39931e-07
   0.0411259    0.0411276 -4.12988e-07
   0.0468596    0.0468636 -4.47378e-07
   0.0525579    0.0525648 -5.09035e-07
   0.0582215    0.0582322 -5.33449e-07
   0.0638504    0.0638657 -6.05067e-07
   0.0694447    0.0694653 -6.28858e-07
   0.0750039    0.0750321 -6.79481e-07
   0.0805289    0.0805652 -7.00329e-07
   0.0860195    0.0860655 -7.75426e-07
   0.0914761    0.0915326 -8.12044e-07
    0.096898    0.0969671 -9.17537e-07
    0.102287     0.102369 -9.76659e-07
    0.107641     0.107739 -1.08279e-06
    0.112962     0.113076 -1.15917e-06
    0.118249     0.118382 -1.27958e-06
    0.123503     0.123656 -1.35155e-06
    0.128722     0.128899 -1.51426e-06
    0.133909     0.134111 -1.58555e-06
    0.139063     0.139292 -1.73649e-06
    0.144183      0.14444 -1.80937e-06
  0.149269   0.149559 -1.941e-06
    0.154324     0.154647 -1.99837e-06
    0.159345     0.159703 -2.11594e-06
   0.164334     0.16473 -2.2088e-06
    0.169289     0.169725 -2.30989e-06
    0.174213     0.174691 -2.46228e-06
    0.179103     0.179626 -2.61421e-06
    0.183962     0.184531 -2.79134e-06
    0.188788     0.189407 -2.96155e-06
   0.193582    0.194254 -3.1527e-06
   0.198344    0.199072 -3.3508e-06
    0.203074     0.203862 -3.52818e-06
    0.207772     0.208622 -3.72292e-06
    0.212439     0.213355 -3.94083e-06
    0.217074     0.218058 -4.20075e-06
    0.221678     0.222735 -4.39282e-06
    0.226249     0.227383 -4.62692e-06
    0.230791     0.232004 -4.83331e-06
      0.2353     0.236597 -5.04691e-06
    0.239779     0.241165 -5.28396e-06
    0.244227     0.245705 -5.58701e-06
    0.248644      0.25022 -5.81602e-06
     0.25303     0.254707 -6.10524e-06
    0.257387     0.259167 -6.46129e-06
    0.261711     0.263601 -6.80926e-06
    0.266007     0.268009 -7.12248e-06
    0.270271     0.272393 -7.41549e-06
    0.274505     0.276749 -7.79242e-06
    0.278709     0.281079 -8.14935e-06
    0.282883     0.285382 -8.57618e-06
    0.287026     0.289661 -9.11167e-06
    0.291141     0.293912 -9.60011e-06
   0.295225    0.298143 -1.0165e-05
    0.299281     0.302341 -1.07488e-05
    0.303305     0.306521 -1.13876e-05
   0.307302    0.310674 -1.1949e-05
    0.311267     0.314806 -1.26289e-05
    0.315206     0.318908 -1.32824e-05
    0.319113     0.322989 -1.40049e-05
    0.322993     0.327043 -1.46343e-05
    0.326842     0.331081 -1.56247e-05
    0.330664     0.335088 -1.64583e-05
    0.334456      0.33908 -1.74705e-05
     0.33822     0.343042 -1.84315e-05
    0.341955     0.346987 -1.95525e-05
    0.345663     0.350904 -2.05812e-05
     0.34934       0.3548 -2.17691e-05
    0.352991     0.358671 -2.28998e-05
   0.356613    0.362521 -2.4179e-05
    0.360208     0.366349 -2.54205e-05
    0.363773     0.370157 -2.67807e-05
    0.367312     0.373945 -2.82568e-05
    0.370822     0.377709 -2.95608e-05
    0.374305      0.38145 -3.10598e-05
     0.37776     0.385171 -3.23857e-05
    0.381188     0.388867 -3.39669e-05
    0.384588     0.392544 -3.53729e-05
    0.387961     0.396197 -3.69304e-05
    0.391306      0.39983 -3.84111e-05
    0.394626      0.40344 -4.00274e-05
    0.397916     0.407029 -4.15291e-05
   0.401181    0.410594 -4.3381e-05
    0.404418     0.414142 -4.49909e-05
    0.407629     0.417665 -4.68163e-05
    0.410813     0.421172 -4.83722e-05
    0.413971     0.424658 -5.00926e-05
    0.417101     0.428126 -5.17383e-05
   0.420207    0.431569 -5.3379e-05
    0.423286     0.434995 -5.50277e-05
     0.42634     0.438403 -5.68182e-05
    0.429367     0.441788 -5.84037e-05
     0.43237     0.445157 -6.02543e-05
    0.435345     0.448501 -6.19527e-05
    0.438298     0.451832 -6.38842e-05
    0.441222     0.455137 -6.57039e-05
    0.444124     0.458429 -6.77162e-05
    0.446998     0.461697 -6.95123e-05
    0.449848     0.464953 -7.16476e-05
    0.452672     0.468186 -7.35354e-05
    0.455472     0.471403 -7.58316e-05
    0.458246     0.474599 -7.79425e-05
    0.460997     0.477778 -8.05291e-05
    0.463721     0.480938 -8.28411e-05
   0.466423     0.48408 -8.5117e-05
    0.469098     0.487208 -8.74581e-05
     0.47175     0.490313 -8.96997e-05
    0.474376      0.49341 -9.20459e-05
     0.47698     0.496481 -9.40974e-05
    0.479557     0.499542 -9.66675e-05
    0.482113     0.502581 -9.92127e-05
    0.484642     0.505606 -0.000101565
   0.487149    0.508614 -0.00010418
    0.489629     0.511599 -0.000106617
    0.492088     0.514569 -0.000109313
    0.494521     0.517526 -0.000112055
    0.496933     0.520466 -0.000114226
    0.499319      0.52339 -0.000116957
    0.501683     0.526296 -0.000119145
    0.504022     0.529185 -0.000121639
     0.50634     0.532065 -0.000124029
    0.508632     0.534919 -0.000126535
   0.510905    0.537763 -0.00012845
    0.513152     0.540586 -0.000130712
    0.515379       0.5434 -0.000132723
    0.517581     0.546193 -0.000134917
    0.519764     0.548984 -0.000136569
    0.521923     0.551751 -0.000138509
    0.524061     0.554514 -0.000139869
    0.526176     0.557253 -0.000141521
   0.528271    0.559988 -0.00014271
    0.530342     0.562698 -0.000144045
    0.532393     0.565412 -0.000145001
    0.534421     0.568102 -0.000146388
    0.536428      0.57078 -0.000146944
    0.538413     0.573447 -0.000147929
    0.540376     0.576091 -0.000148504
   0.542318    0.578728 -0.00014919
    0.544238     0.581342 -0.000149722
    0.546137     0.583949 -0.000150702
    0.548015     0.586537 -0.000151269
    0.549871     0.589113 -0.000152072
    0.551706     0.591676 -0.000152567
    0.553519     0.594218 -0.000153432
    0.555311     0.596749 -0.000154057
    0.557082     0.599261 -0.000154571
    0.558834     0.601767 -0.000155374
    0.560564     0.604257 -0.000156006
    0.562274     0.606727 -0.000156205
    0.563963     0.609186 -0.000157034
     0.56563     0.611623 -0.000157351
    0.567277     0.614048 -0.000158331
    0.568905     0.616461 -0.000158555
    0.570511     0.618856 -0.000159091
    0.572098     0.621243 -0.000159432
    0.573665     0.623615 -0.000160461
    0.575212     0.625979 -0.000160874
     0.57674      0.62833 -0.000161745
    0.578249     0.630678 -0.000162383
    0.579737     0.632998 -0.000162885
    0.581208      0.63532 -0.000163623
    0.582658     0.637625 -0.000164436
    0.584088     0.639911 -0.000164908
    0.585501     0.642195 -0.000165088
    0.586893     0.644456 -0.000165462
   0.588268    0.646719 -0.00016554
   0.589622    0.648962 -0.00016611
    0.590959     0.651202 -0.000165931
    0.592276     0.653422 -0.000166409
    0.593576      0.65564 -0.000166312
    0.594856     0.657839 -0.000166722
    0.596118     0.660028 -0.000166427
     0.59736     0.662201 -0.000167039
    0.598586     0.664371 -0.000167188
    0.599793     0.666525 -0.000167734
   0.600984     0.66869 -0.00016834
    0.602156     0.670825 -0.000168766
    0.603311     0.672966 -0.000169287
    0.604448     0.675092 -0.000170235
    0.605567     0.677207 -0.000169978
    0.606669     0.679309 -0.000170659
    0.607754     0.681411 -0.000170326
   0.608822    0.683498 -0.00017057
    0.609872     0.685576 -0.000170197
    0.610905     0.687642 -0.000170488
    0.611921     0.689703 -0.000170502
    0.612921     0.691754 -0.000170311
    0.613903     0.693801 -0.000170289
     0.61487     0.695835 -0.000169515
     0.61582     0.697868 -0.000168557
    0.616753     0.699885 -0.000167936
    0.617671     0.701898 -0.000166593
    0.618573     0.703904 -0.000165873
    0.619457     0.705896 -0.000164133
    0.620326     0.707885 -0.000163052
    0.621179     0.709864 -0.000161175
    0.622016     0.711834 -0.000159751
    0.622838     0.713792 -0.000157593
    0.623643     0.715742 -0.000155933
    0.624434      0.71769 -0.000153564
     0.62521     0.719626 -0.000151786
    0.625972     0.721569 -0.000148981
    0.626719     0.723505 -0.000147288
    0.627452     0.725441 -0.000144621
   0.628171    0.727373 -0.00014303
    0.628875     0.729303 -0.000140428
    0.629565     0.731228 -0.000138779
    0.630242     0.733155 -0.000136164
    0.630902     0.735065 -0.000134121
    0.631551     0.736984 -0.000131007
    0.632186     0.738902 -0.000128419
    0.632806     0.740806 -0.000125245
    0.633414     0.742719 -0.000122715
   0.634007    0.744617 -0.00011963
    0.634588     0.746525 -0.000117048
    0.635155     0.748419 -0.000113957
     0.63571      0.75032 -0.000111342
    0.636252     0.752212 -0.000108451
    0.636779     0.754104 -0.000105669
    0.637295      0.75599 -0.000102727
    0.637796     0.757869 -9.97619e-05
    0.638288     0.759752 -9.68395e-05
    0.638764      0.76163 -9.38768e-05
    0.639231     0.763509 -9.10247e-05
    0.639683     0.765385 -8.81524e-05
    0.640126     0.767261 -8.53623e-05
    0.640556     0.769138 -8.26884e-05
    0.640974     0.771007 -7.97275e-05
    0.641379     0.772875 -7.68023e-05
    0.641773     0.774737 -7.36823e-05
   0.642155    0.776603 -7.0714e-05
    0.642527     0.778466 -6.79791e-05
    0.642888     0.780339 -6.53934e-05
     0.64324     0.782208 -6.27519e-05
   0.643579    0.784074 -6.0026e-05
    0.643908     0.785938 -5.73882e-05
    0.644227     0.787811 -5.50674e-05
    0.644537      0.78968 -5.24859e-05
    0.644832     0.791545 -4.99076e-05
    0.645121     0.793414 -4.74063e-05
    0.645401      0.79529 -4.52707e-05
    0.645672     0.797171 -4.33104e-05
    0.645934     0.799052 -4.14287e-05
    0.646187     0.800938 -3.96479e-05
    0.646429     0.802822 -3.79208e-05
    0.646662     0.804709 -3.61967e-05
    0.646883     0.806586 -3.44373e-05
    0.647098     0.808475 -3.28679e-05
    0.647302      0.81036 -3.10438e-05
    0.647498      0.81225 -2.93845e-05
    0.647683     0.814133 -2.75028e-05
    0.647862     0.816028 -2.59268e-05
    0.648031     0.817916 -2.41137e-05
    0.648195     0.819814 -2.27273e-05
    0.648346     0.821702 -2.09355e-05
    0.648492     0.823602 -1.95837e-05
  0.648626   0.825491 -1.782e-05
   0.648756    0.827392 -1.6547e-05
    0.648876     0.829283 -1.48174e-05
    0.648988     0.831181 -1.34746e-05
    0.649093      0.83308 -1.19203e-05
    0.64919    0.834982 -1.0632e-05
   0.649279    0.836883 -9.1464e-06
     0.64936     0.838785 -7.85789e-06
    0.649434     0.840688 -6.22584e-06
      0.6495     0.842593 -4.75963e-06
    0.649559       0.8445 -3.20994e-06
    0.649611      0.84641 -1.80058e-06
    0.649656     0.848321 -3.00871e-07
   0.649695    0.850235 1.12892e-06
   0.649728    0.852148 2.64944e-06
   0.649753    0.854062 3.99425e-06
   0.649774    0.855981 5.35007e-06
   0.649785    0.857893 6.16278e-06
   0.649792    0.859814 7.13583e-06
   0.649788    0.861723 7.81544e-06
   0.649778    0.863633 8.85146e-06
   0.649762    0.865544 9.93463e-06
   0.649743    0.867464 1.06585e-05
 0.649712  0.869371 1.151e-05
   0.649681    0.871294 1.25213e-05
    0.64964    0.873207 1.33593e-05
   0.649597    0.875132 1.46831e-05
   0.649545    0.877046 1.56415e-05
   0.649492    0.878975 1.68127e-05
  0.649434   0.880898 1.7362e-05
  0.649367   0.882823 1.8489e-05
   0.649302    0.884752 1.88866e-05
   0.649224    0.886678 2.00801e-05
   0.649148    0.888606 2.05455e-05
   0.649057    0.890527 2.20089e-05
   0.648976    0.892463 2.30628e-05
    0.64888    0.894393 2.45919e-05
   0.648795    0.896342 2.55086e-05
   0.648693    0.898279 2.69566e-05
     0.6486     0.90023 2.77747e-05
   0.648492    0.902173 2.91129e-05
   0.648394    0.904134 2.98552e-05
   0.648283    0.906084 3.12942e-05
    0.64818     0.90805 3.14344e-05
   0.648064    0.910008 3.25979e-05
   0.647957    0.911978 3.29033e-05
   0.647836     0.91394 3.40103e-05
   0.647729    0.915927 3.42545e-05
   0.647606    0.917897 3.53917e-05
     0.6475    0.919898 3.59517e-05
   0.647379    0.921883 3.71522e-05
    0.64728    0.923909 3.85443e-05
   0.647162    0.925907 4.01056e-05
   0.64706   0.927939 4.1255e-05
   0.646944    0.929949 4.33657e-05
   0.646836    0.931977 4.45305e-05
    0.64672    0.933997 4.62408e-05
   0.646612    0.936033 4.74388e-05
   0.646497    0.938065 4.89683e-05
   0.646391    0.940111 5.00444e-05
   0.646275    0.942147 5.19673e-05
   0.646166    0.944201 5.29185e-05
   0.646055     0.94625 5.48029e-05
    0.64595    0.948311 5.58075e-05
   0.645842    0.950373 5.76394e-05
   0.645735    0.952437 5.88244e-05
   0.645627    0.954504 6.04705e-05
   0.645519    0.956569 6.20656e-05
   0.645412     0.95864 6.38299e-05
   0.645299    0.960702 6.47945e-05
   0.645192     0.96278 6.55669e-05
    0.64509    0.964858 6.69486e-05
 0.644986  0.966941 6.745e-05
   0.644889    0.969028 6.83898e-05
   0.644784    0.971112 6.83603e-05
    0.64469    0.973204 6.95396e-05
   0.644593    0.975298 6.95933e-05
   0.644495    0.977385 7.06018e-05
   0.644409    0.979494 7.02015e-05
   0.644312    0.981582 7.08108e-05
    0.64423    0.983697 7.04846e-05
   0.644142    0.985796 7.10366e-05
   0.644067    0.987917 7.05029e-05
  0.643983   0.990018 7.0596e-05
   0.643908    0.992135 6.97854e-05
   0.643834    0.994247 6.96705e-05
   0.643779    0.996386 6.86913e-05
   0.643708    0.998501 6.73801e-05
    0.64366     1.00064 6.60687e-05
   0.643591     1.00276 6.48925e-05
   0.643552      1.0049 6.36522e-05
   0.643501     1.00704 6.21184e-05
  0.643473    1.00919 6.1219e-05
   0.643436     1.01134 5.95333e-05
   0.643424      1.0135 5.84175e-05
   0.643399     1.01565 5.67477e-05
   0.643403     1.01783 5.53277e-05
   0.643388     1.01999 5.34684e-05
   0.643406     1.02218 5.20238e-05
   0.643406     1.02435 5.00587e-05
   0.643432     1.02653 4.85527e-05
    0.64344      1.0287 4.63035e-05
   0.643477      1.0309 4.42565e-05
   0.643502     1.03308 4.15764e-05
  0.643552    1.03527 3.9786e-05
   0.643592     1.03746 3.70731e-05
    0.64365     1.03966 3.51502e-05
   0.643698     1.04185 3.27674e-05
   0.643775     1.04405 3.12301e-05
  0.643836    1.04624 2.8728e-05
   0.643908     1.04844 2.77709e-05
   0.643966     1.05061 2.54898e-05
   0.644057     1.05281 2.39246e-05
   0.644127     1.05499 2.17174e-05
   0.644244     1.05721 1.94746e-05
   0.644323     1.05939 1.72162e-05
  0.644458    1.06161 1.4463e-05
   0.644554     1.06379 1.20342e-05
   0.644701     1.06601 9.27106e-06
   0.644825     1.06821 6.77348e-06
   0.644982     1.07043 3.40474e-06
   0.645111     1.07262 1.88661e-06
    0.645274      1.07483 -9.67902e-07
    0.645449      1.07705 -2.54211e-06
    0.645617      1.07925 -4.22238e-06
    0.645825      1.08148 -5.35593e-06
    0.646019      1.08369 -6.76317e-06
    0.646239      1.08592 -7.96943e-06
    0.646442      1.08812 -9.09752e-06
    0.646677      1.09034 -1.09118e-05
    0.646907      1.09256 -1.22171e-05
    0.647172       1.0948 -1.34103e-05
    0.647422      1.09701 -1.46976e-05
    0.647703      1.09925 -1.58237e-05
    0.647963      1.10146 -1.69795e-05
    0.648243      1.10367 -1.80259e-05
    0.648549       1.1059 -1.93204e-05
    0.648876      1.10813 -2.05137e-05
   0.649196     1.11036 -2.2533e-05
    0.649545      1.11259 -2.38026e-05
    0.649896      1.11482 -2.63158e-05
    0.650259      1.11705 -2.72728e-05
    0.650643      1.11929 -2.95938e-05
    0.651023      1.12151 -3.00983e-05
    0.651427      1.12375 -3.28132e-05
    0.651832      1.12598 -3.37952e-05
    0.652248      1.12821 -3.68198e-05
    0.652673      1.13043 -3.83728e-05
   0.653101     1.13265 -4.1346e-05
    0.653536      1.13486 -4.29565e-05
    0.653981      1.13708 -4.63003e-05
    0.654433      1.13928 -4.78413e-05
    0.654881      1.14148 -5.12444e-05
    0.655365      1.14369 -5.34612e-05
    0.655832      1.14589 -5.70343e-05
    0.656335      1.14809 -5.99433e-05
    0.656842      1.15029 -6.36527e-05
     0.65736      1.15249 -6.66095e-05
    0.657889      1.15468 -7.04397e-05
   0.658417     1.15686 -7.3798e-05
    0.658967      1.15905 -7.78864e-05
    0.659498      1.16122 -8.21246e-05
    0.660068       1.1634 -8.63672e-05
   0.660602     1.16556 -9.1014e-05
    0.661192      1.16773 -9.50178e-05
    0.661746      1.16988 -9.98467e-05
   0.662357     1.17204 -0.00010437
    0.662949      1.17419 -0.000109768
    0.663583      1.17634 -0.000114324
    0.664192      1.17848 -0.000120198
    0.664826      1.18062 -0.000125677
    0.665469      1.18276 -0.000131105
    0.666129      1.18488 -0.000136849
    0.666796      1.18701 -0.000142451
    0.667473      1.18913 -0.000148712
     0.66817      1.19125 -0.000154213
   0.668862     1.19335 -0.00016134
    0.669581      1.19546 -0.000166709
    0.670319      1.19756 -0.000173941
    0.671064      1.19967 -0.000179365
    0.671815      1.20175 -0.000186568
     0.67259      1.20385 -0.000192614
    0.673337      1.20592 -0.000199678
    0.674141        1.208 -0.000206253
    0.674909      1.21006 -0.000213543
    0.675704      1.21212 -0.000220472
    0.676501      1.21416 -0.000228214
    0.677326      1.21621 -0.000235512
    0.678154      1.21825 -0.000243444
    0.679002      1.22029 -0.000251233
    0.679871      1.22232 -0.000259428
     0.68075      1.22435 -0.000267289
    0.681631      1.22636 -0.000275135
    0.682534      1.22837 -0.000283188
    0.683441      1.23037 -0.000291349
    0.684362      1.23237 -0.000299517
    0.685298      1.23435 -0.000307683
    0.686234      1.23634 -0.000316167
      0.6872      1.23831 -0.000325069
    0.688138      1.24027 -0.000333898
    0.689124      1.24222 -0.000343257
   0.690103     1.24417 -0.00035213
    0.691099      1.24611 -0.000361881
    0.692118      1.24805 -0.000371113
     0.69314      1.24997 -0.000381087
    0.694174      1.25189 -0.000390206
    0.695222      1.25379 -0.000400564
    0.696301       1.2557 -0.000409177
    0.697375      1.25759 -0.000419865
    0.698468      1.25948 -0.000429055
    0.699587      1.26135 -0.000439796
      0.7007      1.26322 -0.000449673
    0.701836      1.26508 -0.000460625
    0.702959      1.26693 -0.000471656
    0.704115      1.26877 -0.000483005
    0.705261       1.2706 -0.000493851
    0.706437      1.27242 -0.000505636
    0.707592      1.27423 -0.000516645
    0.708782      1.27603 -0.000528756
    0.709967      1.27783 -0.000540059
    0.711165      1.27961 -0.000552381
    0.712375      1.28138 -0.000563627
    0.713572      1.28313 -0.000575927
    0.714778      1.28488 -0.000587372
    0.715991      1.28662 -0.000599935
    0.717213      1.28835 -0.000611686
    0.718468      1.29006 -0.000624163
    0.719718      1.29177 -0.000636336
    0.721007      1.29347 -0.000648596
    0.722293      1.29516 -0.000661019
    0.723581      1.29683 -0.000673082
    0.724882       1.2985 -0.000685668
    0.726192      1.30015 -0.000698169
    0.727499      1.30179 -0.000710989
    0.728834      1.30342 -0.000723438
    0.730172      1.30505 -0.000736078
    0.731525      1.30665 -0.000748745
    0.732882      1.30825 -0.000761433
     0.73427      1.30984 -0.000774826
     0.73564      1.31141 -0.000787745
    0.737056      1.31298 -0.000801503
   0.738454     1.31453 -0.00081492
    0.739881      1.31607 -0.000828755
    0.741303       1.3176 -0.000842438
    0.742737      1.31911 -0.000856322
    0.744163      1.32062 -0.000870011
    0.745601      1.32211 -0.000884394
    0.747026      1.32359 -0.000898347
    0.748469      1.32506 -0.000912661
   0.749925     1.32652 -0.00092664
    0.751362      1.32796 -0.000941396
   0.752844      1.3294 -0.00095566
     0.7543     1.33082 -0.00097054
   0.755805     1.33222 -0.00098499
   0.757308     1.33362 -0.00100096
   0.758818       1.335 -0.00101595
   0.760333     1.33637 -0.00103155
  0.761853    1.33773 -0.0010472
    0.76338     1.33907 -0.00106288
   0.764918      1.3404 -0.00107847
   0.766445     1.34172 -0.00109452
   0.767996     1.34303 -0.00111009
   0.769535     1.34433 -0.00112625
   0.771102     1.34561 -0.00114151
    0.77265     1.34688 -0.00115752
    0.77421     1.34814 -0.00117354
   0.775791     1.34938 -0.00118951
   0.777354     1.35062 -0.00120569
   0.778945     1.35183 -0.00122171
   0.780507     1.35305 -0.00123857
   0.782106     1.35424 -0.00125472
   0.783699     1.35542 -0.00127169
    0.78531     1.35658 -0.00128822
   0.786919     1.35774 -0.00130571
    0.78854     1.35888 -0.00132292
   0.790151     1.36001 -0.00134058
   0.791795     1.36112 -0.00135785
   0.793428     1.36222 -0.00137626
   0.795091      1.3633 -0.00139417
   0.796735     1.36438 -0.00141289
  0.798401    1.36544 -0.0014308
   0.800044     1.36649 -0.00144954
  0.801714    1.36752 -0.0014675
    0.80336     1.36855 -0.00148636
   0.805026     1.36956 -0.00150515
   0.806655     1.37057 -0.00152458
    0.80832     1.37156 -0.00154343
   0.809938     1.37255 -0.00156329
   0.811592     1.37351 -0.00158211
   0.813217     1.37447 -0.00160207
    0.81485     1.37542 -0.00162089
   0.816509     1.37635 -0.00164085
   0.818149     1.37727 -0.00165983
   0.819813     1.37817 -0.00167994
   0.821457     1.37906 -0.00169893
   0.823099     1.37995 -0.00171894
   0.824736     1.38082 -0.00173885
   0.826356      1.3817 -0.00175904
   0.827985     1.38255 -0.00177901
   0.829611     1.38339 -0.00179919
  0.831252    1.38421 -0.0018196
   0.832899     1.38503 -0.00184036
   0.834545     1.38583 -0.00186082
   0.836188     1.38662 -0.00188177
   0.837837     1.38739 -0.00190235
   0.839502     1.38815 -0.00192339
    0.84116     1.38889 -0.00194416
   0.842824     1.38963 -0.00196522
   0.844488     1.39035 -0.00198597
   0.846139     1.39106 -0.00200688
   0.847787     1.39177 -0.00202764
   0.849446     1.39245 -0.00204889
   0.851084     1.39314 -0.00207005
   0.852765     1.39379 -0.00209073
   0.854402     1.39445 -0.00211207
   0.856065     1.39509 -0.00213283
   0.857709     1.39573 -0.00215394
   0.859363     1.39635 -0.00217468
   0.860981     1.39697 -0.00219571
    0.86263     1.39757 -0.00221616
   0.864254     1.39816 -0.00223744
   0.865908     1.39874 -0.00225812
    0.86754     1.39931 -0.00227948
   0.869183     1.39986 -0.00230025
   0.870811     1.40041 -0.00232135
   0.872444     1.40094 -0.00234227
   0.874072     1.40147 -0.00236317
   0.875703     1.40198 -0.00238429
   0.877319     1.40249 -0.00240508
   0.878932     1.40299 -0.00242592
   0.880545     1.40347 -0.00244716
   0.882149     1.40395 -0.00246788
   0.883748     1.40442 -0.00248891
   0.885355     1.40487 -0.00251031
    0.88694     1.40533 -0.00253144
    0.88852     1.40577 -0.00255328
   0.890103      1.4062 -0.00257417
   0.891669     1.40663 -0.00259601
   0.893255     1.40704 -0.00261697
   0.894807     1.40745 -0.00263883
   0.896384     1.40784 -0.00266013
   0.897929     1.40823 -0.00268254
   0.899489     1.40861 -0.00270451
   0.901029     1.40898 -0.00272672
   0.902569     1.40935 -0.00274866
   0.904103      1.4097 -0.00277119
  0.905643    1.41004 -0.0027929
   0.907172     1.41038 -0.00281512
   0.908706      1.4107 -0.00283703
    0.91022     1.41102 -0.00285901
   0.911747     1.41132 -0.00288088
   0.913246     1.41163 -0.00290315
   0.914752     1.41192 -0.00292531
    0.91624     1.41222 -0.00294856
   0.917729      1.4125 -0.00297132
    0.91922     1.41277 -0.00299381
   0.920705     1.41303 -0.00301625
   0.922188     1.41328 -0.00303847
   0.923676     1.41352 -0.00306056
   0.925135     1.41376 -0.00308243
   0.926611     1.41399 -0.00310458
   0.928056     1.41422 -0.00312701
   0.929522     1.41443 -0.00314899
   0.930962     1.41464 -0.00317108
   0.932418     1.41484 -0.00319308
  0.933845    1.41504 -0.0032151
   0.935288     1.41522 -0.00323727
   0.936721      1.4154 -0.00325915
   0.938164     1.41555 -0.00328109
   0.939584     1.41572 -0.00330226
   0.941001     1.41588 -0.00332353
   0.942425     1.41601 -0.00334493
    0.94384     1.41615 -0.00336647
 0.945245   1.41628 -0.003388
   0.946646     1.41641 -0.00340952
   0.948035     1.41653 -0.00343057
   0.949424     1.41664 -0.00345199
     0.9508     1.41675 -0.00347287
   0.952175     1.41685 -0.00349403
   0.953534     1.41696 -0.00351482
   0.954884     1.41706 -0.00353643
   0.956238     1.41715 -0.00355745
   0.957563     1.41725 -0.00357864
   0.958908     1.41732 -0.00359969
   0.960231      1.4174 -0.00362098
   0.961571     1.41746 -0.00364227
   0.962887     1.41752 -0.00366346
   0.964212     1.41757 -0.00368505
   0.965516     1.41763 -0.00370643
 0.966848   1.41766 -0.003728
   0.968148     1.41769 -0.00374984
   0.969456     1.41772 -0.00377191
   0.970748     1.41774 -0.00379392
    0.97203     1.41776 -0.00381661
   0.973299     1.41779 -0.00383853
   0.974574      1.4178 -0.00386013
   0.975835     1.41781 -0.00388194
   0.977097     1.41781 -0.00390335
   0.978342     1.41782 -0.00392498
   0.979587     1.41782 -0.00394734
   0.980819     1.41782 -0.00396919
    0.98206      1.4178 -0.00399148
   0.983282     1.41779 -0.00401356
   0.984487     1.41778 -0.00403508
   0.985699     1.41776 -0.00405702
  0.986893    1.41775 -0.0040787
   0.988091     1.41772 -0.00410037
   0.989275      1.4177 -0.00412219
   0.990462     1.41766 -0.00414394
   0.991634     1.41764 -0.00416596
   0.992804      1.4176 -0.00418791
   0.993954     1.41757 -0.00421073
   0.995115     1.41753 -0.00423308
  0.996246     1.4175 -0.0042559
 0.997397   1.41744 -0.004278
   0.998515     1.41741 -0.00430088
    0.99965     1.41736 -0.00432309
    1.00076     1.41732 -0.00434548
    1.00188     1.41726 -0.00436738
      1.003     1.41719 -0.00438964
    1.00409     1.41714 -0.00441138
    1.00519     1.41708 -0.00443406
    1.00626     1.41704 -0.00445544
    1.00734     1.41699 -0.00447788
     1.0084     1.41694 -0.00450003
    1.00947     1.41688 -0.00452246
    1.01052     1.41683 -0.00454516
    1.01156     1.41677 -0.00456774
    1.01261     1.41672 -0.00459101
    1.01364     1.41665 -0.00461397
    1.01469     1.41658 -0.00463744
   1.01571    1.41652 -0.0046605
    1.01673     1.41646 -0.00468401
    1.01774      1.4164 -0.00470719
    1.01874     1.41633 -0.00473067
    1.01974     1.41627 -0.00475414
    1.02073     1.41621 -0.00477765
    1.02171     1.41615 -0.00480129
     1.0227     1.41608 -0.00482464
    1.02366     1.41603 -0.00484823
    1.02462     1.41597 -0.00487144
   1.02556    1.41593 -0.0048952
    1.02649     1.41588 -0.00491885
    1.02742     1.41584 -0.00494273
    1.02835     1.41579 -0.00496616
    1.02927     1.41574 -0.00498987
    1.03019     1.41569 -0.00501336
    1.03109     1.41565 -0.00503707
      1.032      1.4156 -0.00506109
     1.0329     1.41555 -0.00508529
    1.03378     1.41551 -0.00510933
    1.03466     1.41547 -0.00513349
   1.03554    1.41543 -0.0051579
     1.0364      1.4154 -0.00518224
    1.03725     1.41537 -0.00520655
    1.03811     1.41534 -0.00523091
    1.03895     1.41531 -0.00525504
    1.03979     1.41528 -0.00527958
    1.04062     1.41526 -0.00530342
   1.04144    1.41524 -0.0053276
   1.04226    1.41522 -0.0053518
   1.04307     1.4152 -0.0053763
    1.04388     1.41519 -0.00540075
    1.04467     1.41518 -0.00542547
    1.04547     1.41517 -0.00544979
   1.04625    1.41517 -0.0054745
    1.04703     1.41517 -0.00549932
     1.0478     1.41517 -0.00552427
    1.04857     1.41517 -0.00554917
    1.04933     1.41519 -0.00557442
   1.05008    1.41519 -0.0055993
    1.05084      1.4152 -0.00562502
    1.05158     1.41522 -0.00565047
    1.05232     1.41523 -0.00567635
    1.05305     1.41526 -0.00570192
    1.05378     1.41528 -0.00572747
    1.05451      1.4153 -0.00575282
    1.05523     1.41533 -0.00577859
    1.05594     1.41535 -0.00580403
    1.05665     1.41539 -0.00583007
    1.05736     1.41542 -0.00585565
    1.05805     1.41546 -0.00588187
   1.05875     1.4155 -0.0059078
    1.05943     1.41555 -0.00593388
   1.06012    1.41559 -0.0059598
     1.0608     1.41564 -0.00598563
   1.06148    1.41569 -0.0060117
   1.06216    1.41575 -0.0060377
    1.06283      1.4158 -0.00606359
    1.06349     1.41587 -0.00608966
    1.06415     1.41593 -0.00611547
    1.06481     1.41601 -0.00614151
    1.06546     1.41608 -0.00616732
    1.06611     1.41616 -0.00619332
    1.06676     1.41623 -0.00621919
    1.06741     1.41631 -0.00624511
    1.06804     1.41639 -0.00627099
    1.06868     1.41649 -0.00629703
    1.06931     1.41658 -0.00632285
    1.06995     1.41668 -0.00634888
    1.07057     1.41678 -0.00637456
     1.0712     1.41689 -0.00640061
    1.07182     1.41699 -0.00642594
   1.07244    1.41711 -0.0064518
    1.07305     1.41722 -0.00647724
    1.07366     1.41735 -0.00650316
    1.07427     1.41747 -0.00652863
   1.07487    1.41761 -0.0065545
    1.07547     1.41775 -0.00657998
    1.07608     1.41789 -0.00660578
    1.07667     1.41804 -0.00663121
    1.07727      1.4182 -0.00665693
    1.07786     1.41835 -0.00668175
    1.07845     1.41852 -0.00670682
    1.07904     1.41868 -0.00673156
    1.07963     1.41886 -0.00675636
    1.08021     1.41904 -0.00678083
     1.0808     1.41923 -0.00680549
    1.08138     1.41941 -0.00682975
    1.08196     1.41961 -0.00685418
    1.08254      1.4198 -0.00687832
    1.08312        1.42 -0.00690272
     1.0837     1.42021 -0.00692676
   1.08425    1.42045 -0.0069497
    1.08482     1.42068 -0.00697289
    1.08537     1.42093 -0.00699527
    1.08593     1.42118 -0.00701794
    1.08648     1.42142 -0.00704083
    1.08704     1.42169 -0.00706315
    1.08759     1.42196 -0.00708574
    1.08814     1.42223 -0.00710831
    1.08869     1.42251 -0.00713087
    1.08925      1.4228 -0.00715314
    1.08979     1.42308 -0.00717595
    1.09034     1.42338 -0.00719845
    1.09088     1.42369 -0.00722075
    1.09143     1.42401 -0.00724315
    1.09197     1.42434 -0.00726542
    1.09251     1.42467 -0.00728789
    1.09306       1.425 -0.00731104
    1.09361     1.42534 -0.00733383
    1.09415     1.42568 -0.00735704
     1.0947     1.42604 -0.00738012
   1.09525     1.4264 -0.0074037
     1.0958     1.42676 -0.00742715
    1.09635     1.42713 -0.00745067
    1.09689     1.42751 -0.00747393
    1.09743     1.42791 -0.00749722
    1.09798      1.4283 -0.00752017
    1.09852     1.42871 -0.00754332
    1.09907     1.42913 -0.00756616
    1.09961     1.42956 -0.00758904
    1.10015        1.43 -0.00761195
    1.10068     1.43046 -0.00763533
    1.10121     1.43092 -0.00765848
    1.10175     1.43139 -0.00768165
    1.10229     1.43187 -0.00770517
    1.10283     1.43236 -0.00772841
    1.10337     1.43285 -0.00775158
    1.10391     1.43336 -0.00777465
    1.10444     1.43388 -0.00779808
    1.10498      1.4344 -0.00782143
    1.10552     1.43493 -0.00784494
    1.10606     1.43548 -0.00786841
    1.10661     1.43603 -0.00789184
    1.10715     1.43659 -0.00791518
     1.1077     1.43716 -0.00793844
    1.10824     1.43774 -0.00796163
    1.10879     1.43833 -0.00798551
    1.10934     1.43893 -0.00800901
     1.1099     1.43953 -0.00803231
    1.11046     1.44015 -0.00805596
    1.11102     1.44077 -0.00807917
    1.11158      1.4414 -0.00810272
    1.11216     1.44204 -0.00812617
    1.11272     1.44269 -0.00814975
    1.11329     1.44334 -0.00817349
    1.11387     1.44401 -0.00819721
    1.11444     1.44469 -0.00822083
    1.11502     1.44538 -0.00824446
    1.11561     1.44608 -0.00826792
    1.11619     1.44679 -0.00829144
    1.11678     1.44752 -0.00831473
    1.11737     1.44824 -0.00833805
    1.11796       1.449 -0.00836162
    1.11855     1.44975 -0.00838501
    1.11915     1.45053 -0.00840843
    1.11974     1.45131 -0.00843193
    1.12034     1.45211 -0.00845551
    1.12094     1.45292 -0.00847914
    1.12155     1.45374 -0.00850272
    1.12216     1.45457 -0.00852641
    1.12277     1.45542 -0.00855004
    1.12338     1.45627 -0.00857375
    1.12401     1.45713 -0.00859708
    1.12463     1.45801 -0.00862066
    1.12526     1.45889 -0.00864373
    1.12589     1.45979 -0.00866714
    1.12653     1.46069 -0.00868997
    1.12716     1.46163 -0.00871261
     1.1278     1.46257 -0.00873524
    1.12844     1.46353 -0.00875779
    1.12908      1.4645 -0.00878027
    1.12972      1.4655 -0.00880279
    1.13038     1.46648 -0.00882475
    1.13102     1.46749 -0.00884713
     1.1317     1.46851 -0.00886887
    1.13235     1.46955 -0.00889057
      1.133     1.47062 -0.00891223
    1.13366      1.4717 -0.00893321
    1.13433      1.4728 -0.00895454
      1.135     1.47391 -0.00897524
    1.13567     1.47503 -0.00899643
    1.13635     1.47617 -0.00901709
    1.13704     1.47731 -0.00903843
    1.13772     1.47848 -0.00905895
    1.13842     1.47966 -0.00908037
    1.13912     1.48085 -0.00910105
    1.13983     1.48206 -0.00912255
    1.14054     1.48328 -0.00914317
    1.14126     1.48453 -0.00916467
    1.14198     1.48578 -0.00918544
    1.14272     1.48705 -0.00920687
    1.14345     1.48834 -0.00922769
    1.14419     1.48964 -0.00924912
    1.14494     1.49096 -0.00926993
    1.14569      1.4923 -0.00929105
    1.14645     1.49364 -0.00931142
    1.14721     1.49502 -0.00933285
    1.14798     1.49641 -0.00935332
    1.14875     1.49783 -0.00937419
    1.14952     1.49926 -0.00939448
     1.1503     1.50071 -0.00941583
    1.15108     1.50217 -0.00943623
    1.15188     1.50366 -0.00945771
    1.15268     1.50516 -0.00947838
    1.15349     1.50667 -0.00949994
     1.1543      1.5082 -0.00952077
    1.15513     1.50975 -0.00954241
    1.15596     1.51131 -0.00956329
    1.15679     1.51291 -0.00958517
    1.15763     1.51451 -0.00960626
    1.15848     1.51612 -0.00962797
    1.15934     1.51775 -0.00964886
     1.1602     1.51941 -0.00967071
    1.16107     1.52108 -0.00969158
    1.16195     1.52277 -0.00971333
    1.16284     1.52447 -0.00973446
    1.16374      1.5262 -0.00975655
    1.16464     1.52794 -0.00977751
    1.16555      1.5297 -0.00979924
    1.16648     1.53147 -0.00982034
     1.1674     1.53328 -0.00984223
   1.16834    1.53509 -0.0098632
    1.16929     1.53693 -0.00988514
    1.17025     1.53878 -0.00990611
    1.17121     1.54066 -0.00992821
    1.17218     1.54255 -0.00994919
    1.17317     1.54446 -0.00997092
    1.17417     1.54639 -0.00999153
  1.17518   1.54834 -0.010013
   1.17619     1.5503 -0.0100336
   1.17722    1.55229 -0.0100551
   1.17826    1.55428 -0.0100758
  1.17932    1.5563 -0.010097
    1.1804    1.55832 -0.0101178
   1.18148    1.56037 -0.0101394
   1.18258    1.56243 -0.0101601
   1.18369    1.56452 -0.0101815
    1.1848    1.56661 -0.0102024
   1.18594    1.56873 -0.0102238
   1.18709    1.57085 -0.0102448
   1.18827    1.57297 -0.0102651
   1.18946    1.57512 -0.0102855
   1.19067    1.57728 -0.0103055
   1.19188    1.57946 -0.0103255
   1.19313    1.58165 -0.0103455
   1.19436    1.58387 -0.0103654
   1.19563     1.5861 -0.0103849
    1.1969    1.58837 -0.0104041
  1.19819   1.59065 -0.010424
   1.19949    1.59297 -0.0104432
   1.20081     1.5953 -0.0104631
   1.20212    1.59764 -0.0104815
   1.20347    1.60001 -0.0105009
   1.20481     1.6024 -0.0105193
   1.20618    1.60479 -0.0105384
   1.20755    1.60723 -0.0105565
   1.20893    1.60969 -0.0105761
   1.21033    1.61217 -0.0105945
  1.21174   1.61468 -0.010614
   1.21317    1.61721 -0.0106328
  1.21465   1.61973 -0.010651
   1.21612     1.6223 -0.0106695
   1.21762    1.62485 -0.0106871
   1.21914    1.62744 -0.0107038
   1.22065    1.63005 -0.0107216
    1.2222    1.63269 -0.0107382
   1.22376    1.63535 -0.0107554
   1.22533    1.63803 -0.0107723
   1.22691    1.64074 -0.0107896
    1.2285    1.64347 -0.0108064
   1.23012    1.64622 -0.0108237
   1.23175    1.64899 -0.0108402
    1.2334    1.65179 -0.0108573
   1.23506    1.65461 -0.0108737
   1.23673    1.65746 -0.0108903
   1.23843    1.66033 -0.0109065
   1.24013    1.66322 -0.0109229
   1.24186    1.66614 -0.0109388
   1.24359    1.66908 -0.0109548
   1.24535    1.67205 -0.0109703
  1.24713   1.67504 -0.010987
   1.24893    1.67804 -0.0110029
  1.25073   1.68108 -0.011019
   1.25257    1.68413 -0.0110345
   1.25442    1.68721 -0.0110502
   1.25629    1.69031 -0.0110653
   1.25818    1.69343 -0.0110804
  1.26009   1.69658 -0.011095
   1.26201    1.69975 -0.0111088
   1.26396    1.70295 -0.0111223
   1.26592    1.70617 -0.0111356
   1.26791    1.70942 -0.0111485
   1.26991    1.71269 -0.0111621
   1.27194    1.71599 -0.0111744
   1.27398     1.7193 -0.0111876
   1.27605    1.72265 -0.0111996
   1.27813    1.72602 -0.0112128
   1.28023    1.72942 -0.0112245
   1.28236    1.73283 -0.0112368
  1.28451   1.73629 -0.011248
   1.28667    1.73975 -0.0112601
   1.28887    1.74325 -0.0112704
   1.29107    1.74677 -0.0112819
   1.29332    1.75032 -0.0112916
   1.29557    1.75388 -0.0113025
   1.29787    1.75748 -0.0113122
   1.30019    1.76108 -0.0113217
   1.29651    1.75871 -0.0113309
   1.29284    1.75631 -0.0113397
   1.28916     1.7539 -0.0113486
   1.28545    1.75147 -0.0113579
   1.28174    1.74905 -0.0113658
   1.27802    1.74659 -0.0113743
   1.2743   1.74414 -0.011381
   1.27054    1.74168 -0.0113893
   1.26678    1.73921 -0.0113964
   1.26301    1.73673 -0.0114036
   1.25923    1.73425 -0.0114103
   1.25545    1.73175 -0.0114168
   1.25167    1.72924 -0.0114228
   1.24788    1.72672 -0.0114286
   1.24408     1.7242 -0.0114342
   1.24023    1.72165 -0.0114408
   1.23637    1.71908 -0.0114468
   1.23252     1.7165 -0.0114519
   1.22866     1.7139 -0.0114565
   1.22478     1.7113 -0.0114619
   1.22091    1.70869 -0.0114664
   1.21702    1.70607 -0.0114709
   1.21313    1.70343 -0.0114746
   1.20922    1.70078 -0.0114783
   1.20531    1.69812 -0.0114814
    1.2014    1.69545 -0.0114845
   1.19749    1.69276 -0.0114866
   1.19354    1.69007 -0.0114897
   1.18961    1.68735 -0.0114916
   1.18564    1.68464 -0.0114944
   1.18171     1.6819 -0.0114952
   1.17771    1.67918 -0.0114962
   1.17374    1.67643 -0.0114963
   1.16976    1.67366 -0.0114974
   1.16576    1.67089 -0.0114985
1.16176 1.66809 -0.0115
   1.15774    1.66529 -0.0115009
   1.15372    1.66247 -0.0115024
    1.1497    1.65965 -0.0115032
   1.14564    1.65681 -0.0115043
   1.14158    1.65399 -0.0115052
   1.13752    1.65114 -0.0115056
   1.13348     1.6483 -0.0115053
   1.12939    1.64541 -0.0115053
   1.12531    1.64255 -0.0115046
    1.1212    1.63965 -0.0115042
    1.1171    1.63678 -0.0115036
   1.11298    1.63387 -0.0115026
   1.10889    1.63097 -0.0115014
   1.10478    1.62804 -0.0115005
   1.10067    1.62511 -0.0114991
   1.09656    1.62215 -0.0114965
   1.09244     1.6192 -0.0114949
   1.08833    1.61622 -0.0114917
   1.08419    1.61325 -0.0114893
  1.08007   1.61026 -0.011486
    1.0759    1.60728 -0.0114825
  1.07176   1.60426 -0.011479
   1.06759    1.60126 -0.0114754
   1.06344    1.59822 -0.0114713
   1.05928    1.59519 -0.0114683
   1.05512    1.59214 -0.0114639
   1.05094    1.58909 -0.0114604
   1.04676    1.58601 -0.0114564
   1.04256    1.58296 -0.0114515
   1.03836    1.57987 -0.0114466
   1.03416    1.57678 -0.0114423
  1.02995   1.57367 -0.011437
   1.02574    1.57058 -0.0114318
   1.02152    1.56744 -0.0114263
    1.0173    1.56432 -0.0114205
   1.01308    1.56116 -0.0114148
   1.00887    1.55802 -0.0114089
   1.00464    1.55485 -0.0114029
   1.00046     1.5517 -0.0113971
  0.996236    1.54852 -0.0113908
  0.992077    1.54531 -0.0113855
   0.98787    1.54211 -0.0113794
  0.983685     1.5389 -0.0113731
  0.979472    1.53568 -0.0113674
   0.97529    1.53245 -0.0113611
  0.971086    1.52919 -0.0113551
  0.966924    1.52594 -0.0113489
  0.962728    1.52266 -0.0113428
  0.958568    1.51939 -0.0113364
  0.954375    1.51609 -0.0113304
  0.95021   1.51281 -0.011324
 0.946026   1.50949 -0.011318
  0.941868    1.50619 -0.0113117
  0.937683    1.50287 -0.0113063
  0.933522    1.49956 -0.0113002
  0.929335    1.49623 -0.0112948
  0.925167    1.49291 -0.0112887
  0.920975    1.48957 -0.0112837
  0.916801    1.48625 -0.0112777
  0.912603     1.4829 -0.0112724
  0.908468    1.47955 -0.0112682
  0.904289    1.47619 -0.0112638
  0.900131    1.47283 -0.0112588
  0.895954    1.46947 -0.0112546
   0.89177    1.46609 -0.0112491
  0.887599    1.46273 -0.0112449
0.883442  1.45937 -0.01124
  0.879251    1.45598 -0.0112356
  0.875092    1.45262 -0.0112308
  0.870897    1.44923 -0.0112265
  0.866734    1.44585 -0.0112218
  0.862535    1.44244 -0.0112177
  0.858376      1.439 -0.0112141
   0.85419    1.43558 -0.0112107
  0.850034    1.43213 -0.0112075
   0.84585    1.42869 -0.0112047
   0.84169    1.42522 -0.0112015
  0.837507    1.42176 -0.0111988
  0.833356    1.41828 -0.0111963
  0.829185    1.41481 -0.0111944
   0.82503    1.41132 -0.0111924
  0.820857    1.40783 -0.0111909
  0.816681    1.40433 -0.0111889
  0.812505    1.40082 -0.0111874
  0.808349     1.3973 -0.0111862
 0.804185   1.39375 -0.011185
       0.8    1.39022 -0.0111831
  0.795805    1.38667 -0.0111818
  0.791679    1.38314 -0.0111826
  0.787502    1.37959 -0.0111829
  0.783341    1.37605 -0.0111833
   0.77917    1.37249 -0.0111843
  0.774999    1.36892 -0.0111852
  0.770821    1.36535 -0.0111867
 0.766658   1.36176 -0.011188
  0.762496    1.35821 -0.0111913
  0.758336    1.35461 -0.0111932
  0.754155    1.35101 -0.0111958
  0.749981    1.34741 -0.0111979
  0.745791     1.3438 -0.0112006
 0.741652   1.34017 -0.011204
  0.737488    1.33658 -0.0112088
  0.733355    1.33295 -0.0112133
  0.729199    1.32933 -0.0112182
   0.72504     1.3257 -0.0112227
  0.720871    1.32206 -0.0112278
  0.716736    1.31842 -0.0112335
  0.712559    1.31478 -0.0112392
  0.708414    1.31112 -0.0112447
  0.704234    1.30745 -0.0112503
  0.700064    1.30378 -0.0112557
 0.695897    1.3001 -0.011262
 0.691741   1.29641 -0.011268
  0.687572    1.29271 -0.0112742
  0.683397    1.28903 -0.0112809
  0.679229    1.28533 -0.0112881
  0.675055    1.28164 -0.0112954
   0.67087    1.27793 -0.0113028
  0.666699    1.27423 -0.0113105
  0.662518     1.2705 -0.0113179
  0.658344    1.26679 -0.0113263
  0.654154    1.26306 -0.0113347
  0.649964    1.25932 -0.0113423
  0.645769    1.25559 -0.0113514
  0.641572    1.25186 -0.0113599
  0.637377    1.24812 -0.0113694
   0.63319    1.24439 -0.0113791
  0.628988    1.24064 -0.0113889
  0.624783    1.23688 -0.0113978
  0.620574    1.23311 -0.0114074
  0.616385    1.22936 -0.0114172
  0.612175    1.22557 -0.0114271
  0.607969     1.2218 -0.0114369
  0.603762    1.21805 -0.0114489
  0.599549    1.21429 -0.0114598
  0.595347    1.21053 -0.0114715
  0.591139    1.20677 -0.0114831
  0.586928    1.20301 -0.0114957
  0.582719    1.19922 -0.0115068
   0.57851    1.19543 -0.0115192
  0.574296    1.19168 -0.0115322
   0.57008    1.18789 -0.0115453
  0.565883     1.1841 -0.0115574
  0.561666     1.1803 -0.0115705
  0.557464    1.17651 -0.0115829
 0.553253    1.1727 -0.011596
  0.549045     1.1689 -0.0116087
  0.544827    1.16507 -0.0116218
  0.540643    1.16126 -0.0116352
  0.536441    1.15743 -0.0116487
 0.532255   1.15361 -0.011662
  0.528045    1.14979 -0.0116764
  0.523873    1.14597 -0.0116897
  0.519681    1.14214 -0.0117041
  0.515522    1.13832 -0.0117176
  0.51133   1.13447 -0.011732
  0.507167    1.13065 -0.0117463
  0.502975     1.1268 -0.0117612
   0.49881    1.12297 -0.0117753
  0.494622    1.11912 -0.0117905
  0.490478    1.11528 -0.0118054
  0.486296    1.11141 -0.0118208
   0.48215    1.10756 -0.0118346
0.477978  1.10371 -0.01185
  0.473839    1.09986 -0.0118634
  0.469659    1.09601 -0.0118787
  0.465505    1.09217 -0.0118922
  0.461343    1.08831 -0.0119073
   0.4572   1.08447 -0.011921
  0.453042    1.08063 -0.0119359
0.448887  1.07678 -0.01195
  0.444728    1.07292 -0.0119652
  0.440585    1.06908 -0.0119798
  0.436405    1.06521 -0.0119961
  0.432265    1.06137 -0.0120115
  0.428104    1.05751 -0.0120272
 0.423956   1.05364 -0.012043
  0.419798    1.04976 -0.0120599
   0.41564     1.0459 -0.0120753
  0.411508    1.04202 -0.0120926
  0.407348    1.03814 -0.0121088
  0.403199    1.03429 -0.0121238
0.399038  1.03041 -0.01214
  0.394875    1.02656 -0.0121553
  0.390713     1.0227 -0.0121712
  0.386567    1.01886 -0.0121873
  0.382406    1.01499 -0.0122037
  0.378233    1.01113 -0.0122202
  0.374079    1.00727 -0.0122371
  0.369912    1.00338 -0.0122543
  0.365756   0.999511 -0.0122719
 0.361609  0.995623 -0.012291
  0.357444   0.991756 -0.0123077
 0.353305  0.987873 -0.012326
  0.349172    0.98402 -0.0123425
  0.345036   0.980158 -0.0123603
  0.340905    0.97632 -0.0123769
  0.336768   0.972448 -0.0123952
  0.332631   0.968583 -0.0124127
  0.328505   0.964722 -0.0124313
  0.324353   0.960848 -0.0124484
  0.320211   0.956966 -0.0124675
   0.31606   0.953089 -0.0124853
  0.311913    0.94921 -0.0125039
  0.307764   0.945338 -0.0125221
  0.303616   0.941455 -0.0125412
  0.299465   0.937579 -0.0125597
   0.29532   0.933705 -0.0125791
  0.291155   0.929845 -0.0125976
  0.287004   0.925983 -0.0126172
  0.282838   0.922126 -0.0126356
  0.278678    0.91825 -0.0126557
  0.274505   0.914414 -0.0126739
   0.27033   0.910575 -0.0126938
  0.266153   0.906741 -0.0127126
  0.261972    0.90291 -0.0127325
  0.257785    0.89908 -0.0127517
  0.253606   0.895249 -0.0127715
  0.249417   0.891412 -0.0127909
  0.245238   0.887598 -0.0128104
  0.241047   0.883779 -0.0128297
  0.236865   0.879961 -0.0128502
  0.232675   0.876117 -0.0128704
  0.228493   0.872297 -0.0128916
  0.224287   0.868465 -0.0129113
  0.220099   0.864653 -0.0129324
  0.215887   0.860834 -0.0129522
  0.211693   0.857041 -0.0129736
  0.207478   0.853212 -0.0129936
  0.203256   0.849355 -0.0130131
  0.199038   0.845538 -0.0130337
  0.194829    0.84173 -0.0130553
  0.190623   0.837936 -0.0130778
  0.186407   0.834121 -0.0130994
  0.182192   0.830313 -0.0131213
 0.177978   0.82652 -0.013144
  0.173748   0.822731 -0.0131648
  0.169517   0.818934 -0.0131865
  0.165287   0.815124 -0.0132081
  0.161044   0.811296 -0.0132287
  0.156805   0.807496 -0.0132506
   0.15256   0.803687 -0.0132721
  0.148314   0.799885 -0.0132934
  0.144062   0.796119 -0.0133156
  0.139813   0.792323 -0.0133374
  0.135547   0.788523 -0.0133584
   0.13129   0.784744 -0.0133807
  0.127029   0.780965 -0.0134031
  0.122766   0.777205 -0.0134258
  0.118491   0.773416 -0.0134476
  0.114224   0.769653 -0.0134705
  0.109949   0.765876 -0.0134934
  0.105673   0.762134 -0.0135165
   0.10139   0.758379 -0.0135395
 0.0971069    0.75463 -0.0135626
 0.0928175   0.750879 -0.0135858
 0.0885167   0.747161 -0.0136079
 0.0842156   0.743427 -0.0136307
 0.0799098   0.739706 -0.0136531
0.0755964  0.736016 -0.013676
 0.071283  0.732314 -0.013699
 0.0669662   0.728607 -0.0137218
 0.0626464   0.724916 -0.0137452
 0.0583228   0.721196 -0.0137675
 0.0539903   0.717504 -0.0137894
 0.0496579   0.713804 -0.0138119
 0.0453083   0.710133 -0.0138326
 0.0409632   0.706455 -0.0138541
 0.0366045   0.702801 -0.0138748
 0.0322491   0.699137 -0.0138959
 0.0278907   0.695473 -0.0139172
 0.0235285   0.691812 -0.0139381
 0.0191589   0.688156 -0.0139586
  0.014787   0.684512 -0.0139789
 0.0104111   0.680866 -0.0139994
0.00603085   0.677233 -0.0140196
0.00164797   0.673596   -0.01404
-0.00273424     0.66996  -0.0140605
-0.00712311    0.666336  -0.0140807
-0.0115102   0.662689 -0.0141003
-0.0159052   0.659077 -0.0141204
-0.0202999   0.655443   -0.01414
-0.0247019    0.65184 -0.0141597
-0.0291053   0.648226 -0.0141795
-0.0335177   0.644637 -0.0141987
-0.0379269   0.641039 -0.0142182
-0.0423404    0.63744 -0.0142375
 -0.046757   0.633855 -0.0142569
-0.0511756   0.630264 -0.0142763
-0.0555985   0.626687 -0.0142955
-0.0600212   0.623106 -0.0143145
-0.0644497   0.619549  -0.014333
-0.0688788   0.615984 -0.0143517
-0.0733129   0.612441 -0.0143698
-0.077748  0.608891 -0.014388
-0.0821828   0.605352  -0.014406
-0.0866261   0.601807 -0.0144243
-0.0910656   0.598255  -0.014443
-0.0955146   0.594737 -0.0144605
-0.0999592   0.591203 -0.0144786
 -0.104415   0.587696 -0.0144959
 -0.108863   0.584181 -0.0145135
 -0.113327   0.580694 -0.0145305
  -0.11778   0.577191 -0.0145475
 -0.122247   0.573703 -0.0145646
 -0.126705   0.570217 -0.0145812
 -0.131178   0.566739 -0.0145976
-0.135642  0.563268 -0.014614
 -0.140119   0.559798 -0.0146302
 -0.144582   0.556327 -0.0146458
 -0.14906  0.552869 -0.014662
 -0.153532   0.549423 -0.0146777
 -0.158016   0.545976 -0.0146935
 -0.162489   0.542535 -0.0147091
 -0.166974   0.539097 -0.0147248
-0.171447   0.53572 -0.014738
 -0.175932   0.532318 -0.0147525
 -0.180408   0.528937 -0.0147661
 -0.184896   0.525553 -0.0147799
 -0.189376   0.522178 -0.0147936
 -0.193861   0.518822 -0.0148064
 -0.198343   0.515466 -0.0148197
 -0.202833   0.512115 -0.0148326
 -0.207317   0.508768 -0.0148459
  -0.21181   0.505428 -0.0148587
   -0.2163   0.502083 -0.0148722
 -0.220782   0.498786 -0.0148832
 -0.225265   0.495493 -0.0148949
 -0.229753   0.492189 -0.0149065
 -0.234238   0.488894 -0.0149182
 -0.238735   0.485584 -0.0149306
 -0.243216   0.482304 -0.0149418
 -0.247707   0.479016 -0.0149533
 -0.252186    0.47575 -0.0149642
 -0.256675   0.472476 -0.0149755
 -0.261154   0.469221 -0.0149863
 -0.265647   0.465951 -0.0149978
 -0.270129   0.462699 -0.0150087
 -0.274618   0.459442 -0.0150199
 -0.279093   0.456209 -0.0150301
 -0.283583   0.452963 -0.0150411
 -0.288059   0.449735 -0.0150514
 -0.292545   0.446503 -0.0150619
 -0.297026   0.443285 -0.0150725
 -0.301512   0.440062 -0.0150831
-0.305998  0.436852 -0.015094
 -0.310486   0.433639 -0.0151048
 -0.314966   0.430435 -0.0151152
 -0.319453   0.427228 -0.0151261
 -0.323936   0.424027 -0.0151367
 -0.328423   0.420829 -0.0151476
 -0.332905   0.417634 -0.0151582
 -0.337393   0.414445 -0.0151691
 -0.341874   0.411261 -0.0151797
 -0.346361    0.40808 -0.0151905
 -0.350842   0.404904 -0.0152012
 -0.355332   0.401737 -0.0152122
 -0.359814   0.398569 -0.0152229
 -0.364301   0.395406 -0.0152339
 -0.368765   0.392265 -0.0152435
  -0.37325   0.389113 -0.0152543
 -0.377702   0.385989 -0.0152633
 -0.382173   0.382856 -0.0152732
-0.386619  0.379742 -0.015282
-0.391074  0.376631 -0.015291
-0.395523  0.373522   -0.0153
 -0.399979   0.370416 -0.0153092
  -0.40443   0.367315 -0.0153185
-0.408889  0.364216 -0.015328
  -0.41334   0.361124 -0.0153373
 -0.417811   0.358026 -0.0153475
-0.422263   0.35494 -0.015357
 -0.426739   0.351848 -0.0153674
 -0.431199   0.348766 -0.0153773
 -0.435676   0.345681 -0.0153879
 -0.440147   0.342602 -0.0153985
  -0.44461   0.339534 -0.0154086
 -0.449093   0.336458 -0.0154199
 -0.453574    0.33339 -0.0154309
 -0.458062   0.330319 -0.0154425
 -0.462552   0.327255 -0.0154541
 -0.467045   0.324191 -0.0154661
 -0.471531   0.321136 -0.0154778
 -0.476022   0.318081 -0.0154899
  -0.48049   0.315035 -0.0155013
  -0.48498   0.311992 -0.0155135
 -0.489443   0.308955 -0.0155249
  -0.49393   0.305921 -0.0155371
 -0.498397   0.302892 -0.0155488
 -0.502862   0.299872 -0.0155605
 -0.507321   0.296853 -0.0155722
 -0.511805   0.293838 -0.0155846
-0.516281  0.290825 -0.015597
-0.520748  0.287819 -0.015609
  -0.52525   0.284816 -0.0156221
 -0.529758   0.281809 -0.0156356
 -0.534264   0.278815 -0.0156488
 -0.538772   0.275821 -0.0156624
 -0.543276   0.272834 -0.0156758
 -0.547793   0.269846 -0.0156898
 -0.552299   0.266867 -0.0157035
-0.556826  0.263885 -0.015718
 -0.561343   0.260917 -0.0157321
 -0.565864   0.257947 -0.0157466
 -0.570381   0.254985 -0.0157609
 -0.574903   0.252025 -0.0157756
 -0.579422   0.249074 -0.0157901
 -0.583975   0.246126 -0.0158055
 -0.588513   0.243188 -0.0158205
  -0.59308   0.240254 -0.0158363
 -0.597632   0.237327 -0.0158519
-0.602201  0.234401 -0.015868
 -0.606748   0.231482 -0.0158837
 -0.611332   0.228573 -0.0159001
 -0.615902   0.225667 -0.0159163
 -0.620474   0.222766 -0.0159327
 -0.625046   0.219871 -0.0159492
 -0.629647   0.216983 -0.0159663
 -0.634234   0.214101 -0.0159832
 -0.638818   0.211221 -0.0160001
 -0.643401   0.208354 -0.0160171
 -0.647995   0.205486 -0.0160344
 -0.652591   0.202634 -0.0160517
 -0.657183   0.199776 -0.0160692
 -0.661784   0.196936 -0.0160867
 -0.666391   0.194095 -0.0161046
  -0.67098   0.191264 -0.0161221
 -0.675586   0.188434 -0.0161401
 -0.680194   0.185621 -0.0161581
  -0.68481   0.182808 -0.0161763
 -0.689422   0.180009 -0.0161944
 -0.694052   0.177216 -0.0162129
  -0.69868   0.174436 -0.0162313
 -0.703307    0.17166 -0.0162498
 -0.707933   0.168891 -0.0162683
 -0.712559   0.166127 -0.0162869
 -0.717184   0.163371 -0.0163056
 -0.721809   0.160623 -0.0163244
 -0.726437   0.157881 -0.0163434
 -0.731063   0.155148 -0.0163623
 -0.735692   0.152421 -0.0163814
 -0.740318   0.149701 -0.0164004
 -0.744948   0.146988 -0.0164197
 -0.749576   0.144285 -0.0164388
 -0.754206   0.141587 -0.0164582
 -0.758838   0.138901 -0.0164774
-0.763467  0.136218 -0.016497
 -0.768096   0.133546 -0.0165163
-0.772731  0.130882 -0.016536
 -0.777364   0.128229 -0.0165554
    -0.782   0.125582 -0.0165753
 -0.786632   0.122946 -0.0165948
 -0.791268   0.120315 -0.0166148
 -0.795904     0.1177 -0.0166344
 -0.800548   0.115094 -0.0166545
 -0.805187   0.112499 -0.0166743
 -0.809827   0.109908 -0.0166945
 -0.814464    0.10733 -0.0167143
 -0.819105   0.104757 -0.0167347
 -0.823741   0.102196 -0.0167546
-0.828383 0.0996427 -0.016775
-0.833021 0.0971037 -0.016795
 -0.837661  0.0945668 -0.0168156
 -0.842297  0.0920447 -0.0168357
 -0.846936  0.0895273 -0.0168562
 -0.851576  0.0870289 -0.0168762
 -0.856218   0.084535 -0.0168967
 -0.860855  0.0820434 -0.0169173
 -0.865486  0.0795741 -0.0169375
 -0.870132   0.077109 -0.0169581
 -0.874767  0.0746642 -0.0169782
  -0.87941  0.0722175 -0.0169989
-0.884043 0.0697944 -0.017019
 -0.888685  0.0673686 -0.0170397
 -0.893317  0.0649654 -0.0170598
 -0.897957  0.0625619 -0.0170805
 -0.902586  0.0601807 -0.0171005
 -0.907224  0.0577997 -0.0171211
 -0.911852  0.0554409 -0.0171411
 -0.916488  0.0530816 -0.0171618
 -0.921112  0.0507433 -0.0171818
 -0.925746  0.0484087 -0.0172025
 -0.930371  0.0460984 -0.0172225
 -0.935002  0.0437867 -0.0172432
 -0.939623  0.0414979 -0.0172631
 -0.944249   0.039207 -0.0172838
 -0.948867  0.0369394 -0.0173038
 -0.953488  0.0346704 -0.0173244
 -0.958102  0.0324267 -0.0173444
 -0.962719  0.0301804 -0.0173649
 -0.967329  0.0279588 -0.0173849
 -0.971942  0.0257344 -0.0174054
  -0.97655  0.0235379 -0.0174252
 -0.981159  0.0213372 -0.0174456
  -0.98576  0.0191636 -0.0174653
 -0.990365  0.0169858 -0.0174857
 -0.994963  0.0148356 -0.0175052
 -0.999561  0.0126822 -0.0175254
  -1.00416  0.0105589 -0.0175447
  -1.00875 0.00843042 -0.0175646
  -1.01334 0.00633252 -0.0175837
  -1.01793 0.00422703 -0.0176036
  -1.02251 0.00214951 -0.0176227
   -1.02709 7.36268e-05  -0.0176421
   -1.03167 -0.00198355  -0.0176613
   -1.03625 -0.00403775  -0.0176807
   -1.04082 -0.00607746     -0.0177
   -1.04538 -0.00811028  -0.0177193
  -1.04995 -0.0101274 -0.0177384
  -1.05451 -0.0121401 -0.0177577
  -1.05906 -0.0141377 -0.0177769
  -1.06361 -0.0161298 -0.0177963
  -1.06816 -0.0181043 -0.0178154
   -1.0727 -0.0200765 -0.0178347
  -1.07723 -0.0220331 -0.0178539
  -1.08176 -0.0239854 -0.0178732
  -1.08629 -0.0259214 -0.0178923
  -1.09081 -0.0278519 -0.0179115
  -1.09532 -0.0297658 -0.0179306
  -1.09984 -0.0316747 -0.0179498
  -1.10435 -0.0335591 -0.0179686
  -1.10885 -0.0354414 -0.0179876
  -1.11336 -0.0372986 -0.0180063
  -1.11786  -0.039153 -0.0180249
  -1.12235 -0.0409987 -0.0180439
  -1.12683 -0.0428356 -0.0180625
  -1.13132 -0.0446572 -0.0180813
  -1.13579 -0.0464716 -0.0180998
  -1.14026 -0.0482857 -0.0181188
  -1.14472 -0.0500822 -0.0181373
  -1.14918 -0.0518761 -0.0181562
  -1.15362 -0.0536557 -0.0181749
  -1.15807 -0.0554316  -0.018194
   -1.1625 -0.0571972 -0.0182129
  -1.16693 -0.0589608 -0.0182321
  -1.17135 -0.0607055 -0.0182509
  -1.17577  -0.062447 -0.0182702
  -1.18017 -0.0641762 -0.0182891
  -1.18458 -0.0659017 -0.0183084
  -1.18897 -0.0676081 -0.0183272
  -1.19336 -0.0693154 -0.0183465
  -1.19775 -0.0710023 -0.0183653
  -1.20212 -0.0726906 -0.0183845
   -1.2065 -0.0743485 -0.0184034
  -1.21086 -0.0760107 -0.0184226
  -1.21523 -0.0776425 -0.0184414
  -1.21958 -0.0792799 -0.0184606
  -1.22392 -0.0809086 -0.0184799
  -1.22826 -0.0825337 -0.0184994
  -1.23259   -0.08414 -0.0185185
  -1.23691 -0.0857417 -0.0185378
  -1.24123 -0.0873406 -0.0185576
  -1.24554 -0.0889238  -0.018577
  -1.24984 -0.0905067  -0.018597
  -1.25412 -0.0920759 -0.0186167
  -1.25841 -0.0936339 -0.0186368
  -1.26269 -0.0951844 -0.0186567
  -1.26696 -0.0967139 -0.0186764
  -1.27122 -0.0982409 -0.0186962
  -1.27548 -0.0997645 -0.0187163
  -1.27973  -0.101272 -0.0187362
  -1.28397   -0.10278 -0.0187566
 -1.28819 -0.104279 -0.018777
  -1.29242   -0.10577 -0.0187977
  -1.29663  -0.107249 -0.0188184
  -1.30084  -0.108713 -0.0188388
  -1.30504  -0.110171 -0.0188595
 -1.30923 -0.111614  -0.01888
  -1.31341  -0.113058 -0.0189009
  -1.31758  -0.114497 -0.0189219
  -1.32175  -0.115915 -0.0189427
  -1.32591  -0.117319 -0.0189633
  -1.33006  -0.118725 -0.0189843
   -1.3342  -0.120119 -0.0190051
  -1.33833   -0.12151 -0.0190262
  -1.34245  -0.122896 -0.0190476
  -1.34656  -0.124274 -0.0190691
  -1.35067  -0.125642 -0.0190903
  -1.35476  -0.126992 -0.0191115
 -1.35886 -0.128324 -0.019132
  -1.36294  -0.129656 -0.0191532
  -1.36701  -0.130975 -0.0191739
  -1.37108  -0.132288 -0.0191951
  -1.37512  -0.133621 -0.0192153
 -1.37917 -0.134921 -0.019236
  -1.38319   -0.13623 -0.0192559
 -1.38722  -0.13751 -0.019276
 -1.39123 -0.138801 -0.019296
  -1.39524  -0.140078 -0.0193164
  -1.39923  -0.141357 -0.0193366
  -1.40322  -0.142604 -0.0193565
  -1.40719  -0.143862 -0.0193767
  -1.41116  -0.145107 -0.0193972
  -1.41511  -0.146353 -0.0194174
  -1.41905  -0.147579 -0.0194377
 -1.42299  -0.14881 -0.019458
  -1.42691  -0.150028 -0.0194785
  -1.43083  -0.151244 -0.0194989
  -1.43473  -0.152447 -0.0195195
  -1.43862  -0.153644 -0.0195402
  -1.44251  -0.154821 -0.0195606
  -1.44638   -0.15601 -0.0195805
  -1.45024  -0.157166 -0.0196006
  -1.45409  -0.158338 -0.0196203
  -1.45794  -0.159466 -0.0196399
  -1.46178   -0.16061 -0.0196597
   -1.4656  -0.161738 -0.0196799
  -1.46941  -0.162881 -0.0196993
  -1.47321  -0.164001 -0.0197194
    -1.477  -0.165123 -0.0197391
  -1.48079  -0.166214 -0.0197588
  -1.48456  -0.167324 -0.0197782
 -1.48831 -0.168415 -0.019798
  -1.49206  -0.169515 -0.0198172
 -1.49579 -0.170596 -0.019837
  -1.49952  -0.171683 -0.0198563
  -1.50323   -0.17275 -0.0198759
 -1.50694 -0.173826 -0.019895
  -1.51062  -0.174885 -0.0199145
  -1.51431  -0.175949 -0.0199335
 -1.51797 -0.176997 -0.019953
 -1.52163 -0.178053 -0.019972
  -1.52527  -0.179089 -0.0199913
   -1.5289  -0.180129 -0.0200102
  -1.53252  -0.181152 -0.0200295
  -1.53614  -0.182177 -0.0200483
  -1.53973  -0.183186 -0.0200675
  -1.54333  -0.184186 -0.0200868
  -1.54691  -0.185174 -0.0201063
  -1.55048  -0.186148 -0.0201262
  -1.55404  -0.187114 -0.0201462
  -1.55759  -0.188057 -0.0201666
  -1.56113     -0.189 -0.0201871
  -1.56466  -0.189933 -0.0202073
  -1.56818  -0.190857 -0.0202279
  -1.57169  -0.191781 -0.0202477
  -1.57518  -0.192694 -0.0202682
  -1.57866  -0.193601 -0.0202879
  -1.58214  -0.194501 -0.0203084
  -1.58559  -0.195399 -0.0203282
  -1.58904  -0.196274 -0.0203492
  -1.59248  -0.197153 -0.0203694
   -1.5959  -0.198019 -0.0203903
  -1.59931  -0.198878 -0.0204101
  -1.60271  -0.199721 -0.0204308
  -1.60611  -0.200562 -0.0204505
  -1.60948  -0.201387 -0.0204709
  -1.61285  -0.202213 -0.0204906
  -1.6162 -0.203024 -0.020511
  -1.61955  -0.203835 -0.0205303
  -1.62288  -0.204628 -0.0205504
   -1.6262  -0.205427 -0.0205697
  -1.62951  -0.206207 -0.0205896
   -1.6328  -0.206993 -0.0206087
  -1.63608   -0.20776 -0.0206285
  -1.63936  -0.208525 -0.0206485
  -1.64261  -0.209281 -0.0206685
  -1.64586  -0.210028 -0.0206884
  -1.64909  -0.210764 -0.0207085
  -1.65231  -0.211494 -0.0207285
  -1.65552  -0.212214 -0.0207488
  -1.65872   -0.21293 -0.0207687
   -1.6619  -0.213633 -0.0207891
  -1.66508  -0.214341 -0.0208087
  -1.66823  -0.215031 -0.0208291
  -1.67138  -0.215725 -0.0208485
  -1.67452  -0.216405 -0.0208685
  -1.67765  -0.217086 -0.0208882
  -1.68075   -0.21775 -0.0209079
  -1.68386  -0.218418 -0.0209276
  -1.68695  -0.219069 -0.0209474
  -1.69002  -0.219719 -0.0209669
 -1.69307 -0.220364 -0.020986
  -1.69612     -0.221 -0.0210056
  -1.69915  -0.221598 -0.0210261
  -1.70218   -0.22221 -0.0210464
  -1.70519  -0.222804 -0.0210666
  -1.70819  -0.223404 -0.0210867
  -1.71116  -0.224001 -0.0211064
  -1.71413   -0.22459 -0.0211265
 -1.71708 -0.225175 -0.021146
  -1.72002  -0.225759 -0.0211665
  -1.72295  -0.226326 -0.0211864
  -1.72586  -0.226899 -0.0212064
  -1.72876  -0.227461 -0.0212258
  -1.73164  -0.228029 -0.0212456
  -1.73451  -0.228569 -0.0212649
  -1.73737  -0.229123 -0.0212846
  -1.74021  -0.229652 -0.0213037
  -1.74304  -0.230193 -0.0213231
  -1.74586  -0.230692 -0.0213428
  -1.74866  -0.231213 -0.0213623
  -1.75145  -0.231704 -0.0213816
 -1.75423 -0.232207 -0.021401
  -1.75699   -0.23268 -0.0214204
  -1.75974  -0.233171 -0.0214399
  -1.76248  -0.233632 -0.0214593
   -1.7652   -0.23411 -0.0214787
   -1.7679  -0.234573 -0.0214974
  -1.77059  -0.235042 -0.0215166
  -1.77327  -0.235497 -0.0215351
  -1.77593  -0.235955 -0.0215541
  -1.77858  -0.236399 -0.0215725
  -1.78121  -0.236847 -0.0215914
  -1.78383  -0.237277 -0.0216097
  -1.78644  -0.237716 -0.0216285
  -1.78903  -0.238135 -0.0216467
   -1.7916  -0.238566 -0.0216653
  -1.79417  -0.238965 -0.0216839
  -1.79671  -0.239382 -0.0217026
  -1.79925  -0.239772 -0.0217212
  -1.80177  -0.240171 -0.0217401
  -1.80428  -0.240546 -0.0217593
  -1.80677  -0.240926 -0.0217781
  -1.80926  -0.241294 -0.0217974
  -1.81172   -0.24166 -0.0218162
  -1.81417  -0.242001 -0.0218358
  -1.81661   -0.24234 -0.0218545
  -1.81904  -0.242667 -0.0218735
  -1.82145  -0.242992 -0.0218921
  -1.82385   -0.24331 -0.0219106
 -1.82623 -0.243624 -0.021929
   -1.8286  -0.243916 -0.0219479
  -1.83096  -0.244218 -0.0219663
  -1.83329  -0.244498 -0.0219851
  -1.83562  -0.244788 -0.0220035
  -1.83793  -0.245058 -0.0220224
  -1.84023  -0.245336 -0.0220408
 -1.84252 -0.245585  -0.02206
 -1.84479 -0.245844 -0.022079
  -1.84705  -0.246088 -0.0220982
  -1.84929  -0.246339 -0.0221173
  -1.85152  -0.246574 -0.0221365
  -1.85373  -0.246813 -0.0221557
  -1.85592  -0.247055 -0.0221741
   -1.8581  -0.247297 -0.0221928
  -1.86027  -0.247522 -0.0222116
  -1.86242  -0.247754 -0.0222303
 -1.86455  -0.24797 -0.022249
  -1.86668  -0.248178 -0.0222686
  -1.86878  -0.248377 -0.0222879
  -1.87087  -0.248589 -0.0223071
  -1.87295  -0.248772 -0.0223268
  -1.87501  -0.248967 -0.0223462
  -1.87705  -0.249149 -0.0223653
 -1.87909 -0.249329 -0.022385
  -1.88109  -0.249499 -0.0224043
  -1.8831 -0.249668 -0.022424
  -1.88508   -0.24983 -0.0224434
  -1.88705  -0.249988 -0.0224631
  -1.88901  -0.250138 -0.0224828
  -1.89095  -0.250285 -0.0225019
  -1.89287  -0.250431 -0.0225213
  -1.89478  -0.250582 -0.0225405
  -1.89667  -0.250724 -0.0225597
  -1.89854  -0.250867 -0.0225786
   -1.9004  -0.250995 -0.0225977
 -1.90224 -0.251144 -0.022617
  -1.90407  -0.251274 -0.0226363
  -1.90588  -0.251415 -0.0226556
 -1.90768 -0.251542 -0.022675
 -1.90945 -0.251676 -0.022694
  -1.91122  -0.251803 -0.0227134
  -1.91296  -0.251927 -0.0227322
  -1.91469  -0.252049 -0.0227515
   -1.9164   -0.25217 -0.0227703
  -1.91811   -0.25229 -0.0227898
  -1.91979  -0.252404 -0.0228085
  -1.92146   -0.25252 -0.0228279
   -1.9231  -0.252638 -0.0228466
  -1.92474   -0.25274 -0.0228658
  -1.92636  -0.252841 -0.0228847
  -1.92796  -0.252935 -0.0229039
  -1.92956  -0.253033 -0.0229229
  -1.93114  -0.253124 -0.0229422
  -1.93269  -0.253211 -0.0229609
  -1.93423  -0.253302 -0.0229796
  -1.93575  -0.253391 -0.0229982
  -1.93726  -0.253475 -0.0230168
  -1.93875  -0.253552 -0.0230351
  -1.94022  -0.253628 -0.0230537
  -1.94168  -0.253701 -0.0230715
  -1.94312  -0.253782 -0.0230904
  -1.94454  -0.253851 -0.0231086
  -1.94595  -0.253925 -0.0231272
  -1.94734   -0.25399 -0.0231453
  -1.94872  -0.254053 -0.0231638
 -1.95008 -0.254115 -0.023182
  -1.95142   -0.25418 -0.0232008
  -1.95275   -0.25423 -0.0232194
  -1.95407  -0.254284 -0.0232382
  -1.95536  -0.254328 -0.0232568
  -1.95664   -0.25437 -0.0232752
  -1.95792   -0.25441 -0.0232935
  -1.95916  -0.254448 -0.0233122
   -1.9604  -0.254488 -0.0233308
  -1.96161  -0.254514 -0.0233492
  -1.96282  -0.254547 -0.0233676
    -1.964  -0.254577 -0.0233864
  -1.96517  -0.254608 -0.0234049
  -1.96632  -0.254625 -0.0234233
  -1.96745  -0.254651 -0.0234417
 -1.96857 -0.254661  -0.02346
  -1.96967  -0.254691 -0.0234777
  -1.97075  -0.254701 -0.0234955
  -1.97182   -0.25472 -0.0235131
  -1.97287  -0.254721 -0.0235308
  -1.97391  -0.254725 -0.0235482
  -1.97493  -0.254728 -0.0235659
  -1.97593  -0.254723 -0.0235831
  -1.97692   -0.25471 -0.0236016
   -1.9779  -0.254692 -0.0236189
  -1.97885  -0.254668 -0.0236376
   -1.9798  -0.254645 -0.0236553
 -1.98072 -0.254611 -0.023674
  -1.98163  -0.254581 -0.0236918
  -1.98252  -0.254536 -0.0237108
   -1.9834  -0.254494 -0.0237288
  -1.98426  -0.254438 -0.0237478
 -1.98511 -0.254387 -0.023766
  -1.98594  -0.254322 -0.0237851
  -1.98675  -0.254263 -0.0238037
  -1.98755  -0.254191 -0.0238228
  -1.98833  -0.254125 -0.0238417
  -1.9891 -0.254045 -0.023861
  -1.98985  -0.253971 -0.0238797
  -1.99058  -0.253884 -0.0238993
  -1.9913 -0.253794 -0.023918
    -1.992  -0.253702 -0.0239377
  -1.99269  -0.253609 -0.0239568
  -1.99336  -0.253519 -0.0239764
  -1.99401  -0.253426 -0.0239954
  -1.99464  -0.253338 -0.0240153
  -1.99526  -0.253245 -0.0240345
  -1.99586  -0.253153 -0.0240544
  -1.99645  -0.253059 -0.0240737
  -1.99702  -0.252951 -0.0240935
  -1.99757  -0.252858 -0.0241125
   -1.9981  -0.252752 -0.0241321
  -1.99862   -0.25265 -0.0241512
  -1.99912   -0.25254 -0.0241708
  -1.99961  -0.252433 -0.0241899
  -2.00008  -0.252319 -0.0242096
  -2.00053   -0.25221 -0.0242286
  -2.00096  -0.252095 -0.0242479
  -2.00138  -0.251985 -0.0242667
  -2.00178  -0.251875 -0.0242862
  -2.00216   -0.25177 -0.0243053
  -2.00253  -0.251658 -0.0243247
  -2.00288  -0.251552 -0.0243438
  -2.00322  -0.251421 -0.0243626
  -2.00354  -0.251296 -0.0243815
  -2.00384  -0.251165 -0.0244008
  -2.00413  -0.251039 -0.0244198
   -2.0044    -0.2509 -0.0244392
  -2.00465   -0.25077 -0.0244584
  -2.00489  -0.250619 -0.0244776
   -2.0051  -0.250478 -0.0244967
  -2.00531  -0.250324 -0.0245158
  -2.00549  -0.250172 -0.0245349
  -2.00567  -0.250017 -0.0245541
  -2.00582  -0.249867 -0.0245733
  -2.00596  -0.249732 -0.0245937
  -2.00607   -0.24959 -0.0246133
  -2.00617  -0.249445 -0.0246333
 -2.00626 -0.249297 -0.024653
  -2.00633  -0.249159 -0.0246726
  -2.00637  -0.249013 -0.0246919
   -2.0064  -0.248883 -0.0247111
 -2.00642 -0.248743  -0.02473
 -2.00642 -0.248616 -0.024749
  -2.00639  -0.248483 -0.0247681
  -2.00636  -0.248349 -0.0247872
   -2.0063  -0.248214 -0.0248063
  -2.00623  -0.248075 -0.0248257
  -2.00614  -0.247936 -0.0248448
  -2.00603  -0.247801 -0.0248643
  -2.00591  -0.247658 -0.0248836
 -2.00577 -0.247519 -0.024903
  -2.00561  -0.247373 -0.0249222
  -2.00544  -0.247226 -0.0249417
  -2.00525  -0.247082 -0.0249609
  -2.00504  -0.246935 -0.0249803
  -2.00481  -0.246792 -0.0249996
  -2.00457  -0.246633 -0.0250188
  -2.00431  -0.246484 -0.0250378
  -2.00404  -0.246319 -0.0250565
  -2.00374  -0.246163 -0.0250751
  -2.00344  -0.245997 -0.0250947
  -2.00311  -0.245837 -0.0251137
  -2.00278  -0.245661 -0.0251339
  -2.00241  -0.245495 -0.0251531
  -2.00204  -0.245328 -0.0251727
  -2.00164  -0.245159 -0.0251917
  -2.00124  -0.244984 -0.0252117
 -2.00081 -0.244812 -0.025231
  -2.00038  -0.244636 -0.0252505
  -1.99991  -0.244462 -0.0252695
 -1.99944 -0.244274 -0.025289
  -1.99894  -0.244091 -0.0253079
  -1.99844  -0.243902 -0.0253276
 -1.99791 -0.243703 -0.025347
  -1.99737  -0.243502 -0.0253665
  -1.99681  -0.243292 -0.0253858
  -1.99624  -0.243081 -0.0254055
  -1.99564  -0.242857 -0.0254251
  -1.99504  -0.242629 -0.0254452
  -1.99441  -0.242394 -0.0254651
  -1.99377  -0.242161 -0.0254856
  -1.99311   -0.24192 -0.0255056
  -1.99244  -0.241689 -0.0255266
  -1.99174  -0.241447 -0.0255469
  -1.99103  -0.241204 -0.0255679
  -1.99031  -0.240957 -0.0255882
  -1.98957   -0.24071 -0.0256089
 -1.98881 -0.240457 -0.025629
  -1.98803  -0.240217 -0.0256489
  -1.98723  -0.239966 -0.0256687
  -1.98642  -0.239732 -0.0256891
  -1.98559  -0.239485 -0.0257088
  -1.98474  -0.239243 -0.0257291
 -1.98388 -0.238996 -0.025749
    -1.983  -0.238766 -0.0257685
   -1.9821  -0.238519 -0.0257879
  -1.98119  -0.238263 -0.0258084
  -1.98026  -0.238003 -0.0258282
  -1.97931  -0.237728 -0.0258489
  -1.97835  -0.237476 -0.0258682
  -1.97737  -0.237193 -0.0258881
  -1.97637  -0.236925 -0.0259073
  -1.97536  -0.236643 -0.0259273
  -1.97433  -0.236369 -0.0259468
  -1.97328  -0.236082 -0.0259668
  -1.97222  -0.235796 -0.0259865
  -1.97114  -0.235499 -0.0260068
  -1.97005  -0.235211 -0.0260265
  -1.96894  -0.234904 -0.0260468
  -1.96781  -0.234602 -0.0260667
  -1.96667   -0.23431 -0.0260863
   -1.9655  -0.234011 -0.0261059
  -1.96432  -0.233729 -0.0261246
  -1.96312  -0.233439 -0.0261435
 -1.96191  -0.23314 -0.026163
  -1.96067  -0.232854 -0.0261818
  -1.95943  -0.232552 -0.0262012
  -1.95816  -0.232257 -0.0262197
  -1.95688  -0.231952 -0.0262386
  -1.95558  -0.231654 -0.0262573
  -1.95427  -0.231347 -0.0262762
  -1.95294  -0.231041 -0.0262949
  -1.95159  -0.230731 -0.0263139
  -1.95023  -0.230419 -0.0263329
  -1.94885  -0.230104 -0.0263521
  -1.94745   -0.22979 -0.0263712
  -1.94604  -0.229471 -0.0263903
  -1.94461  -0.229153 -0.0264095
