-1.59252e-07  1.19091e-07  1.58781e-08
-1.6727e-07  1.3828e-07 1.86073e-08
-1.70883e-07  1.61805e-07   2.1118e-08
-1.60812e-07  1.90962e-07  2.42019e-08
-1.43778e-07  2.15563e-07   2.7254e-08
-1.1201e-07 2.20038e-07 3.13893e-08
-8.56155e-08   2.1944e-07  3.54578e-08
-1.85129e-08  2.00002e-07  3.99711e-08
6.24892e-08 1.50903e-07 4.31159e-08
1.75165e-07  9.3841e-08 4.68041e-08
3.07715e-07 7.41965e-09 4.92202e-08
 4.60541e-07 -1.08412e-07  5.30156e-08
 6.42859e-07 -2.52839e-07  5.54499e-08
 8.74583e-07 -4.54003e-07  5.84132e-08
 1.14101e-06 -6.84012e-07  6.03972e-08
 1.44979e-06 -9.65133e-07  6.41597e-08
  1.7888e-06 -1.27875e-06  6.70946e-08
 2.19067e-06 -1.64297e-06  7.24537e-08
 2.62554e-06 -2.05075e-06  7.69276e-08
 3.10457e-06 -2.50999e-06  8.29277e-08
 3.63292e-06 -3.02054e-06  8.83487e-08
 4.22305e-06 -3.59001e-06  9.52992e-08
 4.86714e-06 -4.24074e-06  1.00924e-07
 5.57773e-06 -4.96439e-06  1.09649e-07
 6.35825e-06 -5.78644e-06  1.15956e-07
 7.19585e-06 -6.67461e-06  1.24484e-07
 8.11574e-06 -7.59996e-06  1.30776e-07
 9.11507e-06 -8.62092e-06  1.38525e-07
 1.01864e-05 -9.69007e-06  1.43887e-07
 1.13358e-05 -1.08072e-05  1.50702e-07
 1.25635e-05 -1.19926e-05   1.5711e-07
 1.38901e-05 -1.32347e-05  1.63685e-07
 1.52954e-05 -1.45288e-05  1.72378e-07
1.68037e-05 -1.5889e-05 1.81901e-07
 1.83937e-05 -1.73076e-05  1.92764e-07
 2.01018e-05 -1.88052e-05  2.03887e-07
  2.1889e-05 -2.03982e-05  2.15951e-07
 2.37992e-05 -2.20836e-05   2.2867e-07
 2.57997e-05 -2.38964e-05  2.40822e-07
 2.79325e-05 -2.57973e-05  2.53442e-07
   3.015e-05 -2.78224e-05  2.67177e-07
 3.25043e-05 -2.99364e-05  2.83038e-07
 3.49424e-05 -3.21924e-05  2.97035e-07
 3.75121e-05 -3.45479e-05  3.11969e-07
 4.01786e-05 -3.70352e-05  3.26169e-07
 4.29954e-05 -3.96462e-05  3.40365e-07
4.59031e-05 -4.2448e-05 3.55496e-07
 4.89579e-05 -4.53904e-05  3.73643e-07
  5.2107e-05 -4.85298e-05  3.90034e-07
5.54067e-05  -5.179e-05 4.08132e-07
 5.88081e-05 -5.51515e-05  4.29585e-07
 6.23741e-05 -5.86488e-05  4.52058e-07
 6.60419e-05 -6.23228e-05  4.73549e-07
 6.98894e-05 -6.62123e-05  4.93838e-07
 7.38486e-05 -7.01874e-05  5.17004e-07
 7.79921e-05 -7.42983e-05  5.40521e-07
 8.22397e-05 -7.85031e-05  5.66975e-07
 8.66771e-05 -8.28564e-05  5.98949e-07
 9.12154e-05 -8.72917e-05   6.3125e-07
 9.59514e-05 -9.20216e-05  6.66739e-07
 0.000100791 -9.66973e-05  7.04261e-07
 0.000105838 -0.000101667  7.44795e-07
 0.000110994 -0.000106765  7.83442e-07
 0.000116359 -0.000112142  8.26069e-07
0.000121831 -0.00011752 8.69235e-07
 0.000127529 -0.000123139  9.15377e-07
 0.000133343 -0.000128811  9.58985e-07
 0.000139376 -0.000134936  1.01602e-06
  0.00014553 -0.000141048  1.07215e-06
  0.0001519 -0.00014758 1.13507e-06
 0.000158395 -0.000154153  1.19865e-06
 0.000165115 -0.000161052   1.2689e-06
 0.000171962 -0.000168025  1.33813e-06
  0.00017904 -0.000175208   1.4133e-06
 0.000186253 -0.000182508  1.48858e-06
0.000193697 -0.00019002 1.56984e-06
 0.000201274 -0.000197716  1.65197e-06
 0.000209087 -0.000205726  1.73922e-06
  0.00021704 -0.000214063  1.83313e-06
 0.000225237 -0.000222577  1.92284e-06
0.000233584 -0.00023119 2.01866e-06
 0.000242163 -0.000240065     2.11e-06
 0.000250907 -0.000248998  2.20976e-06
 0.000259889 -0.000258191  2.30588e-06
 0.000269032 -0.000267488  2.40661e-06
 0.000278421 -0.000277017   2.5061e-06
 0.000287976 -0.000286638  2.61053e-06
 0.000297776 -0.000296466  2.71235e-06
 0.000307757 -0.000306322  2.82713e-06
 0.000317987 -0.000316493  2.93742e-06
 0.000328397 -0.000326709  3.05452e-06
  0.00033906 -0.000337236  3.16358e-06
 0.000349898 -0.000347982    3.276e-06
 0.000360977 -0.000359019  3.38678e-06
 0.000372215 -0.000370118  3.49669e-06
 0.000383696 -0.000381479  3.60659e-06
 0.000395335 -0.000393129  3.72214e-06
 0.000407225 -0.000404891  3.83176e-06
 0.000419247 -0.000416965  3.94962e-06
 0.000431535 -0.000429058  4.06468e-06
 0.000443949 -0.000441516  4.18794e-06
 0.000456644 -0.000454015  4.31001e-06
 0.000469483 -0.000466881  4.43932e-06
  0.00048261 -0.000479799  4.56286e-06
 0.000495887 -0.000493129  4.69767e-06
 0.000509446 -0.000506602  4.82709e-06
0.000523162 -0.00052036 4.97068e-06
 0.000537168 -0.000534259  5.11254e-06
 0.000551318 -0.000548377  5.27273e-06
 0.000565745 -0.000562701  5.42926e-06
  0.00058033 -0.000577212  5.58289e-06
 0.000595206 -0.000592111  5.73797e-06
 0.000610255 -0.000607086  5.88965e-06
 0.000625586 -0.000622588  6.04415e-06
 0.000641082 -0.000638124  6.18799e-06
 0.000656881 -0.000654059  6.34832e-06
 0.000672851 -0.000670163  6.51423e-06
 0.000689127 -0.000686537  6.67466e-06
 0.000705577 -0.000703192  6.84342e-06
0.000722354 -0.00071982 7.00841e-06
 0.000739304 -0.000736677  7.18221e-06
 0.000756566 -0.000753899   7.3614e-06
 0.000773995 -0.000771381  7.51991e-06
 0.000791739 -0.000789143  7.69254e-06
 0.000809672 -0.000807079  7.84909e-06
0.000827916 -0.00082519 8.01143e-06
 0.000846333 -0.000843803  8.17197e-06
 0.000865069 -0.000862354  8.33638e-06
  0.00088395 -0.000881241  8.47874e-06
  0.00090313 -0.000900199  8.62616e-06
0.000922454 -0.00091962 8.76555e-06
 0.000942073 -0.000939119  8.90905e-06
  0.00096182 -0.000959337  9.03253e-06
 0.000981849 -0.000979638  9.15947e-06
 0.00100204 -0.00100058 9.26465e-06
  0.0010225 -0.00102153  9.3728e-06
 0.00104311 -0.00104308 9.46357e-06
   0.001064 -0.00106461 9.55327e-06
 0.00108506 -0.00108705 9.62739e-06
 0.00110638 -0.00110962 9.71251e-06
 0.00112792 -0.00113245 9.76877e-06
 0.00114969 -0.00115572 9.83067e-06
 0.00117172 -0.00117895 9.87841e-06
 0.00119397  -0.0012026 9.92494e-06
 0.00121649 -0.00122621 9.96482e-06
 0.00123923  -0.0012502 1.00199e-05
 0.00126224 -0.00127432 1.00647e-05
 0.00128548  -0.0012987 1.01146e-05
 0.00130901 -0.00132337 1.01544e-05
  0.0013328 -0.00134803 1.02049e-05
 0.00135684  -0.0013729 1.02501e-05
 0.00138114  -0.0013978 1.02887e-05
 0.00140566 -0.00142316 1.03363e-05
 0.00143041 -0.00144872 1.03806e-05
 0.00145543 -0.00147423 1.04062e-05
 0.00148071 -0.00149998 1.04497e-05
 0.00150626 -0.00152562 1.04797e-05
 0.00153211  -0.0015514 1.05309e-05
 0.00155818 -0.00157737 1.05603e-05
 0.00158452 -0.00160338 1.05935e-05
  0.0016111 -0.00162974 1.06204e-05
 0.00163795 -0.00165629 1.06724e-05
 0.00166502 -0.00168325 1.07096e-05
 0.00169231 -0.00171049 1.07593e-05
  0.0017198 -0.00173837 1.08047e-05
 0.0017476  -0.001766 1.0843e-05
 0.00177558 -0.00179425 1.08878e-05
 0.00180381 -0.00182272 1.09382e-05
  0.0018323 -0.00185112 1.09773e-05
 0.00186101 -0.00188005 1.10001e-05
    0.00189 -0.00190887 1.10241e-05
 0.00191917 -0.00193836 1.10369e-05
 0.00194862 -0.00196789 1.10648e-05
 0.00197826 -0.00199794 1.10687e-05
 0.00200819 -0.00202802 1.10894e-05
  0.0020383 -0.00205865 1.10938e-05
  0.0020687 -0.00208933  1.1112e-05
 0.00209934  -0.0021202 1.11074e-05
 0.00213026 -0.00215112 1.11301e-05
 0.00216138 -0.00218248 1.11451e-05
 0.00219273 -0.00221401 1.11729e-05
 0.00222423  -0.0022466 1.12083e-05
 0.00225598 -0.00227903 1.12395e-05
 0.00228795 -0.00231218 1.12727e-05
 0.00232011 -0.00234561  1.1324e-05
 0.00235255 -0.00237924 1.13342e-05
 0.00238518 -0.00241304 1.13654e-05
 0.00241803 -0.00244743 1.13647e-05
 0.00245106 -0.00248205 1.13741e-05
 0.00248436 -0.00251694 1.13629e-05
 0.00251787   -0.002552 1.13701e-05
 0.00255162 -0.00258751 1.13735e-05
 0.00258554 -0.00262333 1.13672e-05
  0.0026197 -0.00265965 1.13638e-05
 0.00265404  -0.0026962 1.13315e-05
 0.00268857 -0.00273333 1.12802e-05
 0.00272334 -0.00277058 1.12349e-05
  0.0027583 -0.00280828  1.1163e-05
 0.00279342 -0.00284638 1.11054e-05
  0.0028288 -0.00288462 1.10128e-05
 0.00286435  -0.0029233 1.09325e-05
  0.0029001 -0.00296227 1.08253e-05
 0.00293605 -0.00300154 1.07255e-05
  0.0029722 -0.00304094 1.05992e-05
 0.00300854 -0.00308055 1.04823e-05
 0.00304505 -0.00312073 1.03407e-05
 0.00308174 -0.00316113  1.0213e-05
 0.00311854 -0.00320239 1.00497e-05
 0.00315547 -0.00324423 9.91664e-06
 0.00319252  -0.0032868 9.75675e-06
 0.00322974 -0.00332998 9.62912e-06
 0.00326707 -0.00337383 9.47397e-06
 0.00330456 -0.00341822 9.34596e-06
 0.00334215 -0.00346339 9.19014e-06
 0.00337997 -0.00350869 9.04608e-06
 0.00341783 -0.00355486 8.86389e-06
 0.00345581 -0.00360182  8.6875e-06
 0.00349396   -0.003649 8.48998e-06
  0.0035322 -0.00369709 8.30976e-06
 0.00357059 -0.00374544 8.11425e-06
 0.00360907 -0.00379474 7.93279e-06
 0.00364768 -0.00384431 7.73654e-06
 0.00368638 -0.00389473 7.55342e-06
 0.00372518 -0.00394561 7.36455e-06
 0.00376413 -0.00399709 7.17771e-06
 0.00380315 -0.00404904 6.98528e-06
 0.00384236 -0.00410135 6.78969e-06
 0.00388157 -0.00415438 6.59456e-06
 0.00392096 -0.00420798 6.39799e-06
 0.00396037 -0.00426224 6.20527e-06
 0.00399991 -0.00431714 6.01329e-06
 0.00403946 -0.00437269 5.82488e-06
  0.0040791 -0.00442898 5.64256e-06
 0.00411881 -0.00448563 5.45118e-06
 0.00415866 -0.00454288 5.25762e-06
 0.00419856 -0.00460052 5.05539e-06
 0.00423857 -0.00465889 4.85576e-06
 0.00427861 -0.00471786  4.6665e-06
 0.00431864  -0.0047779 4.48737e-06
 0.00435864 -0.00483861 4.31004e-06
 0.00439878 -0.00489983 4.13008e-06
 0.00443891 -0.00496165 3.95257e-06
 0.00447904 -0.00502445 3.78873e-06
 0.00451916 -0.00508789 3.61993e-06
 0.00455943 -0.00515183 3.44927e-06
 0.00459965 -0.00521649 3.28095e-06
  0.0046398 -0.00528216 3.12819e-06
 0.00467984  -0.0053488 2.98867e-06
 0.00471988 -0.00541623 2.85759e-06
 0.00475986 -0.00548454 2.73392e-06
 0.00479985 -0.00555352 2.61536e-06
 0.00483983 -0.00562328 2.49897e-06
 0.00487993 -0.00569335 2.38203e-06
 0.00491994 -0.00576436 2.27247e-06
 0.00495997   -0.005836 2.15568e-06
 0.00499994 -0.00590844 2.04259e-06
 0.00503997 -0.00598132 1.92208e-06
 0.00507988 -0.00605516 1.81083e-06
 0.00511979 -0.00612953  1.6938e-06
 0.00515955 -0.00620488 1.59153e-06
  0.0051994 -0.00628056 1.47894e-06
  0.0052391  -0.0063572 1.37983e-06
 0.00527887 -0.00643414 1.26963e-06
 0.00531848 -0.00651206 1.17463e-06
 0.00535809 -0.00659034 1.06744e-06
 0.00539766 -0.00666934 9.70847e-07
 0.00543716 -0.00674903 8.70031e-07
 0.00547657 -0.00682949  7.7817e-07
 0.00551595 -0.00691056 6.81998e-07
 0.00555527 -0.00699223 5.91985e-07
 0.00559455 -0.00707453 4.90693e-07
 0.00563377 -0.00715748 3.91524e-07
 0.00567291 -0.00724115 2.89865e-07
 0.00571198  -0.0073255 1.92822e-07
 0.00575096 -0.00741052 9.40132e-08
  0.00578982  -0.00749626 -2.70595e-09
  0.00582858   -0.0075826 -1.02218e-07
  0.00586723  -0.00766951 -1.95819e-07
  0.00590574  -0.00775715 -2.87496e-07
  0.00594424  -0.00784517 -3.56679e-07
  0.00598258  -0.00793397 -4.23278e-07
  0.00602096  -0.00802296 -4.77105e-07
 0.00605931 -0.00811238 -5.4008e-07
 0.00609758 -0.00820229  -6.086e-07
  0.00613564  -0.00829309 -6.64967e-07
  0.00617376    -0.008384 -7.21576e-07
  0.00621164  -0.00847593 -7.84673e-07
  0.00624948  -0.00856813 -8.43435e-07
  0.00628711  -0.00866125 -9.19897e-07
  0.00632469   -0.0087546 -9.88822e-07
  0.00636203  -0.00884895 -1.06324e-06
  0.00639915  -0.00894374 -1.11498e-06
  0.00643626  -0.00903908 -1.18076e-06
    0.006473  -0.00913506 -1.22298e-06
  0.00650983  -0.00923148 -1.28761e-06
  0.00654629  -0.00932846 -1.33208e-06
  0.00658296  -0.00942565 -1.40841e-06
 0.00661903 -0.00952383 -1.4811e-06
  0.00665518   -0.0096224 -1.57134e-06
  0.00669063  -0.00972222 -1.64411e-06
   0.0067262   -0.0098223 -1.73114e-06
  0.00676121  -0.00992331 -1.79867e-06
  0.00679628   -0.0100247 -1.87922e-06
  0.00683073   -0.0101271 -1.94113e-06
  0.00686521   -0.0102299 -2.02346e-06
  0.00689907   -0.0103337 -2.06201e-06
  0.00693296   -0.0104378 -2.12396e-06
  0.00696623   -0.0105428 -2.16097e-06
  0.00699958   -0.0106481 -2.22005e-06
   0.0070321   -0.0107548 -2.25345e-06
  0.00706471   -0.0108616 -2.31231e-06
   0.0070964     -0.01097 -2.35825e-06
  0.00712806   -0.0110786 -2.42465e-06
  0.00715858   -0.0111891 -2.50689e-06
  0.00718919   -0.0112997 -2.60225e-06
  0.00721888   -0.0114117 -2.68637e-06
  0.00724857   -0.0115238 -2.80444e-06
  0.00727766   -0.0116368 -2.89827e-06
  0.00730663   -0.0117502 -3.00422e-06
  0.00733497   -0.0118645 -3.09452e-06
   0.0073631   -0.0119793 -3.19182e-06
  0.00739055   -0.0120952 -3.27379e-06
   0.0074179   -0.0122112 -3.38349e-06
  0.00744467   -0.0123283 -3.46542e-06
  0.00747109   -0.0124458 -3.57357e-06
  0.00749688   -0.0125643 -3.65702e-06
  0.00752231   -0.0126833 -3.76368e-06
  0.00754732   -0.0128029 -3.85374e-06
  0.00757198   -0.0129231 -3.95562e-06
  0.00759629   -0.0130437 -4.06017e-06
  0.00762019   -0.0131648 -4.17257e-06
  0.00764397   -0.0132861 -4.25611e-06
  0.00766721   -0.0134082 -4.32042e-06
  0.00768984    -0.013531 -4.40142e-06
  0.00771206   -0.0136544 -4.45388e-06
  0.00773367   -0.0137784 -4.51245e-06
  0.0077551  -0.0139027 -4.5347e-06
  0.00777585   -0.0140278 -4.59078e-06
  0.00779621   -0.0141534 -4.61535e-06
  0.00781626   -0.0142791 -4.66553e-06
  0.00783551    -0.014406 -4.66959e-06
  0.00785466   -0.0145327 -4.69558e-06
  0.00787297   -0.0146606 -4.69293e-06
  0.00789097   -0.0147885 -4.71396e-06
  0.00790817   -0.0149175 -4.70102e-06
  0.00792518   -0.0150464 -4.69957e-06
  0.00794157   -0.0151761 -4.66656e-06
  0.00795748    -0.015306 -4.64877e-06
  0.00797221   -0.0154374 -4.60248e-06
  0.00798695   -0.0155685 -4.53152e-06
  0.00800058   -0.0157008 -4.45068e-06
 0.00801444  -0.0158327 -4.3713e-06
    0.008027   -0.0159659 -4.28993e-06
  0.00803934   -0.0160992 -4.19604e-06
 0.00805045  -0.0162336 -4.1225e-06
  0.00806128   -0.0163682 -4.02566e-06
 0.00807081  -0.0165041 -3.9423e-06
  0.00808018   -0.0166399 -3.84216e-06
 0.00808812   -0.016777 -3.7453e-06
  0.00809607    -0.016914 -3.63219e-06
  0.00810257   -0.0170522 -3.52916e-06
  0.00810899   -0.0171904 -3.40934e-06
  0.00811422   -0.0173295 -3.30118e-06
   0.0081195   -0.0174685 -3.16795e-06
  0.00812344   -0.0176085 -3.03277e-06
 0.00812721  -0.0177484 -2.8715e-06
  0.00812973   -0.0178893 -2.73538e-06
  0.00813199   -0.0180303 -2.57241e-06
  0.00813325   -0.0181719 -2.43031e-06
  0.00813436   -0.0183135 -2.27815e-06
 0.00813409  -0.0184561 -2.1558e-06
  0.00813373   -0.0185986 -2.00678e-06
  0.00813276   -0.0187412 -1.90888e-06
  0.00813197   -0.0188835 -1.77848e-06
  0.00812973   -0.0190267 -1.66371e-06
  0.00812764   -0.0191696 -1.52952e-06
  0.00812355   -0.0193138 -1.38613e-06
  0.00812007   -0.0194573 -1.23844e-06
  0.00811443   -0.0196024 -1.06924e-06
  0.00810931   -0.0197468 -9.04403e-07
  0.00810223   -0.0198925 -7.27944e-07
  0.00809518    -0.020038 -5.57457e-07
  0.00808664   -0.0201843 -3.54513e-07
 0.00807848    -0.02033 -2.1261e-07
  0.00806901   -0.0204764 -4.16688e-08
 0.00805838  -0.0206236 8.96756e-08
 0.00804743  -0.0207706 2.09424e-07
  0.0080346  -0.0209186 3.02665e-07
 0.00802146  -0.0210666 3.96251e-07
 0.00800704  -0.0212152 4.81936e-07
 0.00799265  -0.0213635 5.61334e-07
 0.00797682  -0.0215122 6.65665e-07
 0.00796054  -0.0216612 7.59609e-07
  0.0079425   -0.021811 8.44915e-07
 0.00792428  -0.0219607 9.30527e-07
  0.0079046  -0.0221111 1.00981e-06
 0.00788506   -0.022261 1.08776e-06
0.00786466 -0.0224108 1.1608e-06
 0.00784276  -0.0225614 1.24179e-06
  0.0078193  -0.0227126 1.32192e-06
 0.00779534  -0.0228637 1.43475e-06
 0.00776996  -0.0230154 1.53066e-06
 0.00774377  -0.0231673 1.66956e-06
0.00771668 -0.0233193 1.7634e-06
 0.00768827  -0.0234719 1.89377e-06
0.00765941 -0.0236242 1.9661e-06
 0.00762928   -0.023777 2.10363e-06
 0.00759848  -0.0239298 2.19792e-06
 0.00756688  -0.0240827 2.35662e-06
 0.00753452  -0.0242355 2.48222e-06
  0.0075016  -0.0243882 2.65139e-06
 0.00746808  -0.0245409 2.78348e-06
 0.00743382  -0.0246935 2.97007e-06
 0.00739888   -0.024846 3.10635e-06
 0.00736372  -0.0249982 3.29698e-06
 0.00732693  -0.0251509 3.46191e-06
 0.00729009  -0.0253031 3.67081e-06
 0.00725169  -0.0254557 3.87073e-06
 0.00721237  -0.0256084 4.09907e-06
 0.00717219  -0.0257611 4.30868e-06
 0.00713114  -0.0259137 4.54573e-06
 0.00708966  -0.0260661 4.77489e-06
 0.00704706  -0.0262186 5.03008e-06
 0.00700469  -0.0263705 5.30169e-06
 0.00696075  -0.0265226 5.58004e-06
 0.00691755   -0.026674 5.87725e-06
 0.00687231  -0.0268257 6.15629e-06
  0.0068276  -0.0269769 6.46107e-06
 0.00678075  -0.0271283 6.76391e-06
 0.00673372  -0.0272795 7.10098e-06
 0.00668487  -0.0274308 7.41805e-06
 0.00663619  -0.0275817 7.77981e-06
0.00658652 -0.0277323 8.1437e-06
 0.00653599  -0.0278829 8.50635e-06
  0.0064844  -0.0280332 8.88119e-06
 0.00643202  -0.0281835 9.25522e-06
 0.00637883  -0.0283334 9.65526e-06
 0.00632445  -0.0284835 1.00353e-05
 0.00626973  -0.0286329 1.04724e-05
0.00621372 -0.0287824 1.0862e-05
 0.00615636  -0.0289318 1.13072e-05
 0.00609813  -0.0290812 1.17021e-05
 0.00603923    -0.02923 1.21483e-05
 0.00597907  -0.0293789 1.25686e-05
 0.00591943  -0.0295269 1.30192e-05
 0.00585765  -0.0296752 1.34625e-05
 0.00579641  -0.0298226 1.39314e-05
 0.00573424  -0.0299698 1.43961e-05
 0.00567154  -0.0301165 1.48917e-05
 0.00560747  -0.0302632 1.53819e-05
 0.00554268  -0.0304094 1.58952e-05
 0.00547674  -0.0305555 1.64121e-05
 0.00540945  -0.0307013 1.69467e-05
 0.00534115   -0.030847 1.74749e-05
 0.00527231  -0.0309919 1.80001e-05
 0.00520235  -0.0311368 1.85322e-05
 0.00513171   -0.031281 1.90716e-05
0.00506019 -0.0314251 1.9614e-05
 0.00498767  -0.0315686 2.01576e-05
 0.00491471  -0.0317117 2.07145e-05
 0.00484031  -0.0318545 2.12932e-05
 0.00476643  -0.0319966 2.18779e-05
  0.0046908  -0.0321383 2.24861e-05
 0.00461471  -0.0322796 2.30844e-05
  0.0045377  -0.0324203 2.37137e-05
 0.00445934  -0.0325609 2.43347e-05
  0.0043803  -0.0327007 2.49821e-05
 0.00430046  -0.0328403 2.56058e-05
 0.00421975  -0.0329792 2.62696e-05
 0.00413736  -0.0331181 2.68796e-05
 0.00405447  -0.0332561 2.75512e-05
 0.00397061  -0.0333938 2.81874e-05
 0.00388531   -0.033531 2.88715e-05
 0.00379957  -0.0336679 2.95402e-05
 0.00371275   -0.033804 3.02458e-05
   0.003626  -0.0339395 3.09693e-05
 0.00353792  -0.0340745 3.17126e-05
 0.00344969  -0.0342088 3.24438e-05
 0.00336014  -0.0343426 3.32077e-05
  0.0032709  -0.0344757 3.39536e-05
 0.00318034  -0.0346083 3.47364e-05
 0.00308944  -0.0347403 3.55017e-05
  0.0029979  -0.0348715 3.63006e-05
 0.00290554  -0.0350023 3.70701e-05
 0.00281339  -0.0351321 3.78698e-05
 0.00272096  -0.0352614 3.86476e-05
  0.0026281  -0.0353899 3.94612e-05
 0.00253466  -0.0355178 4.02567e-05
 0.00243972  -0.0356451 4.10739e-05
 0.00234429  -0.0357717 4.18877e-05
 0.00224713  -0.0358976 4.27037e-05
0.00214942 -0.0360231 4.3527e-05
 0.00205135  -0.0361476 4.43388e-05
0.00195264 -0.0362716 4.5167e-05
 0.00185328  -0.0363947 4.59983e-05
 0.00175378  -0.0365171 4.68436e-05
 0.00165308  -0.0366388 4.76797e-05
 0.00155179  -0.0367598 4.85198e-05
 0.00144966    -0.03688 4.93625e-05
 0.00134705  -0.0369996 5.02071e-05
 0.00124299  -0.0371183 5.10806e-05
 0.00113905  -0.0372364 5.19468e-05
 0.00103335  -0.0373536 5.28436e-05
0.000927646  -0.0374701  5.3739e-05
0.000820772  -0.0375857 5.46506e-05
0.000713664  -0.0377007 5.55625e-05
 0.00060597  -0.0378147 5.64827e-05
0.000498345  -0.0379281 5.73983e-05
0.000390318  -0.0380405 5.83399e-05
0.000282628  -0.0381523 5.92746e-05
0.000174366  -0.0382632 6.02211e-05
6.53811e-05  -0.0383733 6.11588e-05
-4.31359e-05   -0.0384826  6.21241e-05
-0.000153278    -0.038591  6.30808e-05
-0.000262983   -0.0386987  6.40587e-05
-0.000374453   -0.0388054  6.50279e-05
-0.000486578   -0.0389113  6.60544e-05
-0.000599192   -0.0390164  6.70644e-05
-0.000712201   -0.0391205  6.80925e-05
-0.000825538   -0.0392238  6.91299e-05
-0.000939247   -0.0393262  7.01719e-05
-0.00105356  -0.0394277 7.12123e-05
-0.00116766  -0.0395284 7.22706e-05
-0.00128258  -0.0396282 7.33166e-05
-0.00139734  -0.0397272 7.43814e-05
-0.00151311  -0.0398254 7.54177e-05
-0.00162853  -0.0399225 7.64728e-05
-0.00174424   -0.040019 7.75356e-05
-0.00186088  -0.0401143 7.85994e-05
-0.00197717   -0.040209 7.96723e-05
 -0.0020944  -0.0403026 8.07419e-05
 -0.0022108  -0.0403956 8.18443e-05
 -0.0023283  -0.0404874 8.29314e-05
-0.00244598  -0.0405784 8.40448e-05
-0.00256443  -0.0406683 8.51514e-05
-0.00268306  -0.0407575 8.62936e-05
-0.00280224  -0.0408455 8.74389e-05
-0.00292115  -0.0409329 8.86035e-05
-0.00304126   -0.041019 8.97601e-05
-0.00316136  -0.0411042 9.09594e-05
-0.00328265  -0.0411882 9.21554e-05
-0.00340356  -0.0412715 9.33824e-05
-0.00352519  -0.0413537 9.45898e-05
-0.00364613  -0.0414352 9.58224e-05
-0.00376781  -0.0415157 9.70339e-05
-0.00388883  -0.0415954 9.82728e-05
 -0.0040103  -0.0416741 9.95199e-05
-0.00413042  -0.0417525 0.000100796
-0.0042514 -0.0418296 0.00010206
-0.00437077  -0.0419063 0.000103361
-0.00449094  -0.0419817 0.000104633
-0.00461015  -0.0420566 0.000105941
-0.00472928  -0.0421305 0.000107217
-0.00484936  -0.0422032 0.000108526
-0.00496897  -0.0422752 0.000109808
-0.00508934  -0.0423459 0.000111126
-0.00520913   -0.042416 0.000112412
-0.00532856  -0.0424853 0.000113727
-0.00544755  -0.0425537  0.00011505
-0.00556565  -0.0426216 0.000116386
-0.00568369  -0.0426884  0.00011772
-0.00580152  -0.0427545  0.00011906
-0.00591978  -0.0428194 0.000120413
-0.00603842  -0.0428833 0.000121784
-0.00615706  -0.0429462 0.000123152
-0.00627555  -0.0430082 0.000124536
-0.00639415  -0.0430692 0.000125913
-0.00651333   -0.043129 0.000127306
 -0.0066324  -0.0431879 0.000128694
 -0.0067516  -0.0432458 0.000130091
-0.00687077  -0.0433027  0.00013148
-0.00698934   -0.043359 0.000132872
-0.00710745  -0.0434144 0.000134259
-0.00722575  -0.0434687 0.000135664
-0.00734321  -0.0435224 0.000137073
-0.00746199  -0.0435746 0.000138463
-0.00757941  -0.0436264 0.000139873
-0.00769727  -0.0436771 0.000141267
-0.00781446  -0.0437271 0.000142669
-0.00793172   -0.043776  0.00014406
-0.00804744  -0.0438246 0.000145457
-0.00816368   -0.043872 0.000146834
-0.00827908  -0.0439187 0.000148236
-0.00839524  -0.0439641 0.000149624
-0.00851071  -0.0440088 0.000151034
 -0.0086263  -0.0440525 0.000152428
-0.0087412 -0.0440955 0.00015383
-0.00885595  -0.0441375 0.000155228
-0.00897031  -0.0441787 0.000156623
-0.00908454  -0.0442189 0.000158025
-0.00919806  -0.0442585 0.000159418
-0.00931105  -0.0442973 0.000160809
-0.00942371  -0.0443352 0.000162215
-0.00953581  -0.0443724 0.000163606
-0.00964735  -0.0444088 0.000165004
-0.00975889  -0.0444442 0.000166419
-0.00986942   -0.044479  0.00016783
 -0.0099793  -0.0445131 0.000169268
 -0.0100889  -0.0445463 0.000170679
 -0.0101976  -0.0445789 0.000172117
-0.0103066 -0.0446104 0.00017353
-0.0104142 -0.0446414 0.00017497
 -0.0105222  -0.0446713 0.000176398
  -0.010629  -0.0447007 0.000177866
 -0.0107357  -0.0447291 0.000179331
 -0.0108415  -0.0447569 0.000180806
 -0.0109468   -0.044784 0.000182274
 -0.0110515  -0.0448102 0.000183762
 -0.0111562  -0.0448355 0.000185226
-0.0112602   -0.04486  0.0001867
 -0.0113641  -0.0448836 0.000188166
  -0.011467  -0.0449066 0.000189631
 -0.0115698  -0.0449286 0.000191093
 -0.0116714  -0.0449502 0.000192568
 -0.0117727   -0.044971 0.000194044
  -0.011873  -0.0449912 0.000195565
 -0.0119727  -0.0450107 0.000197084
 -0.0120722  -0.0450292 0.000198591
 -0.0121713  -0.0450468 0.000200091
-0.0122699 -0.0450637 0.00020158
 -0.0123685  -0.0450796 0.000203059
 -0.0124656  -0.0450952 0.000204526
 -0.0125628  -0.0451096 0.000205999
 -0.0126586  -0.0451238 0.000207485
 -0.0127546  -0.0451368 0.000208958
 -0.0128494  -0.0451494 0.000210431
 -0.0129443  -0.0451609 0.000211901
 -0.0130378  -0.0451721 0.000213369
 -0.0131314  -0.0451822 0.000214843
 -0.0132243  -0.0451916 0.000216308
 -0.0133173  -0.0451998 0.000217772
 -0.0134092  -0.0452075 0.000219204
 -0.0135004  -0.0452146 0.000220628
 -0.0135915  -0.0452207 0.000222053
  -0.013682  -0.0452259 0.000223485
 -0.0137717  -0.0452306 0.000224919
 -0.0138607  -0.0452346 0.000226353
 -0.0139489   -0.045238 0.000227769
 -0.0140365  -0.0452407 0.000229192
 -0.0141232  -0.0452429 0.000230597
 -0.0142094  -0.0452443 0.000232005
 -0.0142945  -0.0452453 0.000233399
 -0.0143786  -0.0452458 0.000234822
 -0.0144624  -0.0452455 0.000236232
 -0.0145447  -0.0452451 0.000237643
 -0.014627 -0.0452435 0.00023905
 -0.0147083  -0.0452416 0.000240464
 -0.0147896  -0.0452383 0.000241881
 -0.0148699  -0.0452347 0.000243296
 -0.0149498  -0.0452301 0.000244725
 -0.0150287  -0.0452251 0.000246152
  -0.015108  -0.0452188 0.000247585
  -0.015186   -0.045212 0.000249033
 -0.0152637  -0.0452045 0.000250494
 -0.0153404  -0.0451963 0.000251959
 -0.0154161  -0.0451877 0.000253453
 -0.0154908  -0.0451788 0.000254927
 -0.0155649   -0.045169 0.000256381
 -0.0156382  -0.0451587 0.000257835
  -0.015711  -0.0451477 0.000259273
 -0.0157827  -0.0451363 0.000260713
 -0.0158537  -0.0451243 0.000262184
 -0.0159238  -0.0451118 0.000263646
 -0.0159936  -0.0450985 0.000265123
 -0.0160623  -0.0450846 0.000266596
 -0.0161298  -0.0450705 0.000268047
 -0.0161968  -0.0450555 0.000269504
 -0.0162627  -0.0450403 0.000270955
 -0.0163281  -0.0450242 0.000272401
 -0.0163925  -0.0450078 0.000273853
 -0.0164564  -0.0449906 0.000275303
 -0.0165193   -0.044973 0.000276765
 -0.0165815  -0.0449547 0.000278227
 -0.0166424  -0.0449363 0.000279725
  -0.016703  -0.0449169 0.000281218
 -0.0167621  -0.0448976 0.000282728
 -0.0168211  -0.0448771 0.000284216
 -0.0168785  -0.0448567 0.000285726
 -0.0169358  -0.0448352 0.000287219
 -0.0169917  -0.0448137 0.000288712
 -0.0170473  -0.0447912 0.000290185
 -0.0171028  -0.0447676 0.000291664
 -0.0171564  -0.0447443 0.000293125
 -0.0172095  -0.0447203 0.000294617
  -0.017261  -0.0446966 0.000296069
  -0.017312   -0.044672 0.000297548
 -0.0173618  -0.0446473 0.000299025
 -0.0174111  -0.0446217 0.000300513
 -0.0174594  -0.0445959 0.000302017
 -0.0175067  -0.0445695 0.000303521
 -0.0175534  -0.0445428 0.000305054
 -0.0175993  -0.0445153 0.000306585
 -0.0176449  -0.0444869 0.000308136
 -0.0176891  -0.0444583 0.000309679
 -0.0177325  -0.0444294 0.000311237
 -0.0177749     -0.0444 0.000312787
 -0.0178166  -0.0443701 0.000314346
 -0.0178572  -0.0443398 0.000315909
 -0.0178971  -0.0443091 0.000317474
  -0.017936   -0.044278 0.000319046
 -0.0179741  -0.0442463 0.000320609
 -0.0180109  -0.0442146 0.000322178
 -0.0180469  -0.0441825 0.000323733
 -0.0180813  -0.0441504 0.000325306
 -0.0181149   -0.044118 0.000326881
 -0.0181475  -0.0440851 0.000328466
 -0.0181792  -0.0440519 0.000330038
 -0.0182103  -0.0440179 0.000331615
 -0.0182405  -0.0439835 0.000333185
 -0.0182696  -0.0439488 0.000334762
 -0.0182979  -0.0439135 0.000336353
 -0.0183254  -0.0438779 0.000337957
 -0.0183518  -0.0438418 0.000339561
 -0.0183773  -0.0438056 0.000341169
  -0.018402  -0.0437686 0.000342788
-0.0184251 -0.0437319 0.00034441
 -0.0184473  -0.0436947 0.000346031
 -0.0184689  -0.0436569 0.000347653
 -0.0184893  -0.0436189 0.000349268
  -0.018509  -0.0435803 0.000350895
-0.0185274 -0.0435416  0.0003525
  -0.018545  -0.0435025 0.000354108
-0.0185617 -0.0434629 0.00035572
 -0.0185774   -0.043423 0.000357345
 -0.0185923  -0.0433826 0.000358972
 -0.0186057  -0.0433423 0.000360613
 -0.0186186  -0.0433013 0.000362241
 -0.0186302  -0.0432602 0.000363881
 -0.018641 -0.0432186 0.00036553
 -0.0186508  -0.0431767 0.000367187
 -0.0186597  -0.0431342 0.000368846
-0.0186677 -0.0430917 0.00037052
 -0.0186747  -0.0430485 0.000372185
 -0.0186811  -0.0430047 0.000373879
  -0.018686  -0.0429609 0.000375575
 -0.0186904  -0.0429166 0.000377289
 -0.0186934  -0.0428721 0.000378997
 -0.0186958  -0.0428271 0.000380702
 -0.0186972  -0.0427814 0.000382398
 -0.0186979  -0.0427354 0.000384108
 -0.0186976  -0.0426888 0.000385809
 -0.0186962  -0.0426422 0.000387531
 -0.0186939  -0.0425948 0.000389243
 -0.0186907  -0.0425473 0.000390976
 -0.0186864  -0.0424992 0.000392707
 -0.0186812  -0.0424511 0.000394442
 -0.0186753   -0.042402 0.000396174
 -0.0186685  -0.0423527 0.000397899
 -0.0186609  -0.0423026 0.000399632
 -0.0186524  -0.0422524 0.000401365
 -0.0186428  -0.0422017 0.000403094
 -0.0186324  -0.0421509 0.000404829
 -0.0186209  -0.0420994 0.000406555
 -0.0186086  -0.0420478 0.000408287
 -0.0185954  -0.0419955 0.000410012
 -0.0185814   -0.041943 0.000411742
 -0.0185664  -0.0418898 0.000413469
 -0.0185507  -0.0418363 0.000415196
  -0.018534  -0.0417821 0.000416923
 -0.0185163  -0.0417279 0.000418655
-0.0184978  -0.041673 0.00042038
 -0.0184786  -0.0416177 0.000422112
 -0.0184582   -0.041562 0.000423832
  -0.018437  -0.0415061 0.000425562
 -0.0184149  -0.0414494 0.000427267
 -0.0183919  -0.0413925 0.000428983
  -0.018368  -0.0413351 0.000430687
 -0.0183432  -0.0412775 0.000432406
 -0.0183174  -0.0412194 0.000434112
 -0.0182908  -0.0411611 0.000435829
 -0.0182632  -0.0411021 0.000437535
-0.0182349 -0.0410429 0.00043925
 -0.0182055  -0.0409833 0.000440953
 -0.0181753  -0.0409235 0.000442663
-0.0181441 -0.0408631 0.00044434
 -0.0181122  -0.0408024 0.000446013
 -0.0180794  -0.0407411 0.000447672
 -0.0180456  -0.0406796 0.000449328
  -0.018011  -0.0406175 0.000450969
 -0.0179755  -0.0405552 0.000452612
 -0.0179391  -0.0404922 0.000454239
 -0.0179019   -0.040429 0.000455867
 -0.0178639  -0.0403651 0.000457484
  -0.017825  -0.0403008 0.000459107
 -0.0177854  -0.0402359 0.000460717
 -0.0177438   -0.040172 0.000462279
 -0.0177016  -0.0401073 0.000463832
 -0.0176581  -0.0400427 0.000465348
 -0.0176138  -0.0399775 0.000466861
 -0.0175686  -0.0399117 0.000468382
 -0.0175226  -0.0398459 0.000469883
 -0.0174755  -0.0397795 0.000471387
 -0.0174276  -0.0397128 0.000472892
 -0.0173787  -0.0396456 0.000474396
 -0.0173294  -0.0395781 0.000475888
 -0.0172789  -0.0395098 0.000477398
 -0.0172275  -0.0394413 0.000478901
  -0.017175  -0.0393728 0.000480395
 -0.0171216  -0.0393038 0.000481888
 -0.0170671  -0.0392346 0.000483376
-0.0170118 -0.0391651 0.00048487
 -0.0169559  -0.0390947 0.000486394
 -0.0168992  -0.0390238 0.000487915
 -0.0168416  -0.0389526 0.000489452
-0.0167831  -0.038881 0.00049099
 -0.0167238  -0.0388089 0.000492548
 -0.0166639  -0.0387361 0.000494109
 -0.0166029   -0.038663 0.000495675
 -0.0165408  -0.0385898 0.000497231
 -0.0164777  -0.0385163 0.000498785
 -0.0164138  -0.0384421 0.000500325
 -0.0163489  -0.0383678 0.000501867
 -0.0162831  -0.0382931 0.000503397
 -0.0162162  -0.0382182 0.000504924
 -0.0161483  -0.0381431 0.000506452
 -0.0160793  -0.0380681 0.000507998
 -0.0160092  -0.0379928 0.000509542
 -0.0159383   -0.037917 0.000511087
 -0.0158662   -0.037841 0.000512646
 -0.0157934  -0.0377646 0.000514199
 -0.0157197  -0.0376876 0.000515747
 -0.0156451  -0.0376104 0.000517289
 -0.0155693  -0.0375327 0.000518843
 -0.0154928  -0.0374548 0.000520398
 -0.0154153  -0.0373763 0.000521961
 -0.0153368  -0.0372977 0.000523525
 -0.0152575  -0.0372185 0.000525088
 -0.0151772  -0.0371391 0.000526646
-0.0150959 -0.0370592  0.0005282
 -0.0150139  -0.0369789 0.000529749
 -0.0149308  -0.0368984 0.000531324
 -0.0148468  -0.0368175 0.000532894
 -0.0147623  -0.0367358 0.000534454
 -0.0146768  -0.0366539 0.000536024
-0.0145905 -0.0365711 0.00053758
 -0.0145033   -0.036488 0.000539145
 -0.0144156  -0.0364045 0.000540709
 -0.0143266  -0.0363205 0.000542277
 -0.0142366   -0.036236 0.000543854
 -0.0141457  -0.0361512 0.000545434
  -0.014054   -0.036066 0.000547011
 -0.0139613  -0.0359804 0.000548586
 -0.0138679  -0.0358945 0.000550155
 -0.0137735  -0.0358082 0.000551723
 -0.0136784  -0.0357215 0.000553282
  -0.013582  -0.0356343 0.000554838
 -0.0134847   -0.035547 0.000556404
 -0.0133863  -0.0354594 0.000557966
 -0.0132871  -0.0353716 0.000559527
 -0.0131868  -0.0352833 0.000561092
 -0.0130856  -0.0351949 0.000562661
 -0.0129833   -0.035106 0.000564234
 -0.0128803  -0.0350169 0.000565806
 -0.0127761  -0.0349272 0.000567382
 -0.0126711  -0.0348374 0.000568958
 -0.0125651   -0.034747 0.000570537
 -0.0124584   -0.034656 0.000572101
-0.0123504 -0.0345647 0.00057367
  -0.012242  -0.0344727 0.000575221
 -0.0121322  -0.0343805 0.000576778
 -0.0120219  -0.0342876 0.000578313
   -0.01191   -0.034195 0.000579833
 -0.0117973  -0.0341019 0.000581347
 -0.0116833  -0.0340088 0.000582854
 -0.0115685  -0.0339154 0.000584356
 -0.0114522   -0.033822 0.000585857
 -0.0113355  -0.0337276 0.000587336
 -0.0112174   -0.033633 0.000588823
  -0.011099  -0.0335378 0.000590288
 -0.0109789  -0.0334426 0.000591741
 -0.0108575  -0.0333476 0.000593189
 -0.0107348  -0.0332526 0.000594607
 -0.0106114  -0.0331572 0.000596028
 -0.0104868  -0.0330615 0.000597424
-0.0103613 -0.0329655 0.00059883
 -0.0102347  -0.0328692 0.000600219
 -0.0101074  -0.0327723 0.000601628
-0.00997898  -0.0326751 0.000603012
-0.00984979  -0.0325774 0.000604423
-0.00971945  -0.0324794 0.000605815
-0.00958838  -0.0323813 0.000607231
 -0.0094561  -0.0322826 0.000608623
-0.00932298   -0.032184 0.000610039
-0.00918858  -0.0320849 0.000611436
-0.00905362  -0.0319855 0.000612852
 -0.0089173  -0.0318857 0.000614252
-0.00878036  -0.0317856 0.000615669
-0.00864216  -0.0316851 0.000617068
-0.00850313  -0.0315844 0.000618472
-0.00836296  -0.0314832 0.000619849
-0.00822178  -0.0313821 0.000621256
-0.00807942  -0.0312806 0.000622638
-0.00793587  -0.0311795 0.000624026
-0.00779115  -0.0310779 0.000625392
-0.00764531  -0.0309764 0.000626793
-0.00749835  -0.0308744 0.000628169
-0.00735065  -0.0307722 0.000629579
-0.00720173  -0.0306694  0.00063097
-0.00705209  -0.0305664 0.000632388
-0.00690121  -0.0304628 0.000633789
-0.00674958  -0.0303591 0.000635215
-0.0065967 -0.0302548 0.00063662
-0.00644287  -0.0301507 0.000638058
-0.00628782  -0.0300459 0.000639476
-0.00613173  -0.0299408 0.000640912
-0.00597478   -0.029835 0.000642322
-0.00581662  -0.0297294  0.00064376
-0.00565751   -0.029623  0.00064517
-0.00549734  -0.0295166 0.000646604
-0.00533643  -0.0294092 0.000648022
-0.00517438  -0.0293022 0.000649474
-0.00501131  -0.0291943 0.000650893
-0.00484716  -0.0290863 0.000652329
-0.00468219  -0.0289775 0.000653748
-0.00451592   -0.028869 0.000655191
-0.00434868  -0.0287598 0.000656607
-0.00418042  -0.0286506 0.000658051
-0.00401128  -0.0285406 0.000659467
-0.00384093  -0.0284307 0.000660918
-0.00366964  -0.0283202 0.000662337
-0.00349756  -0.0282092 0.000663774
-0.00332431  -0.0280977 0.000665173
-0.00315037  -0.0279861 0.000666591
-0.00297531  -0.0278738 0.000667982
-0.0027993 -0.0277613  0.0006694
-0.00262233  -0.0276481 0.000670795
-0.00244497  -0.0275342 0.000672201
-0.00226687  -0.0274193 0.000673594
-0.00208773  -0.0273043 0.000675016
-0.00190775  -0.0271885 0.000676414
-0.00172697  -0.0270726 0.000677828
-0.00154498  -0.0269555 0.000679231
-0.00136255  -0.0268381 0.000680647
  -0.001179  -0.0267196 0.000682053
-0.000995537   -0.0265997  0.000683428
-0.000810956   -0.0264793  0.000684792
-0.000626207   -0.0263579   0.00068614
-0.000440124    -0.026236  0.000687477
-0.000253806   -0.0261131  0.000688813
-6.60007e-05     -0.02599  0.000690142
0.000122191  -0.0258662 0.000691453
0.000311862  -0.0257423 0.000692748
0.000502009   -0.025618 0.000694061
0.000693328  -0.0254938 0.000695354
0.000885132  -0.0253691 0.000696665
 0.00107892  -0.0252438 0.000697926
 0.00127295  -0.0251178 0.000699207
 0.00146848  -0.0249913 0.000700456
 0.00166457  -0.0248639 0.000701722
 0.00186205  -0.0247365 0.000702949
 0.00206086   -0.024609 0.000704226
 0.0022605 -0.0244812 0.00070547
0.00246125 -0.0243532 0.00070675
 0.00266258  -0.0242244 0.000708013
 0.00286378  -0.0240944 0.000709249
 0.00306617  -0.0239644 0.000710481
0.00326896 -0.0238322 0.00071168
 0.00347251     -0.0237 0.000712827
 0.00367772  -0.0235673 0.000713998
 0.00388328  -0.0234343 0.000715129
 0.00408986  -0.0233008 0.000716269
 0.00429767  -0.0231667 0.000717402
 0.00450664  -0.0230324 0.000718546
 0.00471664  -0.0228975 0.000719677
 0.00492765  -0.0227623 0.000720819
 0.00513947  -0.0226263 0.000721936
 0.00535232  -0.0224899 0.000723068
 0.00556605  -0.0223529 0.000724178
 0.00578124  -0.0222155 0.000725285
 0.00599703  -0.0220776 0.000726377
 0.00621427  -0.0219393 0.000727467
 0.00643215  -0.0218005 0.000728541
 0.00665146  -0.0216613 0.000729611
 0.00687138  -0.0215215 0.000730658
 0.00709241  -0.0213812 0.000731745
  0.0073141  -0.0212398 0.000732816
   0.007537  -0.0210983 0.000733887
 0.00776064  -0.0209558 0.000734936
 0.00798528  -0.0208128 0.000735981
 0.00821079  -0.0206691 0.000737005
 0.00843726  -0.0205251 0.000738017
 0.00866454  -0.0203801 0.000739009
 0.00889298  -0.0202347 0.000739955
 0.00912194  -0.0200886 0.000740875
  0.0093522  -0.0199422 0.000741773
 0.00958317   -0.019795 0.000742651
 0.00981524  -0.0196471 0.000743546
   0.010048  -0.0194988 0.000744394
  0.0102821  -0.0193497 0.000745263
  0.0105166  -0.0192001 0.000746089
  0.0107526  -0.0190497 0.000746949
 0.0109894 -0.0188991 0.00074776
  0.0112271  -0.0187474 0.000748576
  0.0114656  -0.0185954 0.000749349
  0.0117053  -0.0184425 0.000750145
  0.0119454  -0.0182891 0.000750874
  0.0121867  -0.0181348 0.000751624
  0.0124284  -0.0179801 0.000752314
  0.0126715  -0.0178244 0.000753026
  0.0129145  -0.0176682 0.000753697
  0.0131582  -0.0175105 0.000754345
  0.0134027  -0.0173527 0.000754975
  0.0136476  -0.0171935 0.000755576
  0.0138925  -0.0170332 0.000756175
  0.0141389   -0.016872 0.000756788
  0.0143858  -0.0167106 0.000757346
  0.0146337   -0.016548 0.000757911
  0.0148817  -0.0163849 0.000758405
  0.0151311  -0.0162211 0.000758934
 0.0153814  -0.016057 0.00075943
  0.0156322   -0.015892 0.000759915
  0.0158835  -0.0157267 0.000760378
  0.0161353  -0.0155605 0.000760822
 0.0163872 -0.0153939 0.00076124
  0.0166397  -0.0152263 0.000761642
  0.0168926  -0.0150586 0.000762023
   0.017148  -0.0148894 0.000762443
  0.0174046   -0.014719 0.000762849
   0.017661  -0.0145474 0.000763217
  0.0179178   -0.014375 0.000763549
  0.0181759   -0.014202 0.000763897
  0.0184341  -0.0140285 0.000764215
  0.0186929  -0.0138543 0.000764521
  0.0189522  -0.0136788 0.000764792
 0.0192121 -0.0135026 0.00076505
  0.0194724  -0.0133257 0.000765276
  0.0197329  -0.0131481 0.000765489
 0.0199937 -0.0129696 0.00076566
  0.0202559  -0.0127905 0.000765851
  0.0205181  -0.0126104 0.000766004
  0.0207815  -0.0124297 0.000766176
   0.021044   -0.012248 0.000766277
  0.0213092  -0.0120663 0.000766358
  0.0215739  -0.0118839 0.000766393
  0.0218393     -0.0117 0.000766454
  0.0221054  -0.0115154 0.000766521
  0.0223718  -0.0113296 0.000766608
 0.0226391 -0.0111434 0.00076668
  0.0229068   -0.010956 0.000766766
  0.0231748  -0.0107686 0.000766835
  0.0234443  -0.0105798 0.000766908
  0.0237144  -0.0103916 0.000766971
  0.0239849  -0.0102023 0.000767013
  0.0242549  -0.0100128 0.000767016
  0.0245262  -0.0098215 0.000767018
  0.0247981  -0.0096307 0.000766991
  0.0250712 -0.00943841 0.000766966
  0.0253443 -0.00924672 0.000766932
  0.0256183 -0.00905337 0.000766878
  0.0258916 -0.00886011 0.000766808
  0.0261653 -0.00866559 0.000766743
  0.0264392 -0.00847053 0.000766661
  0.0267132  -0.0082742 0.000766524
  0.0269877  -0.0080776 0.000766404
  0.0272619 -0.00787987 0.000766229
   0.027537  -0.0076821 0.000766063
  0.0278121  -0.0074833 0.000765863
  0.0280886 -0.00728458 0.000765644
  0.0283651 -0.00708441 0.000765416
  0.0286424 -0.00688399 0.000765183
  0.0289192 -0.00668245 0.000764926
  0.0291966 -0.00648052 0.000764703
   0.029474 -0.00627761 0.000764437
  0.0297521 -0.00607449 0.000764191
  0.0300305 -0.00587003 0.000763931
    0.03031 -0.00566632 0.000763631
  0.0305898 -0.00546118 0.000763316
  0.0308695 -0.00525579 0.000763019
  0.0311499 -0.00504924 0.000762687
  0.0314303 -0.00484271 0.000762347
  0.0317114 -0.00463468 0.000761991
  0.0319925 -0.00442652 0.000761616
  0.0322738 -0.00421689 0.000761238
  0.0325548 -0.00400769  0.00076085
  0.0328362 -0.00379701 0.000760456
  0.0331162 -0.00358673 0.000760066
  0.0333971 -0.00337533 0.000759657
  0.0336757 -0.00316266 0.000759283
  0.0339555 -0.00294944  0.00075889
  0.0342348 -0.00273583  0.00075848
   0.034515 -0.00252138 0.000758088
  0.0347944  -0.0023065 0.000757678
  0.0350743 -0.00209013 0.000757274
  0.0353528 -0.00187361 0.000756865
   0.035632 -0.00165567 0.000756457
  0.0359101 -0.00143791 0.000756038
   0.036189 -0.00121872  0.00075563
  0.0364672 -0.00099978 0.000755211
   0.0367458 -0.000779489  0.000754804
   0.0370236 -0.000559465   0.00075439
   0.0373021 -0.000338422  0.000754008
     0.03758 -0.000117893  0.000753612
  0.0378586 0.000103466 0.000753237
  0.0381368 0.000324846 0.000752845
  0.0384157 0.000547111 0.000752487
  0.0386942 0.000768994 0.000752104
  0.0389736 0.000991549 0.000751738
  0.0392507  0.00121457 0.000751423
  0.0395287  0.00143808 0.000751122
  0.0398063  0.00166199 0.000750801
  0.0400844   0.0018861 0.000750506
  0.0403629  0.00211074 0.000750166
  0.0406412  0.00233515 0.000749864
  0.0409188  0.00255927 0.000749544
  0.0411975  0.00278432 0.000749241
  0.0414753  0.00300893 0.000748927
  0.0417542  0.00323453 0.000748629
  0.0420324  0.00345995 0.000748323
  0.0423115  0.00368638 0.000748036
  0.0425896  0.00391447 0.000747777
 0.0428682 0.00414243 0.00074754
  0.0431459  0.00437167 0.000747317
  0.0434244  0.00460116 0.000747115
  0.0437022  0.00483153 0.000746907
  0.0439806  0.00506212 0.000746716
   0.044258  0.00529382 0.000746539
 0.0445358 0.00552532 0.00074639
 0.0448131 0.00575742 0.00074625
   0.045091  0.00598985 0.000746137
  0.0453692  0.00622266 0.000746009
0.0456475 0.0064562 0.0007459
   0.045925   0.0066905 0.000745809
  0.0462026   0.0069261 0.000745723
   0.046481  0.00716176 0.000745613
  0.0467602  0.00739797 0.000745516
 0.0470369 0.00763363 0.00074551
 0.0473147  0.0078697 0.00074552
 0.0475922 0.00810606 0.00074554
  0.0478701  0.00834289 0.000745589
  0.0481481   0.0085803 0.000745642
  0.0484264  0.00881828 0.000745723
  0.0487042  0.00905682 0.000745808
  0.0489819  0.00929451 0.000745975
 0.0492593 0.00953329 0.00074612
  0.0495375  0.00977281 0.000746278
  0.0498158   0.0100127 0.000746427
  0.0500947   0.0102533 0.000746596
  0.0503718   0.0104945 0.000746798
  0.0506492   0.0107347 0.000747071
  0.0509255   0.0109759 0.000747361
  0.0512022   0.0112173 0.000747673
  0.0514793   0.0114591 0.000747975
  0.0517569   0.0117012 0.000748302
  0.0520333   0.0119436 0.000748661
   0.052311   0.0121863 0.000749034
0.0525878 0.0124297 0.0007494
  0.0528658    0.012674 0.000749772
  0.0531438   0.0129184 0.000750136
  0.0534216   0.0131634 0.000750534
   0.053699   0.0134089 0.000750934
  0.0539767    0.013655 0.000751342
  0.0542548   0.0139008 0.000751773
  0.0545328   0.0141472 0.000752233
  0.0548109   0.0143933 0.000752709
  0.0550896   0.0146401 0.000753195
  0.0553679    0.014887 0.000753696
  0.0556464    0.015135 0.000754194
  0.0559248   0.0153823 0.000754732
  0.0562037   0.0156305 0.000755279
  0.0564829   0.0158792 0.000755803
  0.0567624   0.0161279 0.000756379
  0.0570421   0.0163767 0.000756949
  0.0573218    0.016626 0.000757555
  0.0576011   0.0168747 0.000758186
  0.0578809   0.0171241 0.000758829
   0.058161   0.0173743 0.000759442
  0.0584414   0.0176254 0.000760072
  0.0587212   0.0178759 0.000760716
  0.0590015   0.0181275 0.000761369
  0.0592818   0.0183788 0.000762025
  0.0595622   0.0186294 0.000762766
   0.059843     0.01888 0.000763499
 0.0601233   0.019131 0.00076426
  0.0604038   0.0193817 0.000765028
 0.0606844  0.0196325 0.00076584
  0.060965  0.0198841 0.00076661
  0.0612456   0.0201363 0.000767413
  0.0615264   0.0203874 0.000768254
  0.0618074   0.0206395 0.000769113
  0.0620876   0.0208918 0.000769941
  0.0623684   0.0211448 0.000770797
  0.0626488   0.0213977 0.000771633
  0.0629294   0.0216512 0.000772493
  0.0632099   0.0219045 0.000773344
  0.0634909   0.0221589 0.000774209
  0.0637706   0.0224131 0.000775093
  0.0640506   0.0226681 0.000775984
    0.06433   0.0229227 0.000776873
  0.0646102   0.0231776 0.000777805
 0.0648891  0.0234322 0.00077871
  0.0651684   0.0236873 0.000779649
  0.0654465   0.0239422 0.000780565
  0.0657254    0.024198 0.000781505
  0.0660035   0.0244531 0.000782454
 0.0662824  0.0247091 0.00078343
  0.0665606   0.0249649 0.000784386
  0.0668393   0.0252214 0.000785375
  0.0671166   0.0254772 0.000786368
  0.0673948   0.0257343 0.000787379
  0.0676719   0.0259913 0.000788336
  0.0679496   0.0262481 0.000789335
  0.0682263   0.0265048 0.000790269
  0.0685042   0.0267614 0.000791254
  0.0687815    0.027018 0.000792192
  0.0690589   0.0272748 0.000793167
  0.0693355    0.027531 0.000794109
 0.0696125  0.0277873 0.00079508
  0.0698895   0.0280437 0.000796032
  0.0701667   0.0283006 0.000797022
  0.0704433   0.0285572 0.000798002
  0.0707211   0.0288145 0.000799043
  0.0709979   0.0290709 0.000800076
   0.071275   0.0293282 0.000801118
  0.0715517   0.0295856 0.000802167
  0.0718288   0.0298438 0.000803264
  0.0721059   0.0301017 0.000804318
  0.072382  0.0303601 0.00080543
  0.0726589   0.0306184 0.000806523
  0.0729356   0.0308756 0.000807562
  0.0732127   0.0311337 0.000808624
  0.0734901   0.0313911 0.000809663
  0.0737675   0.0316485 0.000810713
  0.0740443   0.0319052 0.000811776
  0.0743215   0.0321626 0.000812859
  0.0745993     0.03242 0.000813953
  0.0748765   0.0326771 0.000815067
0.0751541 0.0329357 0.0008162
  0.0754314   0.0331939 0.000817355
  0.0757082   0.0334526 0.000818584
  0.0759855   0.0337108 0.000819741
   0.076262   0.0339694 0.000820938
  0.0765379    0.034227 0.000822074
 0.0768137  0.0344845 0.00082324
  0.0770893    0.034741 0.000824371
   0.077365   0.0349985 0.000825556
  0.0776407   0.0352561 0.000826732
  0.0779161   0.0355135 0.000827946
  0.0781923   0.0357715 0.000829115
  0.0784685     0.03603 0.000830347
  0.078745  0.0362884 0.00083155
  0.0790215    0.036547 0.000832774
   0.079298   0.0368053 0.000833993
  0.0795746   0.0370639 0.000835244
  0.0798512   0.0373224 0.000836485
 0.0801277  0.0375807 0.00083776
  0.0804049   0.0378385 0.000839007
  0.0806818   0.0380961 0.000840289
  0.0809592   0.0383534 0.000841538
  0.0812366   0.0386113 0.000842843
  0.0815144    0.038868 0.000844094
  0.0817925   0.0391242 0.000845388
  0.0820709     0.03938 0.000846658
  0.0823495   0.0396356 0.000847965
  0.0826284   0.0398911 0.000849255
  0.0829071   0.0401465 0.000850563
  0.0831861   0.0404021 0.000851863
   0.083465   0.0406569 0.000853159
  0.0837441   0.0409116 0.000854454
   0.084023   0.0411662 0.000855789
  0.0843022   0.0414218 0.000857131
  0.0845812   0.0416768 0.000858517
  0.084861  0.0419321 0.00085986
  0.0851404   0.0421867 0.000861238
  0.0854207   0.0424413 0.000862582
  0.0857006   0.0426949 0.000863978
  0.0859811   0.0429495 0.000865335
  0.0862622   0.0432056 0.000866658
  0.0865434   0.0434607 0.000868012
  0.0868242   0.0437151 0.000869418
  0.0871047   0.0439686 0.000870878
  0.0873856   0.0442226 0.000872327
  0.0876666   0.0444765 0.000873784
  0.0879475   0.0447298 0.000875275
  0.0882291   0.0449827 0.000876702
 0.0885109  0.0452357 0.00087814
  0.0887929   0.0454893 0.000879582
  0.0890754   0.0457439 0.000880982
   0.089358   0.0459977 0.000882415
  0.0896408   0.0462516 0.000883851
  0.0899238   0.0465052 0.000885278
   0.090207   0.0467573 0.000886736
  0.0904903     0.04701 0.000888191
  0.0907742   0.0472631 0.000889611
  0.0910581   0.0475155 0.000891072
  0.0913421   0.0477676 0.000892552
  0.0916262   0.0480189 0.000894055
  0.0919108   0.0482709 0.000895527
  0.0921954   0.0485222 0.000897032
 0.0924802  0.0487738 0.00089855
  0.0927652   0.0490242 0.000900079
  0.0930505   0.0492745 0.000901611
  0.0933359   0.0495246 0.000903147
  0.0936217   0.0497747 0.000904689
   0.093908   0.0500234 0.000906193
  0.0941946   0.0502723 0.000907704
  0.0944814   0.0505207 0.000909206
  0.0947687   0.0507676 0.000910723
  0.0950562   0.0510145 0.000912249
  0.0953438   0.0512615 0.000913773
  0.0956317    0.051508 0.000915318
  0.0959198   0.0517554 0.000916827
  0.0962083    0.052002 0.000918308
   0.096497   0.0522486 0.000919798
  0.0967865   0.0524941 0.000921222
  0.0970761   0.0527395 0.000922652
  0.0973662   0.0529837 0.000924054
  0.0976565    0.053228 0.000925458
  0.097947  0.0534723 0.00092687
  0.0982377   0.0537164 0.000928274
  0.0985287   0.0539603 0.000929654
    0.09882   0.0542037 0.000931018
  0.0991116   0.0544468 0.000932384
  0.0994034   0.0546894 0.000933736
  0.0996954   0.0549319 0.000935093
  0.0999875   0.0551744 0.000936457
    0.10028   0.0554163 0.000937809
   0.100572    0.055659 0.000939137
   0.100865   0.0559005 0.000940469
   0.101158   0.0561425 0.000941789
   0.101451   0.0563834 0.000943104
   0.101745   0.0566243 0.000944424
   0.102039   0.0568643 0.000945718
   0.102333   0.0571041 0.000947017
   0.102627   0.0573441 0.000948306
   0.102921   0.0575834 0.000949599
   0.103215   0.0578228 0.000950892
    0.10351   0.0580617 0.000952175
   0.103805   0.0583004 0.000953451
     0.1041   0.0585382 0.000954701
   0.104395   0.0587759 0.000955949
  0.104691  0.0590127 0.00095717
   0.104986   0.0592495 0.000958389
   0.105282   0.0594857 0.000959594
   0.105578    0.059722 0.000960808
   0.105874   0.0599586 0.000962042
    0.10617    0.060194 0.000963235
   0.106466   0.0604295 0.000964438
   0.106763   0.0606639 0.000965611
    0.10706   0.0608983 0.000966784
   0.107357   0.0611316 0.000967933
   0.107654    0.061365 0.000969074
   0.107951   0.0615979 0.000970215
   0.108249   0.0618305 0.000971336
   0.108547   0.0620626 0.000972439
   0.108844   0.0622943 0.000973534
   0.109143   0.0625258 0.000974621
   0.10944  0.0627572 0.00097568
   0.109739   0.0629881 0.000976752
  0.110037  0.0632183 0.00097781
   0.110335   0.0634483 0.000978863
   0.110634   0.0636779 0.000979909
   0.110932   0.0639073 0.000980954
   0.111231   0.0641341 0.000981904
   0.11153  0.0643609 0.00098286
   0.111828   0.0645869 0.000983789
   0.112127   0.0648127 0.000984712
  0.112426   0.065038 0.00098563
   0.112725   0.0652623 0.000986509
   0.113024   0.0654863 0.000987392
   0.113323   0.0657099 0.000988262
   0.113622   0.0659333 0.000989141
   0.113921   0.0661562 0.000990005
   0.11422  0.0663792 0.00099089
   0.114519   0.0666002 0.000991684
   0.114818   0.0668204 0.000992468
   0.115117   0.0670406 0.000993246
   0.115417   0.0672605 0.000994026
   0.115716   0.0674809 0.000994834
   0.116015   0.0677002 0.000995605
   0.116314   0.0679195 0.000996376
   0.116613   0.0681378 0.000997117
   0.116912   0.0683561 0.000997866
   0.117211   0.0685736 0.000998598
    0.11751   0.0687914 0.000999351
  0.117809  0.0690086 0.00100009
  0.118108  0.0692258 0.00100083
  0.118407  0.0694419 0.00100154
  0.118706  0.0696582 0.00100226
  0.119005  0.0698739 0.00100296
  0.119304  0.0700894 0.00100366
  0.119603  0.0703044 0.00100437
  0.119901  0.0705193 0.00100507
    0.1202  0.0707336 0.00100579
    0.1205  0.0709479 0.00100651
  0.120798  0.0711617 0.00100721
  0.121098  0.0713756 0.00100793
  0.121396  0.0715892 0.00100864
  0.121696  0.0718025 0.00100936
  0.121994  0.0720157 0.00101007
  0.122293  0.0722284 0.00101079
  0.122592  0.0724409 0.00101151
  0.122891  0.0726532 0.00101222
   0.12319  0.0728651 0.00101294
  0.123489  0.0730766 0.00101366
  0.123788  0.0732879 0.00101438
  0.124087  0.0734989 0.00101511
  0.124386   0.073709 0.00101578
  0.124684  0.0739191 0.00101648
  0.124982  0.0741281 0.00101712
   0.12528   0.074337 0.00101778
  0.125577  0.0745451 0.00101839
 0.125874 0.0747528  0.001019
  0.12617 0.0749602 0.0010196
  0.126467  0.0751674 0.00102021
  0.126764  0.0753744 0.00102083
  0.127061  0.0755811 0.00102145
  0.127358  0.0757875 0.00102207
  0.127656  0.0759939 0.00102273
  0.127953     0.0762 0.00102337
  0.128251  0.0764061 0.00102404
  0.128548  0.0766118 0.00102471
 0.128846 0.0768175 0.0010254
 0.129144 0.0770229 0.0010261
  0.129442  0.0772278 0.00102678
  0.129741  0.0774328 0.00102751
  0.130039  0.0776375 0.00102824
 0.130338 0.0778422  0.001029
  0.130637  0.0780467 0.00102977
  0.130937   0.078251 0.00103055
  0.131236  0.0784549 0.00103133
  0.131535  0.0786588 0.00103213
 0.131834 0.0788621 0.0010329
 0.132133 0.0790652 0.0010337
  0.132431  0.0792679 0.00103447
   0.13273  0.0794703 0.00103527
  0.133028  0.0796724 0.00103606
  0.133326  0.0798741 0.00103684
  0.133623  0.0800755 0.00103762
  0.133921  0.0802767 0.00103843
   0.13422  0.0804777 0.00103925
  0.134518  0.0806783 0.00104006
  0.134817  0.0808787 0.00104091
  0.135117  0.0810791 0.00104178
  0.135417   0.081279 0.00104267
  0.135718  0.0814788 0.00104356
  0.136018  0.0816781 0.00104446
  0.136319  0.0818774 0.00104538
   0.13662  0.0820763 0.00104629
  0.136921  0.0822751 0.00104724
  0.137222  0.0824734 0.00104818
  0.137523  0.0826715 0.00104913
  0.137825  0.0828692 0.00105009
  0.138126  0.0830667 0.00105106
  0.138427  0.0832637 0.00105203
   0.13873  0.0834605 0.00105303
  0.139032  0.0836567 0.00105403
  0.139336  0.0838525 0.00105507
  0.13964 0.0840479 0.0010561
  0.139944  0.0842431 0.00105716
  0.140247   0.084438 0.00105821
  0.140552  0.0846323 0.00105929
  0.140857  0.0848262 0.00106037
  0.141162  0.0850199 0.00106145
  0.141467  0.0852131 0.00106255
  0.141772  0.0854059 0.00106367
 0.142078 0.0855983 0.0010648
  0.142384  0.0857905 0.00106592
   0.14269  0.0859821 0.00106705
 0.142996 0.0861734 0.0010682
  0.143302   0.086364 0.00106935
  0.143608  0.0865545 0.00107051
  0.143915  0.0867444 0.00107167
  0.144221  0.0869339 0.00107285
  0.144528   0.087123 0.00107403
  0.144835  0.0873118 0.00107522
  0.145142  0.0874999 0.00107641
  0.145449  0.0876876 0.00107762
  0.145756  0.0878747 0.00107882
  0.146065  0.0880613 0.00108005
  0.146373   0.088247 0.00108127
 0.146682 0.0884324 0.0010825
   0.14699  0.0886173 0.00108373
  0.147298  0.0888019 0.00108497
  0.147607  0.0889859 0.00108621
  0.147915  0.0891695 0.00108746
  0.148223  0.0893525 0.00108872
  0.148532  0.0895351 0.00108998
   0.14884  0.0897172 0.00109125
  0.149149  0.0898988 0.00109251
  0.149457    0.09008 0.00109379
  0.149766  0.0902606 0.00109507
  0.150075  0.0904408 0.00109635
  0.150383  0.0906203 0.00109764
  0.150692  0.0907994 0.00109893
  0.151001  0.0909779 0.00110023
   0.15131  0.0911559 0.00110153
  0.151618  0.0913332 0.00110283
  0.151927    0.09151 0.00110414
  0.152236  0.0916862 0.00110545
  0.152545  0.0918619 0.00110677
  0.152854  0.0920367 0.00110809
  0.153164   0.092211 0.00110941
  0.153473  0.0923844 0.00111074
  0.153782  0.0925574 0.00111207
 0.154091 0.0927298 0.0011134
  0.154401  0.0929016 0.00111475
   0.15471  0.0930728 0.00111608
  0.155019  0.0932434 0.00111743
  0.155329  0.0934132 0.00111878
  0.155638  0.0935826 0.00112013
  0.155947  0.0937513 0.00112148
  0.156256  0.0939194 0.00112284
  0.156566  0.0940866 0.00112418
  0.156875  0.0942532 0.00112554
  0.157184  0.0944196 0.00112691
  0.157493  0.0945849 0.00112826
  0.157803  0.0947496 0.00112963
  0.158112  0.0949133 0.00113098
  0.158421  0.0950766 0.00113235
  0.15873 0.0952389 0.0011337
  0.159039  0.0954008 0.00113507
  0.159348  0.0955617 0.00113642
  0.159658  0.0957222 0.00113779
  0.159967  0.0958817 0.00113914
 0.160276 0.0960407 0.0011405
  0.160584  0.0961986 0.00114184
  0.160893  0.0963562 0.00114321
  0.161202  0.0965127 0.00114455
  0.161511  0.0966688 0.00114592
  0.161819  0.0968236 0.00114727
  0.162128   0.096978 0.00114863
  0.162436  0.0971313 0.00114998
  0.162744  0.0972842 0.00115134
  0.163052  0.0974361 0.00115269
   0.16336  0.0975876 0.00115405
  0.163668   0.097738 0.00115539
  0.163976   0.097888 0.00115676
 0.164284 0.0980368 0.0011581
  0.164591  0.0981854 0.00115946
  0.164898  0.0983326 0.00116079
  0.165206  0.0984796 0.00116214
  0.165513  0.0986253 0.00116347
   0.16582  0.0987707 0.00116481
  0.166126  0.0989148 0.00116613
  0.166433  0.0990587 0.00116747
  0.166739  0.0992011 0.00116877
  0.167046  0.0993432 0.00117009
  0.167352   0.099484 0.00117139
 0.167658 0.0996245 0.0011727
  0.167964  0.0997638 0.00117399
  0.168269  0.0999026 0.00117528
  0.168575    0.10004 0.00117656
   0.16888   0.100178 0.00117785
  0.169185   0.100314 0.00117914
  0.169489    0.10045 0.00118043
  0.169794   0.100585 0.00118171
  0.170098    0.10072 0.00118299
  0.170401   0.100853 0.00118427
  0.170705   0.100987 0.00118556
  0.171008   0.101119 0.00118684
  0.171311   0.101251 0.00118813
  0.171614   0.101382 0.00118941
  0.171916   0.101512 0.00119069
  0.172218   0.101642 0.00119197
  0.172519   0.101771 0.00119325
  0.172821   0.101899 0.00119452
 0.173122  0.102027 0.0011958
  0.173423   0.102153 0.00119707
  0.173723   0.102279 0.00119833
  0.174024   0.102403 0.00119958
  0.174324   0.102528 0.00120083
  0.174623   0.102651 0.00120209
  0.174923   0.102774 0.00120333
  0.175222   0.102896 0.00120459
   0.17552   0.103017 0.00120583
  0.175819   0.103138 0.00120708
  0.176116   0.103259 0.00120832
  0.176414   0.103378 0.00120958
   0.17671   0.103498 0.00121083
  0.177007   0.103616 0.00121209
  0.177303   0.103734 0.00121335
  0.177598   0.103852 0.00121462
  0.177893   0.103969 0.00121589
  0.178188   0.104086 0.00121716
  0.178482   0.104201 0.00121843
  0.178776   0.104317 0.00121971
  0.179069   0.104431 0.00122097
  0.179362   0.104545 0.00122225
  0.179655   0.104658 0.00122351
  0.179947   0.104771 0.00122478
  0.180239   0.104882 0.00122605
   0.18053   0.104993 0.00122732
  0.180821   0.105103 0.00122858
  0.181111   0.105212 0.00122986
  0.181401   0.105321 0.00123114
  0.181691    0.10543 0.00123243
   0.18198   0.105538 0.00123371
0.182269 0.105645 0.001235
 0.182557  0.105751 0.0012363
 0.182844  0.105858 0.0012376
  0.183131   0.105963 0.00123892
  0.183417   0.106068 0.00124024
  0.183703   0.106173 0.00124156
  0.183989   0.106276 0.00124289
  0.184274   0.106379 0.00124421
  0.184559   0.106481 0.00124553
  0.184843   0.106583 0.00124687
  0.185126   0.106684 0.00124819
  0.185409   0.106785 0.00124954
 0.185691  0.106885 0.0012509
  0.185973   0.106985 0.00125227
  0.186254   0.107084 0.00125364
  0.186535   0.107182 0.00125501
  0.186816    0.10728 0.00125638
  0.187095   0.107376 0.00125775
  0.187375   0.107473 0.00125914
  0.187653   0.107569 0.00126053
  0.187931   0.107664 0.00126192
 0.188209  0.107758 0.0012633
  0.188486   0.107852 0.00126469
  0.188762   0.107946 0.00126608
  0.189038   0.108039 0.00126748
  0.189313   0.108131 0.00126889
  0.189588   0.108223 0.00127032
  0.189862   0.108315 0.00127174
  0.190135   0.108406 0.00127316
  0.190408   0.108495 0.00127454
  0.190681   0.108584 0.00127594
  0.190953   0.108673 0.00127733
  0.191224   0.108761 0.00127874
  0.191494   0.108849 0.00128011
  0.191764   0.108936 0.00128148
  0.192033   0.109024 0.00128283
  0.192302    0.10911 0.00128417
   0.19257   0.109196 0.00128551
  0.192838   0.109282 0.00128686
  0.193104   0.109367 0.00128821
   0.19337   0.109451 0.00128954
  0.193636   0.109535 0.00129089
  0.193901   0.109618 0.00129224
  0.194165   0.109701 0.00129359
  0.194428   0.109784 0.00129494
 0.194691  0.109866 0.0012963
  0.194953   0.109947 0.00129766
  0.195214   0.110029 0.00129902
  0.195475   0.110109 0.00130039
  0.195735   0.110189 0.00130176
  0.195994   0.110269 0.00130313
  0.196253   0.110348 0.00130447
  0.196511   0.110426 0.00130581
  0.196768   0.110504 0.00130714
  0.197025    0.11058 0.00130845
  0.197281   0.110656 0.00130977
 0.197537  0.110732 0.0013111
  0.197791   0.110808 0.00131241
  0.198045   0.110883 0.00131374
  0.198298   0.110958 0.00131506
  0.198551   0.111032 0.00131638
  0.198803   0.111106 0.00131768
  0.199054   0.111179 0.00131899
  0.199304   0.111252 0.00132028
  0.199553   0.111325 0.00132159
  0.199802   0.111397 0.00132289
   0.20005   0.111469 0.00132419
  0.200298   0.111541 0.00132548
  0.200544   0.111612 0.00132677
   0.20079   0.111683 0.00132805
  0.201035   0.111753 0.00132934
  0.201279   0.111823 0.00133062
 0.201522  0.111893 0.0013319
  0.201765   0.111962 0.00133317
  0.202007   0.112031 0.00133444
  0.202248   0.112099 0.00133571
  0.202489   0.112167 0.00133698
  0.202729   0.112234 0.00133827
  0.202968   0.112301 0.00133956
  0.203206   0.112366 0.00134087
 0.203444  0.112431 0.0013422
  0.203681   0.112495 0.00134355
 0.203918  0.112558 0.0013449
  0.204154    0.11262 0.00134625
  0.204388   0.112682 0.00134762
  0.204623   0.112744 0.00134896
  0.204856   0.112805 0.00135031
  0.205089   0.112866 0.00135164
  0.205321   0.112927 0.00135299
  0.205552   0.112987 0.00135433
 0.205782  0.113046 0.0013557
  0.206012   0.113104 0.00135705
  0.206241   0.113162 0.00135843
  0.206469    0.11322 0.00135978
  0.206696   0.113277 0.00136114
  0.206923   0.113333 0.00136248
  0.207148   0.113389 0.00136383
  0.207373   0.113444 0.00136516
 0.207598  0.113499 0.0013665
  0.207821   0.113553 0.00136781
  0.208044   0.113606 0.00136914
  0.208266    0.11366 0.00137044
  0.208486   0.113712 0.00137176
  0.208707   0.113765 0.00137305
  0.208926   0.113816 0.00137436
  0.209145   0.113867 0.00137568
  0.209362   0.113918 0.00137701
  0.209579   0.113968 0.00137834
  0.209795   0.114018 0.00137968
  0.210011   0.114067 0.00138101
  0.210225   0.114115 0.00138235
  0.210439   0.114163 0.00138369
  0.210652   0.114211 0.00138504
  0.210864   0.114258 0.00138636
  0.211075   0.114304 0.00138771
  0.211285   0.114351 0.00138903
  0.211495   0.114396 0.00139035
  0.211704   0.114442 0.00139167
  0.211911   0.114487 0.00139298
 0.212119  0.114531 0.0013943
  0.212325   0.114575 0.00139562
  0.212531   0.114619 0.00139692
  0.212735   0.114662 0.00139821
  0.212939   0.114705 0.00139951
  0.213142   0.114746 0.00140085
 0.213344  0.114787 0.0014022
  0.213545   0.114827 0.00140354
  0.213745   0.114867 0.00140489
  0.213945   0.114907 0.00140621
  0.214143   0.114946 0.00140754
  0.214341   0.114986 0.00140886
 0.214537  0.115025 0.0014102
  0.214733   0.115063 0.00141154
  0.214927   0.115101 0.00141287
  0.215121   0.115139 0.00141418
 0.215314  0.115177 0.0014155
 0.215506  0.115213 0.0014168
 0.215697   0.11525 0.0014181
  0.215887   0.115286 0.00141939
  0.216076   0.115322 0.00142068
  0.216265   0.115357 0.00142198
  0.216452   0.115391 0.00142329
  0.216639   0.115425 0.00142458
  0.216825   0.115458 0.00142587
   0.21701    0.11549 0.00142717
  0.217193   0.115523 0.00142846
  0.217377   0.115554 0.00142976
  0.217559   0.115586 0.00143105
   0.21774   0.115617 0.00143232
   0.21792   0.115649 0.00143359
  0.218099   0.115679 0.00143484
 0.218277   0.11571 0.0014361
  0.218454    0.11574 0.00143734
   0.21863    0.11577 0.00143859
  0.218805   0.115799 0.00143983
   0.21898   0.115828 0.00144107
 0.219153  0.115857 0.0014423
  0.219325   0.115885 0.00144353
  0.219497   0.115913 0.00144477
  0.219667    0.11594 0.00144601
  0.219837   0.115967 0.00144725
  0.220006   0.115994 0.00144851
  0.220174   0.116019 0.00144978
   0.22034   0.116045 0.00145104
  0.220506    0.11607 0.00145231
  0.220671   0.116094 0.00145357
  0.220835   0.116118 0.00145486
  0.220999   0.116141 0.00145612
  0.221161   0.116163 0.00145739
  0.221322   0.116185 0.00145864
  0.221483   0.116206 0.00145988
  0.221642   0.116227 0.00146111
  0.221801   0.116248 0.00146236
  0.221959   0.116268 0.00146359
  0.222115   0.116287 0.00146484
  0.222271   0.116306 0.00146608
  0.222426   0.116325 0.00146733
   0.22258   0.116343 0.00146856
  0.222733   0.116361 0.00146983
  0.222885   0.116378 0.00147109
  0.223036   0.116395 0.00147236
  0.223186   0.116411 0.00147364
  0.223335   0.116428 0.00147492
 0.223483  0.116444 0.0014762
   0.22363    0.11646 0.00147744
  0.223776   0.116476 0.00147869
  0.223921   0.116491 0.00147994
  0.224065   0.116507 0.00148119
  0.224208   0.116521 0.00148244
   0.22435   0.116536 0.00148372
0.224491 0.116549 0.001485
  0.224631   0.116563 0.00148629
  0.224771   0.116576 0.00148759
  0.224909   0.116589 0.00148888
  0.225045   0.116602 0.00149017
  0.225182   0.116614 0.00149147
  0.225316   0.116625 0.00149276
  0.225451   0.116637 0.00149406
  0.225583   0.116648 0.00149536
  0.225715   0.116659 0.00149667
  0.225846   0.116669 0.00149798
  0.225976   0.116679 0.00149927
  0.226105   0.116689 0.00150056
  0.226233   0.116699 0.00150184
   0.22636   0.116708 0.00150312
  0.226486   0.116718 0.00150439
   0.22661   0.116727 0.00150566
  0.226734   0.116737 0.00150694
  0.226856   0.116746 0.00150823
  0.226978   0.116755 0.00150951
 0.227098  0.116764 0.0015108
  0.227217   0.116772 0.00151208
  0.227336   0.116781 0.00151337
  0.227453    0.11679 0.00151464
  0.227569   0.116798 0.00151592
  0.227684   0.116806 0.00151718
  0.227798   0.116814 0.00151846
  0.227911   0.116822 0.00151973
  0.228022    0.11683 0.00152101
  0.228133   0.116837 0.00152227
  0.228243   0.116845 0.00152354
 0.228351  0.116851 0.0015248
  0.228459   0.116858 0.00152608
  0.228566   0.116865 0.00152735
  0.228672   0.116871 0.00152863
  0.228776   0.116877 0.00152989
   0.22888   0.116883 0.00153114
  0.228982   0.116889 0.00153239
  0.229083   0.116895 0.00153363
  0.229183     0.1169 0.00153486
  0.229282   0.116905 0.00153609
  0.22938   0.11691 0.0015373
  0.229477   0.116915 0.00153853
  0.229572    0.11692 0.00153976
  0.229667   0.116925 0.00154099
  0.229761    0.11693 0.00154221
  0.229853   0.116934 0.00154344
  0.229944   0.116938 0.00154465
 0.230035  0.116942 0.0015459
  0.230124   0.116946 0.00154714
  0.230212    0.11695 0.00154838
  0.230299   0.116953 0.00154962
  0.230386   0.116956 0.00155086
  0.230471   0.116959 0.00155209
  0.230555   0.116961 0.00155332
  0.230638   0.116964 0.00155456
   0.23072   0.116966 0.00155579
  0.230801   0.116968 0.00155702
   0.23088    0.11697 0.00155827
 0.230959  0.116972 0.0015595
  0.231036   0.116974 0.00156073
  0.231113   0.116976 0.00156196
  0.231188   0.116977 0.00156319
  0.231262   0.116978 0.00156438
  0.231335   0.116979 0.00156557
  0.231407   0.116981 0.00156675
  0.231478   0.116981 0.00156793
 0.231548  0.116981 0.0015691
  0.231616   0.116982 0.00157028
  0.231684   0.116982 0.00157144
   0.23175   0.116981 0.00157264
  0.231816    0.11698 0.00157381
  0.231881   0.116979 0.00157503
  0.231944   0.116977 0.00157622
  0.232006   0.116975 0.00157745
  0.232068   0.116973 0.00157865
  0.232128   0.116971 0.00157989
  0.232187   0.116968 0.00158111
  0.232245   0.116965 0.00158235
  0.232303   0.116961 0.00158358
  0.232359   0.116957 0.00158484
  0.232414   0.116953 0.00158608
  0.232468   0.116949 0.00158734
   0.23252   0.116945 0.00158861
  0.232572    0.11694 0.00158988
  0.232623   0.116935 0.00159114
  0.232672   0.116929 0.00159243
  0.232721   0.116923 0.00159369
  0.232769   0.116917 0.00159499
  0.232815   0.116911 0.00159627
   0.23286   0.116905 0.00159756
  0.232904   0.116899 0.00159884
  0.232948   0.116893 0.00160015
  0.232989   0.116887 0.00160144
   0.23303   0.116881 0.00160275
   0.23307   0.116875 0.00160405
  0.233109   0.116868 0.00160536
  0.233146   0.116861 0.00160664
  0.233183   0.116855 0.00160794
  0.233218   0.116848 0.00160922
  0.233252   0.116841 0.00161052
  0.233285   0.116834 0.00161181
  0.233317   0.116826 0.00161311
  0.233348   0.116819 0.00161438
  0.233378   0.116811 0.00161567
  0.233406   0.116804 0.00161694
  0.233434   0.116797 0.00161822
  0.23346  0.116789 0.0016195
  0.233485   0.116782 0.00162079
  0.233509   0.116775 0.00162207
  0.233533   0.116767 0.00162333
  0.233555   0.116759 0.00162459
  0.233576    0.11675 0.00162587
  0.233595   0.116742 0.00162714
  0.233614   0.116733 0.00162842
  0.233631   0.116724 0.00162971
  0.233648   0.116714 0.00163099
  0.233663   0.116705 0.00163226
  0.233678   0.116695 0.00163354
  0.233691   0.116685 0.00163481
  0.233703   0.116675 0.00163609
  0.233714   0.116665 0.00163737
  0.233724   0.116655 0.00163869
  0.233732   0.116646 0.00164001
   0.23374   0.116636 0.00164134
  0.233746   0.116626 0.00164265
  0.233752   0.116617 0.00164397
  0.233755   0.116607 0.00164526
  0.233758   0.116598 0.00164655
   0.23376   0.116589 0.00164782
  0.233761    0.11658 0.00164909
   0.23376   0.116571 0.00165036
  0.233758   0.116563 0.00165163
 0.233755  0.116554 0.0016529
  0.233752   0.116544 0.00165419
  0.233746   0.116535 0.00165547
   0.23374   0.116526 0.00165676
  0.233732   0.116517 0.00165805
  0.233724   0.116507 0.00165934
  0.233714   0.116498 0.00166062
  0.233703   0.116488 0.00166192
 0.233691  0.116479 0.0016632
  0.233678   0.116469 0.00166449
  0.233664   0.116459 0.00166578
  0.233648   0.116449 0.00166706
  0.233632   0.116439 0.00166834
 0.233614  0.116428 0.0016696
  0.233595   0.116418 0.00167084
  0.233576   0.116407 0.00167212
 0.233555  0.116396 0.0016734
  0.233533   0.116385 0.00167471
   0.23351   0.116374 0.00167601
  0.233486   0.116363 0.00167731
   0.23346   0.116351 0.00167859
 0.233434   0.11634 0.0016799
 0.233406  0.116328 0.0016812
 0.233377  0.116317 0.0016825
  0.233347   0.116305 0.00168378
  0.233317   0.116293 0.00168507
  0.233284   0.116281 0.00168635
  0.233251   0.116268 0.00168764
  0.233217   0.116255 0.00168894
  0.233182   0.116242 0.00169023
  0.233145   0.116229 0.00169153
  0.233107   0.116215 0.00169283
  0.233069     0.1162 0.00169414
  0.233029   0.116185 0.00169546
  0.232988    0.11617 0.00169679
  0.232946   0.116154 0.00169814
  0.232903   0.116139 0.00169948
  0.232859   0.116123 0.00170085
  0.232813   0.116107 0.00170222
 0.232767  0.116091 0.0017036
  0.232719   0.116075 0.00170497
   0.23267   0.116058 0.00170634
  0.23262  0.116042 0.0017077
  0.232569   0.116025 0.00170903
  0.232517   0.116009 0.00171036
  0.232464   0.115993 0.00171171
  0.232409   0.115976 0.00171303
  0.232353    0.11596 0.00171438
  0.232297   0.115944 0.00171571
  0.232239   0.115928 0.00171702
  0.232179   0.115912 0.00171833
  0.232119   0.115895 0.00171967
0.232058 0.115878 0.001721
  0.231996    0.11586 0.00172235
  0.231932   0.115843 0.00172367
  0.231867   0.115825 0.00172499
  0.231802   0.115807 0.00172629
  0.231735   0.115789 0.00172761
  0.231667    0.11577 0.00172892
  0.231598   0.115751 0.00173024
  0.231528   0.115732 0.00173156
  0.231457   0.115713 0.00173289
  0.231385   0.115694 0.00173422
  0.231311   0.115674 0.00173556
  0.231237   0.115653 0.00173689
  0.231161   0.115634 0.00173821
  0.231085   0.115614 0.00173952
  0.231007   0.115595 0.00174079
  0.230928   0.115575 0.00174206
  0.230847   0.115556 0.00174334
  0.230766   0.115536 0.00174461
  0.230683   0.115517 0.00174589
    0.2306   0.115497 0.00174714
 0.230515  0.115477 0.0017484
   0.23043   0.115457 0.00174966
  0.230343   0.115437 0.00175091
  0.230255   0.115416 0.00175216
  0.230166   0.115396 0.00175342
  0.230075   0.115375 0.00175468
  0.229984   0.115354 0.00175596
  0.229892   0.115333 0.00175723
 0.229798  0.115312 0.0017585
  0.229704   0.115291 0.00175978
