5.29695e-06 1.84477e-05 2.61199e-06
-8.01836e-06   1.9189e-05  2.72674e-06
-3.61268e-06  2.35251e-05  2.50756e-06
1.00707e-05 2.91565e-05 3.08008e-06
1.70336e-05 2.46006e-05 3.04761e-06
3.17682e-05 4.47569e-06 4.12991e-06
 2.63948e-05 -5.98632e-07  4.06223e-06
 6.71025e-05 -1.94375e-05  4.50632e-06
8.10021e-05 -4.9099e-05 3.13706e-06
 0.000112676 -5.70622e-05  3.67985e-06
  0.00013255 -8.64213e-05  2.40721e-06
 0.000152825 -0.000115832  3.78642e-06
 0.000182319 -0.000144427  2.42527e-06
 0.000231724 -0.000201164  2.95426e-06
 0.000266429 -0.000230009  1.97524e-06
0.000308778 -0.00028112 3.75389e-06
  0.00033901 -0.000313612   2.9267e-06
 0.000401874 -0.000364226  5.35115e-06
 0.000434872 -0.000407781  4.46687e-06
 0.000479029 -0.000459233  5.99447e-06
 0.000528342 -0.000510559  5.41634e-06
 0.000590139 -0.000569466   6.9473e-06
  0.00064409 -0.000650729  5.62372e-06
  0.00071059 -0.000723653  8.72511e-06
 0.000780516 -0.000822044  6.30971e-06
 0.000837601 -0.000888177  8.53117e-06
 0.000919893 -0.000925349  6.29808e-06
0.000999331 -0.00102095 7.75669e-06
 0.00107136 -0.00106916 5.37057e-06
 0.00114942 -0.00111708 6.82547e-06
 0.00122766 -0.00118542 6.41982e-06
 0.00132656 -0.00124213 6.58759e-06
 0.00140536 -0.00129411 8.70707e-06
 0.00150829 -0.00136022 9.53783e-06
0.00159003 -0.0014186 1.0879e-05
 0.00170801 -0.00149755 1.11398e-05
 0.00178728 -0.00159301 1.20823e-05
 0.00191013 -0.00168544  1.2738e-05
 0.00200052 -0.00181279 1.21719e-05
 0.00213277 -0.00190089 1.26406e-05
 0.00221754 -0.00202504  1.3755e-05
 0.00235433 -0.00211403 1.58812e-05
  0.0024381 -0.00225597 1.40178e-05
 0.00256962 -0.00235553 1.49535e-05
 0.00266658 -0.00248734 1.42195e-05
 0.00281678 -0.00261095 1.42143e-05
 0.00290765 -0.00280185 1.51503e-05
 0.00305482 -0.00294237  1.8164e-05
 0.00314909 -0.00313938 1.64074e-05
 0.00329971 -0.00326025 1.81128e-05
 0.00340145 -0.00336147 2.14673e-05
 0.00356592 -0.00349733 2.24858e-05
 0.00366784 -0.00367397 2.15026e-05
 0.00384753 -0.00388951 2.03003e-05
 0.00395912 -0.00397505 2.31761e-05
 0.00414358 -0.00411089 2.35256e-05
 0.00424756 -0.00420483 2.64615e-05
  0.0044374  -0.0043533 3.19815e-05
 0.00453831 -0.00443534 3.23075e-05
 0.00473596 -0.00472992 3.54937e-05
  0.0048397 -0.00467568 3.75269e-05
  0.0050474 -0.00496981 4.05385e-05
 0.00515504 -0.00509794 3.86496e-05
 0.00536535 -0.00537726 4.26301e-05
 0.00547255 -0.00537729 4.31682e-05
 0.00569795 -0.00561961 4.61434e-05
 0.00581324 -0.00567184 4.36097e-05
 0.00603311 -0.00612448 5.70342e-05
 0.00615469 -0.00611255  5.6132e-05
 0.00636929 -0.00653173 6.29184e-05
 0.00649567 -0.00657278 6.35808e-05
  0.0067192 -0.00689978 7.02493e-05
 0.00684772 -0.00697227 6.92224e-05
 0.00707732 -0.00718291 7.51767e-05
 0.00721349 -0.00730007 7.52776e-05
 0.00744376 -0.00751288 8.12508e-05
 0.00757675   -0.007696 8.21383e-05
 0.00781349  -0.0080092 8.72393e-05
 0.00795326 -0.00833708 9.39163e-05
 0.00819626 -0.00851454 8.97011e-05
 0.00834728 -0.00861306  9.5817e-05
 0.00857869 -0.00887451 9.13382e-05
 0.00874425 -0.00893357 9.97598e-05
 0.00898231 -0.00919282  9.6119e-05
 0.00914306 -0.00929672 0.000100726
 0.00938831 -0.00952929 9.94919e-05
 0.00955514 -0.00962027 0.000104427
 0.00980019  -0.0098283 0.000101815
 0.00998142 -0.00985592 0.000114781
  0.0102295  -0.0101716 0.000110284
  0.0104098  -0.0102153 0.000117107
  0.0106633  -0.0105268 0.000109055
  0.0108384  -0.0107464 0.000112418
  0.0110788   -0.011037 0.000110774
  0.0112377  -0.0110989 0.000109915
 0.0114813 -0.0113614 0.00010989
  0.0116394  -0.0116502 0.000115555
  0.0118896   -0.011762 0.000109622
  0.0120216  -0.0120734 0.000117853
  0.0122884  -0.0120927 0.000115053
  0.0124136  -0.0124584 0.000123262
  0.0126954  -0.0124987 0.000122072
  0.0128392  -0.0128662 0.000129299
 0.0131272 -0.0129179 0.00012354
  0.0132765  -0.0133299 0.000134808
  0.0135596  -0.0134735 0.000129411
  0.0137154   -0.013758 0.000143591
  0.0140062  -0.0138984 0.000141851
  0.0141502  -0.0141187 0.000160185
 0.0144265 -0.0143233 0.00015653
  0.0145854  -0.0145114 0.000153629
  0.0148762  -0.0148988 0.000155074
  0.0150483  -0.0149757 0.000151674
 0.0153312 -0.0155019  0.0001545
  0.0154964  -0.0155357 0.000143841
 0.0157988 -0.0159348 0.00016032
  0.0159702  -0.0161044 0.000165917
  0.0162759  -0.0163734 0.000160424
  0.0164501  -0.0166551 0.000168755
  0.0167763  -0.0166286 0.000164992
 0.0169502 -0.0168569  0.0001738
  0.0172625  -0.0172218 0.000179192
 0.0174282 -0.0174816 0.00015851
  0.0177441  -0.0177623 0.000172623
  0.0179332   -0.017936 0.000156558
 0.0182444 -0.0181106 0.00016234
  0.0184163  -0.0186138 0.000160534
  0.0187369  -0.0185502 0.000164415
   0.018881  -0.0188877 0.000142357
  0.0191795   -0.018958 0.000147418
  0.0193237  -0.0194205 0.000139399
 0.0196196 -0.0194986  0.0001435
  0.0197467  -0.0202186 0.000123475
  0.0200288  -0.0203012 0.000126944
  0.0201936   -0.020942 0.000105185
  0.0204541  -0.0209452 0.000108143
   0.020614  -0.0215503 9.07741e-05
  0.0208918  -0.0215367 8.97027e-05
   0.021061  -0.0224422 7.41214e-05
  0.021318 -0.0225609 8.5118e-05
 0.0215411 -0.0228346 5.6253e-05
  0.0217647  -0.0232669 6.19064e-05
  0.0220299   -0.023232 4.77363e-05
  0.0222531  -0.0236466 4.65319e-05
  0.0225219  -0.0236117 3.98697e-05
  0.0227368  -0.0239947 5.51281e-05
 0.0230065 -0.0241214 4.4708e-05
  0.0232492  -0.0243802 4.99903e-05
  0.0235214  -0.0246704 3.97801e-05
  0.0237968  -0.0246513 5.05161e-05
  0.0240336  -0.0248725 4.51579e-05
  0.0243005  -0.0249005 3.86286e-05
  0.0245203  -0.0253614 4.75666e-05
  0.0247521  -0.0255614 4.42599e-05
   0.025018  -0.0255132 2.56546e-05
  0.0252789  -0.0257459 4.34174e-05
   0.025556  -0.0256442 3.00307e-05
  0.025847 -0.0257706 5.1215e-05
  0.0260721  -0.0259755 2.94209e-05
  0.0263407  -0.0260141 3.31989e-05
  0.0265761  -0.0263549 2.69053e-05
  0.0268541  -0.0265526 5.19274e-05
  0.027064 -0.0269577 3.7259e-05
  0.0272979  -0.0272405 4.97209e-05
  0.0274908  -0.0278829 4.53915e-05
  0.0277954  -0.0276281 3.82491e-05
  0.0279782  -0.0282456 4.47907e-05
  0.0282335  -0.0284715 5.04422e-05
  0.0284889  -0.0283977 3.90488e-05
  0.0287102  -0.0289328 2.28061e-05
  0.0289868  -0.0288237 2.40477e-05
  0.0291676  -0.0294825 1.27413e-05
  0.0294534  -0.0295348 2.78947e-05
  0.0296383  -0.0300526 3.96536e-06
  0.029928  -0.030075 2.0724e-05
 0.0301159 -0.0306359 4.3858e-06
  0.0303949  -0.0306759 1.81592e-05
   0.0306466   -0.0308719 -4.56263e-06
  0.0309136   -0.030915 2.26531e-05
 0.0311248 -0.0313625 1.4999e-05
  0.0313525  -0.0315309 2.78346e-05
  0.0315006  -0.0325907 3.53817e-05
 0.0317481 -0.0324331 3.1186e-05
  0.0319688  -0.0331434 3.32816e-05
 0.0321567 -0.0334296 5.1234e-05
  0.0324398  -0.0336352 1.02049e-05
  0.0326366  -0.0338021 3.12887e-05
   0.0328477     -0.03439 -7.73706e-07
 0.0330266 -0.0346203 9.4387e-06
   0.0333015   -0.0348827 -1.11689e-05
   0.033512  -0.0350669 7.16991e-06
 0.0337514 -0.0355032 3.4265e-06
   0.0339185    -0.035824 -6.30997e-06
  0.0341628  -0.0363192 -3.3797e-06
   0.0343346   -0.0365528 -3.23327e-05
   0.0345339   -0.0371239 -5.12821e-05
   0.0347684   -0.0372534 -4.53323e-05
   0.0349563   -0.0376997 -7.18739e-05
   0.0351237   -0.0381025 -5.75739e-05
   0.0353747   -0.0382406 -9.26259e-05
   0.0355497   -0.0386788 -8.02968e-05
   0.0357556   -0.0389721 -0.000107202
   0.0359444   -0.0392636 -9.98576e-05
   0.0361497   -0.0394015 -0.000126261
    0.036346   -0.0396154 -0.000116923
   0.0365067   -0.0401786 -0.000141538
   0.0366955   -0.0403931 -0.000127736
   0.0367933    -0.041266 -0.000163298
   0.0369358   -0.0418425 -0.000133056
   0.0370499   -0.0425652 -0.000159893
   0.0372131   -0.0431798 -0.000127629
   0.0373325   -0.0438462 -0.000155147
   0.0374962   -0.0443917 -0.000128011
   0.0375807   -0.0451712 -0.000155826
   0.0378224   -0.0453023 -0.000144061
  0.0378618  -0.0461664 -0.00018219
   0.0379845   -0.0469617 -0.000176384
   0.0381428   -0.0471771 -0.000197522
   0.0382469   -0.0480965 -0.000180215
   0.0383861   -0.0483498 -0.000195517
    0.038485   -0.0492989 -0.000181459
   0.0386096   -0.0495654 -0.000196254
   0.0387002   -0.0504276 -0.000183112
  0.0387914  -0.0508712 -0.00018887
  0.0389584  -0.0514863 -0.00018684
   0.0390175   -0.0519492 -0.000192431
   0.0392038   -0.0523119 -0.000195588
   0.0392168   -0.0530276 -0.000195136
  0.0393915  -0.0535962 -0.00019657
   0.0394061   -0.0542649 -0.000192719
   0.0395421   -0.0548954 -0.000191984
   0.0395453   -0.0555557 -0.000188405
   0.0396445   -0.0562835 -0.000182324
   0.0397055   -0.0566561 -0.000191372
    0.039848   -0.0572498 -0.000193563
   0.0399025   -0.0576386 -0.000202233
   0.0400143   -0.0583678 -0.000199632
   0.0400394   -0.0589667 -0.000189254
    0.040032   -0.0600452 -0.000179137
   0.0400008   -0.0607087 -0.000177322
   0.0401325   -0.0612247 -0.000179967
   0.0401325   -0.0618179 -0.000177507
   0.0401344   -0.0627958 -0.000163839
   0.0401121   -0.0634412 -0.000168801
   0.0402718   -0.0639358 -0.000170658
   0.0402247   -0.0646608 -0.000168321
  0.0401433  -0.0656731 -0.00015276
   0.0400483   -0.0666389 -0.000139519
    0.040038   -0.0674305 -0.000131081
   0.0399793   -0.0683125 -0.000123669
   0.0399863   -0.0689775 -0.000118558
  0.0399845  -0.0697593 -0.00011639
   0.0401018    -0.070075 -0.000116938
    0.040005   -0.0710087 -0.000109556
   0.0400273   -0.0716415 -0.000116792
   0.0399724   -0.0724322 -0.000113093
   0.0400357    -0.072883 -0.000120508
    0.039903    -0.073846 -0.000111248
   0.0399109   -0.0743698 -0.000117025
     0.03976   -0.0753449 -0.000102271
   0.0398476   -0.0756783 -0.000112581
   0.0397027   -0.0766418 -9.91116e-05
   0.0397759   -0.0769435 -0.000110194
   0.0396068   -0.0779172 -9.50029e-05
   0.0396091   -0.0782777 -0.000107187
   0.0395677    -0.078999 -9.65884e-05
   0.0395006   -0.0796928 -0.000100813
   0.0394098   -0.0804569 -9.18591e-05
  0.0393777  -0.0810702 -9.6169e-05
   0.0393265   -0.0816747 -9.00109e-05
   0.0392813    -0.082294 -0.000101289
   0.039218  -0.0829571 -9.9167e-05
    0.039137   -0.0836714 -0.000101657
   0.0390662   -0.0843466 -9.70399e-05
   0.0389833     -0.08502 -9.88068e-05
   0.038858  -0.0857427 -9.6717e-05
   0.0387584   -0.0863345 -9.95102e-05
   0.0386587   -0.0869096 -9.35993e-05
   0.0385074   -0.0876435 -9.16753e-05
   0.0384981   -0.0880184 -6.91816e-05
    0.038337   -0.0888053 -6.65972e-05
    0.038384   -0.0889888 -5.38266e-05
   0.0383463   -0.0894172 -6.29748e-05
   0.0382732   -0.0899127 -6.85211e-05
   0.0380599   -0.0907974 -5.63695e-05
   0.0381195   -0.0909129 -5.66116e-05
   0.0378792    -0.091929 -6.31007e-05
    0.037842      -0.0922 -5.87669e-05
    0.037631   -0.0931211 -7.64677e-05
   0.0375793   -0.0933455 -6.89304e-05
   0.0373349   -0.0943514 -7.44246e-05
   0.0371281   -0.0947919 -5.17531e-05
   0.0371071    -0.095333 -6.57879e-05
   0.0367393    -0.095984 -4.22277e-05
   0.0368254   -0.0964198 -6.46429e-05
   0.0364631   -0.0969861 -4.44809e-05
   0.0366671   -0.0971891 -7.63417e-05
   0.0360701   -0.0981772 -7.27039e-05
   0.0361507   -0.0985665 -9.02571e-05
   0.0354582   -0.0998182 -7.27806e-05
   0.0355639    -0.100079 -8.70425e-05
   0.0350093    -0.101011 -6.75548e-05
   0.0350759    -0.101381 -8.05608e-05
   0.0344464    -0.102462 -6.19295e-05
   0.0344817    -0.102776 -8.23452e-05
   0.0338615    -0.103767 -3.85564e-05
    0.033889    -0.104137 -6.19722e-05
    0.033272    -0.104988 -3.70178e-05
   0.0333437    -0.105305 -5.90932e-05
   0.0325195    -0.106686 -3.34165e-05
   0.0326112    -0.106816 -5.88652e-05
   0.0316943    -0.108349 -4.59537e-05
    0.031658    -0.108588 -6.64093e-05
   0.0305199    -0.110567 -8.22539e-05
   0.0306042    -0.110523 -9.53611e-05
   0.0296961    -0.112061 -8.41309e-05
   0.0296887    -0.112089 -0.000118084
   0.0290936    -0.113009 -9.38325e-05
   0.0289632    -0.113348 -0.000105952
   0.0283392    -0.114364 -9.03056e-05
   0.0281306    -0.114822 -9.73083e-05
   0.0274559    -0.115813 -8.19739e-05
   0.0273432    -0.116049 -0.000109708
   0.0267774    -0.117085 -8.19349e-05
   0.0264165    -0.117521 -0.000108154
   0.0257934    -0.118441 -8.34469e-05
   0.0254307    -0.119047 -0.000106659
   0.0250088    -0.119607 -9.00642e-05
   0.0246549    -0.120193 -0.000101871
   0.0243103    -0.120555 -0.000104551
   0.0239066    -0.121173 -0.000112393
   0.0237795    -0.121277 -8.35382e-05
   0.0232407    -0.122134 -6.43101e-05
   0.0226265    -0.122756 -8.09916e-05
   0.0222228    -0.123367 -5.24521e-05
   0.0216099    -0.124038 -5.85711e-05
   0.0214283    -0.124338 -2.22447e-05
   0.0207485    -0.125025 -5.60687e-05
   0.0203634     -0.12559 -2.45728e-05
  0.0200449   -0.125728 -5.0167e-05
   0.0192542    -0.126886 -4.05337e-06
   0.0191517    -0.126694 -2.59906e-05
  0.0183061   -0.127904 2.65184e-06
   0.0179997    -0.127944 -2.10188e-05
   0.017195   -0.129035 1.29437e-05
  0.0170125   -0.128899 1.45709e-06
  0.0163941   -0.129636 3.30092e-05
  0.0159061   -0.129946 1.78003e-05
 0.0147317  -0.131343 4.6289e-05
  0.0147419   -0.131114 7.09639e-05
  0.0136327    -0.13233 8.08453e-05
  0.0138581   -0.131855 7.93877e-05
  0.0125533   -0.133211 8.13673e-05
  0.0123428   -0.133296 9.38997e-05
  0.0111116   -0.134468 7.35339e-05
  0.0108341     -0.1346 9.68427e-05
 0.00952743   -0.135824 8.33687e-05
 0.00936724   -0.135848 0.000100143
 0.00793673   -0.137106 9.68555e-05
 0.00795256   -0.136994 0.000113117
 0.00650343   -0.138201 0.000103031
 0.00641961   -0.138218 0.000119813
 0.00523217   -0.139108 0.000108166
 0.00527222    -0.13891 0.000133233
 0.00394788   -0.140008 0.000135176
 0.00376441   -0.139983 0.000161274
 0.00252388   -0.140894 0.000136122
  0.0022538   -0.140978 0.000162967
 0.00126008   -0.141585 0.000142102
 0.00111107   -0.141639 0.000152153
-0.000265427    -0.142537   0.00012235
-0.000365078    -0.142522  0.000149025
-0.000970438     -0.14263  9.78939e-05
-0.00078883   -0.142271 0.000130402
-0.00224076   -0.143183 0.000114769
-0.00208244    -0.14287 0.000134193
-0.00409037   -0.144232 0.000143389
 -0.0034878   -0.143558 0.000147694
-0.00563636   -0.145057 0.000169208
-0.00512321   -0.144429 0.000164834
-0.00707712   -0.145653 0.000176462
-0.00705011   -0.145478 0.000170489
-0.00854116   -0.146307 0.000202947
-0.00815932   -0.145737 0.000141906
-0.00946503   -0.146445 0.000170945
 -0.0106348   -0.147171 0.000131349
 -0.0109468   -0.146931 0.000119753
 -0.0128299   -0.148097 9.32467e-05
  -0.013141   -0.147969 9.35913e-05
 -0.0144159   -0.148606 8.56902e-05
 -0.0143973   -0.148255 7.94033e-05
 -0.0158278   -0.148753 0.000104338
 -0.0162842   -0.148958 9.39519e-05
 -0.0180351   -0.149831 8.53146e-05
 -0.0182157   -0.149686 8.56218e-05
 -0.0196882   -0.150431 7.92976e-05
 -0.0195336   -0.149857 7.79574e-05
 -0.0204053   -0.149833 7.30467e-05
 -0.0219019   -0.150548 8.10064e-05
 -0.0234554   -0.151198 8.01398e-05
 -0.0239583   -0.151137 0.000112835
 -0.0253865    -0.15172 9.59249e-05
 -0.0261809   -0.151886 0.000138907
 -0.0270992   -0.152016 9.38487e-05
 -0.0284053   -0.152579 0.000130385
-0.0288603  -0.152273  7.234e-05
 -0.0301334   -0.152841 0.000137536
 -0.0307932   -0.152731 9.43009e-05
  -0.031603   -0.152908 0.000158708
-0.0323607  -0.152871 0.00012561
 -0.0329241   -0.152701 0.000169177
 -0.0335146   -0.152647 0.000132095
  -0.034262   -0.152633 0.000186589
-0.0349409  -0.152485 0.00013628
  -0.035163   -0.152217 0.000190637
 -0.0367882   -0.152657 0.000164925
 -0.0368408   -0.152245 0.000208894
 -0.0383952   -0.152625 0.000199918
-0.0393218  -0.152633 0.00022834
 -0.0401819   -0.152688 0.000209608
 -0.0410457   -0.152623 0.000237051
  -0.041483   -0.152374 0.000229152
 -0.0425987   -0.152517 0.000255193
 -0.0423691   -0.151893 0.000271603
 -0.0439384   -0.152137 0.000278343
 -0.0432064   -0.151386 0.000297204
 -0.0452339   -0.151707 0.000279031
 -0.0447081   -0.151187 0.000304765
 -0.0468506   -0.151416 0.000302838
  -0.047035   -0.151176 0.000337056
-0.0488451  -0.151323 0.00031706
 -0.0486858   -0.150893 0.000361742
 -0.0496721   -0.150591 0.000363878
 -0.0505242   -0.150641 0.000362636
 -0.0515892   -0.150299 0.000374826
 -0.0523804   -0.150276 0.000374005
 -0.0531906   -0.149911 0.000400025
 -0.0543855   -0.150036 0.000380053
 -0.0547138   -0.149423 0.000437086
 -0.0560097   -0.149557 0.000389576
-0.0573639   -0.14939  0.0004451
 -0.0582323   -0.149354 0.000394966
  -0.058894   -0.148779 0.000446124
-0.0601658  -0.148941 0.00042026
 -0.0596349    -0.14795 0.000450649
 -0.0617816   -0.148345 0.000443268
 -0.0612382   -0.147363 0.000468899
-0.0621732  -0.147263 0.00046469
  -0.062698   -0.146708 0.000495583
-0.0640694  -0.146672 0.00049012
  -0.064787   -0.146201 0.000513331
 -0.0659423   -0.146124 0.000516877
 -0.0672876   -0.145802 0.000534572
 -0.0682999   -0.145655 0.000528243
 -0.0688424    -0.14491 0.000525129
 -0.0699577   -0.144908 0.000532176
 -0.0706459     -0.1442 0.000539324
 -0.0715144   -0.144072 0.000542456
 -0.0725188   -0.143491 0.000543616
 -0.0729649   -0.143185 0.000556816
  -0.074401   -0.142723 0.000578784
 -0.0738781   -0.142097 0.000584688
 -0.0756318   -0.141725 0.000608222
   -0.07609   -0.141293 0.000598224
 -0.0770078   -0.140723 0.000629346
-0.0783629  -0.140563 0.00062101
 -0.0790344   -0.139873 0.000647367
 -0.0798423   -0.139568 0.000623698
 -0.0807075   -0.138935 0.000663824
 -0.0823936   -0.138804 0.000610065
 -0.0828872   -0.138033 0.000671517
 -0.0838586   -0.137731 0.000636235
 -0.0853059   -0.137214 0.000684118
 -0.0857357   -0.136819 0.000668741
 -0.0868193   -0.136103 0.000705564
 -0.0867494   -0.135563 0.000723467
 -0.0880887   -0.134952 0.000743331
 -0.0882286   -0.134371 0.000731204
 -0.0895429   -0.133798 0.000763871
 -0.0892393   -0.133105 0.000745884
 -0.0905676   -0.132531 0.000782794
 -0.0908952   -0.131983 0.000765251
 -0.0915406   -0.131268 0.000798965
 -0.0923648   -0.130746 0.000769451
 -0.0921427   -0.129875 0.000799743
  -0.092437    -0.12923 0.000777719
 -0.0928531   -0.128515 0.000813607
 -0.0934412   -0.127919 0.000795478
-0.0949434  -0.127263 0.00081724
 -0.0954245    -0.12663 0.000813809
 -0.0971623   -0.125945 0.000815926
 -0.0977125   -0.125464 0.000823285
 -0.0980678   -0.124503 0.000811854
 -0.0987109   -0.123981 0.000828166
 -0.0993642   -0.123076 0.000831271
 -0.0994916   -0.122461 0.000845328
 -0.100702  -0.121657 0.00083608
  -0.101289   -0.121023 0.000840023
  -0.102133   -0.120208 0.000842676
  -0.102615   -0.119567 0.000844597
   -0.10406   -0.118721 0.000873544
  -0.103935   -0.118058 0.000866166
  -0.105705   -0.117183 0.000896798
  -0.105701   -0.116523 0.000895372
  -0.106874   -0.115663 0.000911561
  -0.107108   -0.114948 0.000911936
  -0.107693   -0.114046 0.000920143
  -0.107626   -0.113349 0.000915604
  -0.108027   -0.112455 0.000941565
   -0.10769   -0.111751 0.000934739
  -0.108262   -0.110868 0.000946435
  -0.108985   -0.110112 0.000937725
  -0.108517   -0.109293 0.000965317
 -0.110142  -0.108447 0.00095666
 -0.109706  -0.107657 0.00097786
   -0.11147   -0.106737 0.000969108
 -0.112125   -0.10588 0.00102652
 -0.112614  -0.105161 0.00100998
 -0.113009    -0.1041 0.00102809
 -0.113337  -0.103272 0.00103736
-0.113709 -0.102367  0.001042
 -0.114316  -0.101533 0.00104038
 -0.114095  -0.100665 0.00105823
 -0.114923 -0.0998527 0.00104596
 -0.114763 -0.0989512 0.00106483
 -0.115762 -0.0981651 0.00103626
 -0.115425 -0.0971705 0.00105502
 -0.115709 -0.0964329 0.00106274
 -0.116644 -0.0953264 0.00106381
 -0.116283 -0.0947229 0.00107282
 -0.117238  -0.093583 0.00106963
-0.116391 -0.092987 0.0011023
 -0.117502 -0.0918135 0.00108708
 -0.117681 -0.0910424  0.0011134
 -0.118448 -0.0898801 0.00110657
 -0.118637 -0.0891834 0.00114219
  -0.11918 -0.0879951 0.00114527
 -0.118902 -0.0873916 0.00116455
 -0.120111 -0.0860989 0.00115659
 -0.120103 -0.0851974 0.00119918
 -0.121287 -0.0840574 0.00119603
  -0.12091 -0.0832528 0.00122694
 -0.121637 -0.0822283 0.00120743
 -0.120933 -0.0814907 0.00123262
 -0.121681 -0.0804737 0.00121142
 -0.121018 -0.0797547 0.00123896
 -0.121471 -0.0787042 0.00124708
  -0.12012 -0.0783279 0.00127605
  -0.12098 -0.0770874 0.00126427
 -0.119372 -0.0767112 0.00130036
 -0.120167 -0.0754706 0.00127282
 -0.119213 -0.0749007 0.00130769
 -0.119129 -0.0738799  0.0012758
 -0.120086 -0.0727251 0.00130853
 -0.119602 -0.0719279 0.00128275
 -0.120374 -0.0707768 0.00131749
 -0.119791 -0.0700466 0.00128673
 -0.119427 -0.0692718 0.00131488
 -0.118989 -0.0684448 0.00132252
 -0.118106 -0.0678897  0.0013363
 -0.118039 -0.0668242 0.00133364
 -0.117827 -0.0660717 0.00134048
 -0.118259  -0.064902 0.00135245
 -0.118642 -0.0638999 0.00137167
 -0.118642 -0.0628866 0.00136709
 -0.118488  -0.062041 0.00138473
 -0.118605 -0.0609644 0.00137692
  -0.11918 -0.0598356 0.00139257
 -0.119066 -0.0588708 0.00138795
 -0.119196  -0.057891 0.00139757
 -0.119177 -0.0569001 0.00138906
 -0.118568 -0.0563338 0.00139177
 -0.118107 -0.0553876  0.0013873
 -0.118305 -0.0543371 0.00140475
 -0.117457 -0.0536889  0.0014086
 -0.118777 -0.0521988 0.00139037
 -0.117423 -0.0518039 0.00140972
 -0.117863  -0.050649 0.00139453
-0.117187 -0.049971 0.0014021
 -0.117254 -0.0489466  0.0013906
 -0.115721 -0.0485741 0.00139731
 -0.116247 -0.0474304 0.00137689
 -0.115397 -0.0467002 0.00140189
  -0.11616 -0.0454299 0.00138805
 -0.115469  -0.044696 0.00140983
 -0.115586 -0.0436865 0.00139454
   -0.1149 -0.0429489 0.00140174
 -0.114751 -0.0420138 0.00139766
  -0.11436 -0.0411756 0.00139488
 -0.114237 -0.0402257 0.00140287
 -0.113517 -0.0395849 0.00139269
 -0.112985 -0.0388138 0.00139065
  -0.11266  -0.037916 0.00140607
 -0.112101 -0.0371896 0.00139105
 -0.111545 -0.0364147 0.00139782
 -0.111534 -0.0353791  0.0014149
 -0.110537 -0.0348501 0.00141102
 -0.109875 -0.0340715 0.00143818
  -0.10958 -0.0332221  0.0014107
 -0.108672 -0.0326224 0.00143821
 -0.109006 -0.0314228  0.0014134
 -0.107647  -0.031054 0.00143994
 -0.107999 -0.0298507 0.00142788
 -0.106768    -0.0294 0.00146736
 -0.106726 -0.0283942 0.00146582
 -0.105775 -0.0278391 0.00147494
 -0.105298 -0.0270642 0.00146751
 -0.104756 -0.0262372 0.00148807
 -0.104647 -0.0252761 0.00146366
  -0.10404 -0.0245124 0.00147419
 -0.103855 -0.0235885 0.00146614
 -0.102889 -0.0230335 0.00146548
  -0.10286 -0.0220016 0.00146128
  -0.10163 -0.0216104 0.00147512
 -0.101233 -0.0208057 0.00147656
 -0.100281 -0.0201985 0.00152068
-0.0997763 -0.0194348 0.00151841
-0.0995044 -0.0185035 0.00150719
-0.0990508 -0.0176728 0.00150036
-0.0986392 -0.0168607  0.0014888
-0.0985274 -0.0158884 0.00147916
-0.0971686  -0.015568 0.00146676
-0.0972096 -0.0144579 0.00147272
-0.0957819 -0.0141561 0.00148613
 -0.095956 -0.0130422 0.00147342
-0.0948142 -0.0126027 0.00147315
-0.0948701 -0.0114776 0.00146937
-0.0935672 -0.0111945 0.00146838
-0.0935439 -0.0101067 0.00147423
  -0.092946 -0.00939146  0.00146497
 -0.0929953 -0.00816584  0.00146364
-0.0919066 -0.0077337 0.00143204
 -0.0912212 -0.00713766  0.00142369
 -0.0910759 -0.00603124  0.00142556
 -0.0904631 -0.00527874  0.00143192
 -0.0896752 -0.00467524  0.00143361
 -0.0890344 -0.00400096  0.00143443
 -0.0881646 -0.00341609  0.00141576
 -0.0876076 -0.00270084  0.00142327
 -0.0867369 -0.00211969  0.00140438
  -0.086166 -0.00144169   0.0014081
  -0.0851024 -0.000994652   0.00139469
  -0.0841524 -0.000551343   0.00142244
 -0.0837883 0.000350177  0.00140997
 -0.0822879 0.000372529  0.00141141
-0.0822991  0.0015758 0.00140653
-0.0812579 0.00198558 0.00141448
-0.0813752 0.00328571 0.00141711
-0.0802325 0.00360981 0.00141438
-0.0799717 0.00459701 0.00142944
-0.0788476 0.00495836 0.00142708
-0.0793319 0.00632182 0.00143346
-0.0780392 0.00680983 0.00144731
-0.0776704 0.00743568 0.00146157
-0.0767037 0.00821426 0.00146503
-0.0757249 0.00860169 0.00149379
-0.0746055 0.00894442  0.0014742
-0.0741919 0.00976026 0.00145357
 -0.073296  0.0103153 0.00145394
  -0.07274  0.0110082 0.00143785
-0.0716709  0.0114143 0.00144038
-0.0710506  0.0119321  0.0014705
-0.0700522  0.0125282 0.00146226
-0.0698212  0.0132918  0.0014767
-0.0687707  0.0139773 0.00147353
-0.0674687  0.0140965 0.00145051
-0.0669938  0.0149496 0.00145787
-0.0658613  0.0152141 0.00145013
-0.0654049  0.0160523 0.00144681
-0.0644177  0.0164509  0.0014517
-0.0639036  0.0172332 0.00145042
-0.0629015  0.0175945 0.00146107
-0.0622142  0.0182763 0.00146253
-0.0609048   0.018388 0.00149794
 -0.060603  0.0193901 0.00149282
-0.0590496  0.0192709 0.00151017
-0.0589937  0.0205189 0.00148811
-0.0574402  0.0203773 0.00151023
-0.0572614  0.0214912 0.00149253
-0.0559594  0.0215471 0.00149276
-0.0555962  0.0225268 0.00147292
-0.0554305  0.0235923 0.00147946
-0.0536721  0.0233091 0.00146139
-0.0530519  0.0239983  0.0014918
-0.0514947  0.0237115 0.00145219
-0.0509862  0.0245795 0.00147844
-0.0498537  0.0247285 0.00147734
-0.0492893  0.0255629 0.00148819
 -0.048263  0.0258237 0.00150315
 -0.047382  0.0263378 0.00150446
-0.0466984  0.0267103  0.0015326
-0.0458211  0.0274852 0.00153127
-0.0456516  0.0284612 0.00155132
-0.0442322  0.0285916 0.00154297
 -0.043327   0.028912 0.00155758
-0.0423863  0.0293404  0.0015503
-0.0417121   0.029929 0.00155923
-0.0406764  0.0303015 0.00156246
 -0.039883  0.0307336 0.00156555
-0.038838 0.0311099 0.0015716
-0.0381488  0.0316463 0.00156264
-0.0367835  0.0317246 0.00156881
-0.0359975  0.0321157 0.00155566
-0.0344478  0.0320338 0.00157291
-0.0335649  0.0324324 0.00157498
-0.0325479  0.0328645 0.00158522
-0.0317432  0.0332743  0.0015714
-0.0310838  0.0339411  0.0015769
-0.0302382  0.0344105  0.0015705
-0.0290722  0.0347421 0.00157643
-0.0283085  0.0352599 0.00159142
-0.0275318  0.0356473 0.00160434
-0.0263881  0.0360198 0.00160335
-0.0254977  0.0362806 0.00160786
-0.0246484  0.0369623 0.00161953
-0.0231247  0.0367053  0.0016214
-0.0222474  0.0371933 0.00162108
-0.0215117  0.0377707 0.00162259
-0.0203997  0.0380017 0.00161444
-0.0197329  0.0386573 0.00162707
-0.0184104  0.0386424 0.00160478
-0.0175685  0.0391155 0.00160894
-0.0167266  0.0395998 0.00161162
-0.0157058  0.0399165 0.00162463
-0.0148583  0.0403598 0.00162766
-0.0134893  0.0403374 0.00164017
 -0.012869  0.0409968 0.00162885
-0.0115708  0.0410788 0.00163991
-0.0108555  0.0416376  0.0016485
-0.00972301   0.0419281  0.00165773
-0.00895932   0.0424199  0.00165898
-0.00800379   0.0425801  0.00167376
-0.00693463     0.04315  0.00166462
-0.00641681    0.043828   0.0016944
-0.00494905   0.0437945  0.00169597
-0.00432506   0.0443086  0.00171355
-0.00301003   0.0444949  0.00170828
-0.00240281   0.0450015  0.00170531
-0.00147149   0.0457093  0.00169591
-0.000644475    0.0459775   0.00170942
0.000322238   0.0466295  0.00170112
0.00139885  0.0465773 0.00172225
 0.0022389   0.047408 0.00171218
0.0031963 0.0475012 0.0017334
0.00429526  0.0480562 0.00173052
0.00520796  0.0481307 0.00173552
0.00593252  0.0491291 0.00173119
0.00675581  0.0492595 0.00172554
0.00765361  0.0500567 0.00173302
0.00847876   0.050202 0.00173308
0.00960939  0.0507124 0.00172912
0.0104308 0.0508428 0.0017345
 0.0114441  0.0514798 0.00172592
0.0122711 0.0516176  0.001732
 0.0132751  0.0522621 0.00172531
 0.0140164   0.052508 0.00172988
 0.0149757  0.0532344 0.00172705
0.0157282 0.0534691 0.0017274
 0.0167023  0.0541806 0.00172641
 0.0176262  0.0542477 0.00173203
 0.0185017  0.0549257 0.00172545
 0.0192691  0.0552535 0.00173162
 0.0203494  0.0557564 0.00171989
0.0212248 0.0558943 0.0017299
 0.022091 0.0566989 0.0017049
 0.0229608  0.0568479 0.00171643
 0.0239257  0.0574589 0.00170412
 0.0248011   0.057552 0.00171855
 0.0257865  0.0581481 0.00170601
 0.0266042  0.0583008 0.00171727
 0.0275858  0.0589415 0.00170633
 0.0282992  0.0592023 0.00171439
 0.0294354  0.0596419 0.00170313
  0.030214  0.0597984 0.00170994
 0.0311322   0.060413 0.00167685
 0.031976 0.0606179 0.0016735
 0.0328012  0.0613593 0.00165898
  0.033766  0.0614524 0.00165563
 0.0345819  0.0621229 0.00164105
 0.0355206  0.0623353 0.00164286
0.0363495 0.0630133 0.0016272
 0.0372399  0.0631772 0.00162822
 0.0380501  0.0638999 0.00161678
 0.0388436  0.0642836 0.00162298
 0.0396501  0.0649393 0.00161055
   0.04155  0.0639036 0.00156198
 0.0422616  0.0646822 0.00155243
 0.0435002  0.0645965 0.00151597
0.0442807 0.0652186 0.0015132
 0.0451878  0.0657923 0.00152097
 0.045985 0.0657402 0.0015013
 0.0471286  0.0664107 0.00150392
 0.0478812  0.0667125 0.00150462
 0.0489037  0.0671782 0.00150409
 0.0493266   0.067547 0.00149236
 0.0504851  0.0682883 0.00150939
 0.0513326  0.0684448 0.00150372
  0.052575  0.0685453 0.00149338
 0.0533313  0.0690073 0.00149362
 0.0545103  0.0691861 0.00148809
 0.0553504  0.0695139 0.00149385
 0.0558514  0.0704005 0.00152351
0.0567157 0.0708438 0.0015213
 0.0576321  0.0712424 0.00153695
 0.0584759  0.0716411 0.00153762
 0.0592899  0.0720732 0.00155835
 0.0599418  0.0727922 0.00156126
 0.0609644  0.0730865 0.00156551
 0.0620969  0.0732094 0.00155648
  0.063058  0.0735335 0.00155404
0.0639055 0.0741221 0.0015396
 0.0648964  0.0743866 0.00154193
 0.0658464  0.0746995 0.00153052
 0.0668671  0.0748373 0.00152715
 0.0679102  0.0751279 0.00152732
 0.0690259  0.0749417 0.00154624
 0.0701342  0.0753328 0.00154444
 0.0709072  0.0758022 0.00154467
 0.0720192  0.0759996 0.00155858
 0.0728499   0.076428 0.00155311
 0.0736713  0.0769719 0.00154781
 0.0746623  0.0772364 0.00154211
  0.075737  0.0776388 0.00155393
 0.0765398  0.0779442 0.00155556
 0.0774804  0.0784993 0.00156278
 0.0784472  0.0786073 0.00156382
 0.0793757  0.0791736 0.00156283
 0.0802707  0.0794269 0.00155847
 0.0812653  0.0799373 0.00155381
  0.082084  0.0802204 0.00154933
 0.0830116  0.0805184 0.00157471
 0.0839932  0.0808984 0.00156988
 0.0845315  0.0817627 0.00155999
 0.0854982  0.0818148 0.00157011
 0.0862824  0.0828057 0.00155644
 0.0872509  0.0831187 0.00156459
 0.0876831  0.0835285 0.00156389
 0.0890475  0.0840016 0.00156866
 0.0899685  0.0844449 0.00157699
 0.0908514  0.0848323 0.00157949
 0.0917138  0.0851639 0.00157675
 0.0926787  0.0856072 0.00157606
 0.0933977  0.0858977 0.00156878
 0.0944408  0.0863671 0.00156808
  0.095142  0.0866763 0.00155883
 0.0963407   0.087209 0.00155638
 0.0972804  0.0872426 0.00156558
 0.0984119  0.0876449 0.00156162
 0.0992194  0.0878163 0.00156174
  0.100327  0.0883043 0.00156476
  0.101198  0.0883751 0.00156907
  0.102271  0.0888929 0.00157274
   0.10304   0.089135 0.00157221
  0.104139  0.0896491 0.00157675
  0.104999  0.0898689 0.00157553
  0.106083  0.0903569 0.00157885
  0.106698   0.090953 0.00156453
  0.107908  0.0913404 0.00156925
  0.108463  0.0920072 0.00155068
  0.109771  0.0921637 0.00155644
  0.110341  0.0929087 0.00153601
 0.111881 0.0926517   0.00152
  0.112675  0.0930913 0.00151319
 0.114012 0.0930391 0.0015072
 0.114821 0.0934414 0.0015019
  0.116329  0.0934079 0.00150178
   0.11661  0.0943579 0.00147914
  0.118116  0.0946298 0.00148682
  0.118457  0.0952482 0.00146446
  0.120076  0.0951774 0.00145363
  0.121439  0.0949316 0.00144798
  0.122608  0.0950657 0.00141823
  0.12346 0.0954084 0.0014205
  0.124587  0.0956654 0.00139623
  0.125476  0.0960343 0.00140612
  0.126603  0.0963211 0.00138883
  0.127316  0.0968762 0.00140903
  0.128429  0.0972114 0.00138435
  0.129186  0.0976436 0.00141054
  0.130338  0.0979751 0.00139156
  0.131074  0.0981688 0.00141648
   0.13228   0.098642 0.00139145
   0.13312  0.0986345 0.00141665
  0.134395  0.0990592 0.00139727
  0.134965  0.0994205 0.00141595
  0.136318  0.0998005 0.00139942
  0.136938    0.10008 0.00141677
  0.138205   0.100549 0.00139919
  0.139032   0.100713 0.00140448
   0.14017   0.101183 0.00137654
  0.141179   0.101101 0.00140751
  0.142362   0.101518 0.00138172
  0.143544   0.101071 0.00138754
   0.14472   0.101604 0.00136664
  0.145846   0.101518 0.00140063
 0.146952  0.102034 0.0013763
    0.1477   0.102181 0.00140954
   0.14892   0.102805 0.00139056
  0.149648   0.102937 0.00141879
   0.15088   0.103597 0.00140058
  0.151622   0.103686 0.00142572
   0.15288   0.104358 0.00140541
  0.153837   0.104124 0.00143742
  0.155051     0.1048 0.00141856
  0.156081   0.105098 0.00143574
   0.15695   0.105724 0.00140995
  0.158163   0.105686 0.00143777
  0.159113    0.10635 0.00140989
  0.160167   0.106452 0.00143422
  0.160909   0.107305 0.00141851
  0.162057   0.107098 0.00145128
  0.163069   0.107836 0.00141886
  0.164142   0.107974 0.00143673
  0.164978   0.108797 0.00141863
 0.166263  0.108546 0.0014429
  0.167247   0.109246 0.00141578
  0.168251   0.109166 0.00144389
  0.169142   0.109999 0.00141671
 0.170349  0.109866 0.0014503
  0.171295   0.110552 0.00141962
  0.172078   0.110984 0.00143668
  0.173249   0.111457 0.00139908
  0.173943   0.111625 0.00141782
  0.175063   0.112338 0.00139099
  0.176004   0.112465 0.00141846
  0.176974   0.113199 0.00139454
 0.177358  0.113927 0.0014063
  0.178097   0.114847 0.00139262
  0.179147   0.115011 0.00142184
  0.179981   0.115843 0.00139879
  0.180774   0.115871 0.00141334
  0.181988   0.117103 0.00140275
  0.18243  0.117382 0.0014162
  0.183552   0.118548 0.00140654
 0.183465  0.119861 0.0013747
  0.184581   0.120394 0.00136364
  0.184749   0.121441 0.00134839
  0.186083   0.121882 0.00133687
 0.186318  0.122903 0.0013357
  0.187806    0.12311 0.00132907
  0.188192   0.123795 0.00131173
  0.189671   0.123907 0.00129444
  0.190147   0.124242 0.00131365
  0.191319   0.124246 0.00129211
  0.191803   0.124678 0.00131167
  0.193785   0.125296 0.00126086
  0.194038   0.126004 0.00128094
  0.195527   0.126548 0.00124869
  0.196086   0.127355 0.00126581
 0.197482  0.127431 0.0012271
  0.198811   0.127468 0.00127739
 0.199635  0.127776 0.0012441
  0.200752   0.128033 0.00127978
   0.20133   0.128776 0.00126349
  0.201198   0.130063 0.00123549
  0.202396   0.129979 0.00123241
  0.202787   0.132155 0.00119842
  0.203548   0.132201 0.00114737
  0.205212   0.132756 0.00117065
  0.205562   0.133004 0.00113113
   0.20658   0.133434 0.00114068
  0.207805    0.13409 0.00113265
  0.208971   0.134349 0.00114423
  0.210001   0.134878 0.00113131
  0.211007   0.135262 0.00114191
   0.21182   0.135999 0.00111694
  0.212852   0.136357 0.00113224
  0.213738   0.137022 0.00111024
  0.215183   0.137344 0.00110692
  0.215789   0.137953 0.00109162
  0.217238    0.13827 0.00109034
  0.217884   0.138851 0.00107369
  0.219307   0.139114 0.00107037
  0.219922   0.139795 0.00104703
  0.221028   0.140361 0.00108702
  0.221694   0.141339 0.00107171
  0.222902   0.141596 0.00107031
  0.223636   0.142489 0.00104901
  0.224638   0.142926 0.00104604
  0.225512   0.143705 0.00102374
  0.226473   0.144076 0.00101216
   0.227277    0.145003 0.000991956
   0.228437    0.145324 0.000946263
   0.228963    0.146139 0.000919661
   0.230264    0.146423 0.000898239
   0.230971    0.147127 0.000878565
   0.232071    0.147991 0.000894164
   0.232805    0.148207 0.000848353
   0.234082    0.149144 0.000869191
   0.234468    0.149647 0.000825652
   0.236019    0.150342 0.000860399
   0.236773    0.150608 0.000811272
   0.237727     0.15175 0.000816278
   0.238463    0.151962 0.000773143
   0.239764     0.15294 0.000795667
   0.240027    0.153357 0.000729365
   0.241348    0.154318 0.000749908
  0.241689   0.154709 0.00068966
   0.243052    0.155685 0.000712241
   0.243051      0.1562 0.000671208
  0.243644   0.157699 0.00064804
   0.244512    0.157749 0.000629585
   0.244951    0.159278 0.000601352
   0.244875    0.160232 0.000599079
   0.246356    0.161178 0.000612577
   0.246927      0.1614 0.000558673
   0.247917    0.162626 0.000564608
   0.247964    0.163099 0.000494526
   0.249463    0.163857 0.000528109
   0.250257    0.164084 0.000496093
    0.25086    0.165021 0.000484801
   0.251278    0.165254 0.000463266
   0.251785    0.166213 0.000443768
   0.251934    0.166613 0.000417982
   0.252496    0.167534 0.000402092
   0.252828     0.16775 0.000381023
   0.255397    0.169213 0.000420018
   0.256617    0.170352 0.000405814
   0.256453    0.171585 0.000367981
    0.25679    0.172408 0.000331894
   0.258118    0.173032 0.000348656
   0.258205     0.17346 0.000317342
   0.258753    0.174274 0.000306344
   0.259262    0.175462 0.000271014
  0.259917   0.176187 0.00025757
   0.260301    0.176883 0.000226254
    0.26056    0.177615 0.000212983
   0.260748    0.178516 0.000170785
   0.262195    0.179087 0.000191273
   0.262223    0.180162 0.000153435
   0.263438     0.18067 0.000171945
   0.262501    0.181691 0.000100234
   0.265179    0.181686 8.13713e-05
   0.264723    0.182432 3.52138e-05
   0.265341     0.18384 6.10567e-05
   0.266112    0.184606 6.66417e-05
   0.266414    0.185838 8.68381e-05
   0.267316    0.186177 7.25772e-05
   0.267647    0.187384 8.59655e-05
   0.268038    0.187483 6.89127e-05
   0.269484    0.188751 7.22305e-05
  0.270151   0.188239 6.3267e-05
   0.270426    0.189282 4.24305e-05
   0.270043    0.189456 2.15659e-06
   0.271261    0.191328 2.91356e-06
    0.271924     0.190798 -2.72378e-05
    0.273108     0.192286 -2.47345e-05
    0.273112     0.191689 -3.49775e-05
    0.274019     0.193357 -5.36617e-05
    0.273263     0.193254 -6.97843e-05
    0.273729     0.194523 -6.48383e-05
    0.273908     0.195063 -8.20686e-05
    0.274012      0.19633 -0.000137074
    0.274435     0.196594 -0.000119553
    0.274232     0.197736 -0.000175317
    0.275101      0.19777 -0.000166411
    0.275046     0.198796 -0.000199647
     0.27659      0.19872 -0.000218914
     0.27648     0.200167 -0.000227878
    0.277262     0.200421 -0.000233757
    0.276793     0.201541 -0.000256109
    0.277432     0.201932 -0.000223514
    0.277365     0.202909 -0.000265948
    0.278139     0.203116 -0.000245809
    0.278413     0.204464 -0.000260361
    0.279466     0.203713 -0.000300059
    0.279799     0.205133 -0.000315019
     0.27973     0.205393 -0.000296394
    0.280406      0.20655 -0.000332251
    0.280376     0.206534 -0.000340342
   0.281081    0.208022 -0.00035536
    0.281136     0.208163 -0.000375441
   0.281297    0.209632 -0.00037841
    0.280943     0.209199 -0.000387723
    0.281393     0.210678 -0.000393893
    0.280034     0.210284 -0.000389585
   0.280861    0.211396 -0.00040926
    0.278693     0.212674 -0.000373811
    0.279751     0.213224 -0.000393776
    0.279315     0.213607 -0.000410016
    0.280231      0.21445 -0.000391855
    0.279382     0.214875 -0.000409608
    0.279918     0.216375 -0.000404369
    0.278447     0.216521 -0.000409084
    0.279218     0.217937 -0.000407687
    0.278085     0.217759 -0.000419212
   0.278953    0.219187 -0.00040821
    0.278182     0.218945 -0.000418455
    0.278607      0.22029 -0.000406697
    0.277758     0.220024 -0.000414205
    0.278506     0.221043 -0.000382249
    0.277877     0.220529 -0.000395812
    0.278607     0.221358 -0.000375439
    0.278186      0.22138 -0.000392145
    0.278935     0.222265 -0.000357162
     0.27854     0.221882 -0.000383646
    0.279319     0.222555 -0.000366242
    0.277154     0.223018 -0.000314496
       0.278     0.223513 -0.000301224
    0.277545     0.223909 -0.000320608
    0.278089     0.224115 -0.000294764
    0.278592     0.224641 -0.000340108
    0.278272     0.224405 -0.000302273
    0.277586     0.224123 -0.000320259
    0.278689     0.225051 -0.000302622
    0.277806     0.224605 -0.000314496
    0.278946     0.225599 -0.000297849
    0.278108     0.225418 -0.000306289
    0.279169     0.226435 -0.000286557
    0.278052     0.228091 -0.000259258
    0.278637     0.227957 -0.000236849
    0.277717     0.229237 -0.000222588
    0.278432     0.229492 -0.000201808
    0.277802     0.230376 -0.000208619
    0.278436     0.230586 -0.000191332
    0.277419       0.2317 -0.000177013
    0.277776     0.231497 -0.000148666
   0.277333    0.232097 -0.00013947
    0.277828     0.232435 -0.000113277
    0.278197     0.232809 -0.000128179
     0.27832     0.233542 -0.000108565
    0.277564     0.234304 -9.17436e-05
    0.277586     0.235595 -8.52838e-05
    0.278424     0.235664 -0.000109965
    0.279162      0.23621 -9.72773e-05
    0.276722      0.23566 -6.18191e-06
    0.27778    0.236063 1.00573e-05
   0.277519    0.236359 2.05918e-05
  0.277873   0.236833 4.8473e-05
  0.277963   0.237412 5.2954e-05
   0.278331    0.237981 8.13002e-05
  0.277832   0.238539 8.4849e-05
   0.277631    0.237688 0.000166689
   0.277434    0.238784 0.000144977
   0.278231    0.239513 0.000158306
   0.278253    0.239887 0.000148702
   0.278886    0.240581 0.000169074
  0.277102   0.241266 0.00020202
   0.277419    0.240201 0.000272744
   0.276301    0.241125 0.000290031
   0.276763    0.241403 0.000311858
    0.27705    0.241813 0.000302776
   0.277571    0.242078 0.000326116
   0.276424    0.242465 0.000359061
   0.277657    0.242637 0.000373205
   0.276878    0.243449 0.000366046
   0.277944    0.244265 0.000371806
   0.277977    0.244425 0.000364064
   0.277884    0.245027 0.000397767
   0.277389    0.245477 0.000400095
    0.27772    0.246082 0.000408187
   0.278085    0.245861 0.000430657
   0.277959    0.246339 0.000460284
  0.278123   0.246161 0.00047565
   0.278641    0.246785 0.000486068
   0.278313    0.246868 0.000501551
   0.278547    0.247973 0.000497944
    0.27838    0.247312 0.000537117
    0.27895    0.248166 0.000547711
   0.279177    0.248749 0.000523557
   0.279471      0.2487 0.000575945
   0.279691    0.248818 0.000569836
   0.279687    0.249309 0.000605984
   0.279333    0.248626 0.000631598
   0.279799    0.249483 0.000642773
   0.280127    0.250153 0.000612738
   0.280414    0.251092 0.000630142
   0.279754    0.250529 0.000643939
  0.280298    0.25155 0.00065267
   0.280339     0.25133 0.000656453
   0.28041   0.250569 0.00074039
  0.280712   0.250598 0.00073358
   0.280362    0.250999 0.000761114
   0.280466    0.250779 0.000767752
    0.28063    0.250759 0.000811527
   0.280589    0.251653 0.000769912
   0.280607    0.252122 0.000803731
   0.280809    0.251152 0.000840811
   0.280965    0.252072 0.000858679
   0.280231    0.252288 0.000828586
   0.280809    0.253053 0.000855304
   0.280395    0.252888 0.000836213
   0.280574    0.253439 0.000860605
   0.280552    0.253336 0.000850537
   0.280954    0.254391 0.000865029
   0.279739    0.254169 0.000884239
    0.27997    0.255018 0.000890641
   0.279434    0.254653 0.000888664
   0.280164    0.254864 0.000932261
  0.278942   0.254648 0.00090543
   0.279278    0.255033 0.000938437
   0.278078    0.254933 0.000916145
   0.278905    0.255784 0.000940417
   0.278078    0.255158 0.000949093
    0.27892    0.255946 0.000975403
   0.278145    0.255825 0.000956024
   0.278771    0.256443 0.000989493
   0.277303    0.255864 0.000992812
  0.278167    0.25709 0.00101149
   0.277109     0.25695 0.000957013
   0.277735    0.256849 0.000999153
    0.27667    0.256693 0.000933904
   0.277862     0.25663 0.000984717
   0.277296    0.256531 0.000937685
   0.277393    0.256833 0.000975927
    0.27667    0.256196 0.000941468
   0.277005    0.256326 0.000970628
   0.276998    0.256399 0.000952351
   0.277162    0.256849 0.000990303
   0.276595    0.256648 0.000979943
  0.277817   0.257233 0.00104129
  0.276752   0.256479 0.00103256
  0.277124   0.257226 0.00104205
  0.276767   0.257427 0.00104938
 0.277042  0.258258 0.0010967
  0.277109   0.257883 0.00105445
  0.276126   0.258356 0.00111201
  0.276864   0.258358 0.00109298
  0.276722   0.257164 0.00103838
  0.277095   0.258122 0.00106219
  0.277385   0.257403 0.00103908
  0.277437   0.257358 0.00105008
  0.276789   0.256669 0.00106323
  0.277176   0.257492 0.00108215
 0.277765  0.257324 0.0010942
  0.277266    0.25712 0.00111399
  0.277616   0.258606 0.00113308
 0.277273  0.258159 0.0011552
  0.276782   0.258751 0.00122895
   0.27734   0.258196 0.00115672
  0.276476   0.258602 0.00119717
  0.275902   0.257552 0.00113576
  0.275806   0.257507 0.00116667
  0.275575    0.25652 0.00113075
  0.275686   0.257488 0.00118524
  0.275768   0.257578 0.00117621
  0.275351    0.25747 0.00121387
  0.276223   0.257984 0.00116894
  0.276156   0.258461 0.00123157
 0.276498  0.258468 0.0012027
  0.276498   0.258524 0.00122441
  0.276536     0.2583 0.00121958
  0.276558   0.258651 0.00125019
  0.276677   0.258498 0.00124129
  0.276454   0.258338 0.00127464
  0.277176   0.257768 0.00124746
  0.276901   0.257574 0.00128192
  0.277407   0.257324 0.00124909
  0.277385   0.257939 0.00130456
  0.277847   0.256624 0.00125159
   0.27813   0.256199 0.00129361
  0.278339   0.255872 0.00127022
  0.278577   0.255581 0.00130665
  0.278905   0.255443 0.00129076
  0.278749   0.255395 0.00130788
  0.279032   0.255637 0.00129926
  0.278808   0.254802 0.00129653
  0.279151   0.254706 0.00129449
  0.27892  0.254601 0.0013357
  0.279173   0.255611 0.00134187
   0.27895   0.255022 0.00138547
  0.279814   0.255287 0.00134303
  0.279441   0.254605 0.00137883
  0.280276    0.25459 0.00134397
  0.279874   0.253584 0.00139594
  0.280544   0.254568 0.00135694
   0.28111   0.256121 0.00132225
   0.28114   0.255119 0.00135473
  0.280842   0.254359 0.00140572
  0.280552   0.253528 0.00145968
  0.280865   0.253987 0.00144903
  0.280961   0.253912 0.00145776
  0.280932   0.253316 0.00149082
  0.281572   0.252861 0.00142662
  0.281855   0.253025 0.00143803
   0.28196   0.253621 0.00144193
  0.282504   0.254575 0.00140002
 0.282563    0.2538 0.0014332
  0.282824    0.25389 0.00143622
  0.282973   0.253633 0.00142673
  0.283256   0.252116 0.00145828
  0.283278   0.252686 0.00145508
  0.283956   0.253078 0.00141963
  0.283845    0.25237 0.00146154
  0.283994   0.252116 0.00147923
   0.28412    0.25126 0.00150287
   0.28462   0.252068 0.00147219
  0.284553   0.251323 0.00150502
  0.284821   0.251599 0.00151823
  0.284955   0.250336 0.00152871
   0.28532   0.250339 0.00153279
  0.285439   0.250075 0.00153593
  0.285752   0.250079 0.00154175
  0.286333   0.248775 0.00150345
  0.286579   0.248853 0.00151142
  0.286862   0.248391 0.00150193
 0.287279  0.246953 0.0015173
  0.287451   0.246871 0.00152615
  0.287652   0.247031 0.00152376
  0.287853   0.246443 0.00154507
  0.288084   0.247382 0.00150892
  0.288531   0.246614 0.00148127
   0.28871   0.246651 0.00148936
   0.28947   0.245485 0.00142434
  0.289589   0.245344 0.00142981
  0.290185   0.244275 0.00140217
  0.290289   0.244282 0.00140386
 0.290453  0.244249 0.0014123
  0.290669   0.244159 0.00140368
 0.291049  0.243884 0.0013804
  0.291295    0.24334 0.00136427
  0.291556   0.243172 0.00136608
  0.291832   0.242572 0.00135159
  0.292048   0.242513 0.00135723
  0.292107   0.242472 0.00136352
  0.292398   0.241946 0.00135199
 0.292443  0.242658 0.0013283
  0.292778   0.241511 0.00133226
  0.292897   0.241991 0.00132015
   0.29324   0.240926 0.00131503
  0.293434   0.240903 0.00131916
 0.293866  0.239938 0.0012939
  0.293918   0.239875 0.00129919
  0.294104   0.239931 0.00128965
  0.294305   0.239369 0.00129273
  0.294469   0.239402 0.00129296
    0.2947   0.238821 0.00128289
   0.29479   0.238754 0.00127579
  0.295058     0.2378 0.00125001
  0.295185   0.237714 0.00124797
  0.295438   0.236791 0.00122125
  0.295579   0.236742 0.00121939
  0.295624   0.236232 0.00120484
  0.295982   0.236314 0.00121374
  0.295974   0.236619 0.00123377
  0.296347   0.235368 0.00119343
  0.296324   0.235479 0.00120292
0.296742 0.234485 0.001173
  0.296652   0.234395 0.00117253
 0.297211  0.233252 0.0011496
  0.297017   0.233401 0.00114069
 0.297479  0.232898 0.0011411
  0.297286   0.232577 0.00112084
  0.297867   0.232138 0.00110344
  0.297703   0.231732 0.00109442
   0.29815   0.231482 0.00108726
  0.297785   0.231415 0.00105926
  0.298239   0.230879 0.00107206
  0.298157   0.230223 0.00105716
 0.298619  0.229947 0.0010539
  0.298366   0.229627 0.00104505
  0.298761   0.229359 0.00104587
    0.29844    0.226833 0.000949246
   0.298761    0.226825 0.000955999
   0.298552    0.225969 0.000929224
   0.298925    0.225753 0.000923055
   0.298776    0.225298 0.000918283
   0.298917    0.224344 0.000878237
   0.29885   0.223994 0.00088301
   0.299126    0.223614 0.000870787
   0.299029    0.223353 0.000878704
    0.29932    0.222936 0.000864385
   0.299312    0.222981 0.000884408
   0.299014    0.221036 0.000794303
   0.298925    0.220172 0.000783942
   0.299074    0.220202 0.000777539
   0.299051    0.219904 0.000780217
   0.299491    0.220366 0.000808274
   0.299059    0.219345 0.000770438
    0.29926    0.219256 0.000771254
    0.29885    0.218324 0.000741568
   0.299096    0.218287 0.000748785
    0.29882     0.21752 0.000731905
   0.299238    0.217803 0.000753325
   0.298955    0.217222 0.000738774
   0.299156    0.217155 0.000742266
   0.298664    0.216164 0.000704432
   0.299059    0.216305 0.000722011
   0.298679    0.215672 0.000699893
   0.298887    0.215538 0.000702104
    0.29882    0.214942 0.000704082
   0.29894   0.214905 0.00070548
   0.299022    0.214331 0.000717472
   0.299148    0.214256 0.000718404
   0.298843    0.213854 0.000703969
   0.299036    0.213832 0.000716543
   0.298917    0.213593 0.000712119
   0.299059    0.213362 0.000718638
    0.29891    0.213139 0.000713748
   0.299074    0.212789 0.000721782
    0.29888    0.212498 0.000712819
   0.299014    0.212215 0.000718174
   0.298843    0.211962 0.000713634
   0.299156    0.211447 0.000724461
   0.298917    0.211291 0.000720154
  0.299059    0.21103 0.00072481
    0.29818    0.210069 0.000674752
   0.298679    0.210114 0.000700831
   0.297561    0.208996 0.000641809
   0.297859    0.208899 0.000653917
   0.296995    0.208125 0.000612706
    0.29698      0.2077 0.000605837
   0.296771    0.207439 0.000602928
    0.29695    0.207208 0.000609796
   0.296816    0.206925 0.000616083
    0.29707    0.206739 0.000624466
   0.296861    0.206381 0.000623534
   0.297576    0.206463 0.000655434
   0.297144    0.206023 0.000642628
   0.297889    0.206105 0.000673013
   0.297546    0.205725 0.000665913
   0.298083    0.205688 0.000690479
   0.298083    0.205412 0.000699559
    0.29774    0.204891 0.000683493
    0.29844     0.20501 0.000725286
   0.298604     0.20472 0.000731572
   0.298977    0.204712 0.000757534
   0.299185    0.204444 0.000766847
  0.299409    0.20434 0.00078687
 0.299171   0.20393 0.0007793
    0.29932    0.203803 0.000796761
   0.298455    0.203334 0.000773824
   0.298992    0.203088 0.000797107
   0.298098    0.202693 0.000775453
   0.298724    0.202447 0.000797689
   0.298187    0.202127 0.000790471
   0.297859     0.20165 0.000781623
  0.297487   0.201426 0.00078069
   0.298381    0.201188 0.000808979
   0.298396    0.200994 0.000819573
  0.298023   0.200637 0.00080793
   0.299305    0.200368 0.000845415
   0.300035    0.200398 0.000878359
   0.300243    0.199921 0.000883014
   0.300407    0.199765 0.000894537
   0.300348    0.199355 0.000896049
   0.300825    0.199273 0.000917935
   0.300571    0.198871 0.000915256
   0.301287    0.198811 0.000946107
   0.301212     0.19826 0.000941449
   0.301301    0.198111 0.000954603
   0.301212    0.197716 0.000955067
   0.301376      0.1975 0.000969152
  0.301301   0.197023 0.00096857
  0.302643   0.196747 0.00100571
  0.302568   0.196211 0.00100175
  0.303701   0.195824 0.00103272
  0.303581   0.195444 0.00103563
  0.304162    0.19519 0.00105821
  0.303566   0.194833 0.00105123
  0.304803   0.194319 0.00107521
  0.304714   0.193961 0.00108138
  0.304759   0.193633 0.00108603
  0.304759   0.193231 0.00109511
  0.305951   0.192799 0.00112072
  0.305891   0.192426 0.00112666
  0.305682   0.192165 0.00112677
  0.305608   0.191562 0.00113015
  0.305995   0.191316 0.00114435
  0.306249   0.190616 0.00114831
  0.306159   0.190563 0.00115984
  0.306502   0.189841 0.00116601
  0.306904    0.18955 0.00117951
  0.306338   0.189058 0.00117404
   0.30674   0.188827 0.00118999
  0.307023   0.188053 0.00119453
  0.307441   0.187762 0.00120652
  0.307456   0.187062 0.00120757
  0.308186   0.186548 0.00122224
  0.308409   0.185795 0.00122363
  0.308454   0.185363 0.00122759
  0.308409   0.184931 0.00123399
  0.308394   0.184521 0.00123655
  0.308365   0.184059 0.00124435
  0.308365    0.18353 0.00124796
  0.308439   0.183076 0.00125809
  0.308439   0.182576 0.00125832
  0.308514   0.182107 0.00126856
  0.308469    0.18163 0.00126658
  0.308588   0.181168 0.00127916
 0.308529   0.18061 0.0012759
  0.308633   0.180148 0.00128661
  0.308707   0.179492 0.00128137
  0.308648   0.179142 0.00129743
  0.308633   0.178516 0.00129219
  0.308856   0.177965 0.00130488
  0.308871   0.177309 0.00129802
   0.30899   0.176817 0.00131443
  0.308871   0.176169 0.00130745
  0.308976   0.175685 0.00132119
   0.30902   0.174887 0.00131339
  0.309378   0.174209 0.00132899
  0.309318   0.173479 0.00132247
  0.309318    0.17301 0.00133609
  0.309199   0.172339 0.00132818
  0.309333   0.171855 0.00134669
  0.309184   0.171162 0.00133656
  0.309348   0.170611 0.00134983
  0.309244   0.169806 0.00134121
 0.309288  0.169396 0.0013574
  0.309169   0.168644 0.00134704
  0.309244   0.168152 0.00135996
  0.309288   0.167198 0.00134436
  0.309378   0.166632 0.00135914
  0.309229   0.166319 0.00136811
  0.308946   0.165299 0.00135344
  0.309408   0.164725 0.00136601
  0.309169   0.163682 0.00134983
  0.309393   0.163339 0.00136764
  0.309095   0.162259 0.00135123
  0.309303   0.161938 0.00136823
   0.30899   0.160903 0.00134972
  0.309199     0.1605 0.00136834
  0.308856    0.15945 0.00134948
   0.30905   0.159018 0.00136427
  0.308737    0.15796 0.00134541
  0.308931   0.157557 0.00136311
  0.308543   0.156552 0.00134634
  0.308767   0.156008 0.00136614
  0.308499   0.154816 0.00134611
  0.308648   0.154391 0.00136625
  0.308305   0.153311 0.00134623
   0.30838    0.15296 0.00136346
  0.308037   0.151888 0.00134693
  0.308067   0.151515 0.00136195
  0.307798   0.150353 0.00134344
  0.307798   0.149995 0.00136113
   0.30753   0.148863 0.00134286
   0.30753    0.14852 0.00135822
  0.307322   0.147268 0.00133412
  0.307277   0.146933 0.00134996
  0.306979   0.145718 0.00132784
0.306964 0.145398 0.001346
  0.306725   0.144169 0.00131922
  0.306606   0.143804 0.00133587
  0.306413   0.142455 0.00130467
  0.306293    0.14212 0.00131899
  0.306129   0.140764 0.00129373
   0.30598   0.140525 0.00131154
  0.305757   0.139311 0.00128919
  0.305638    0.13876 0.00128965
  0.305355   0.137791 0.00128663
  0.305206   0.137284 0.00128942
  0.304788   0.136502 0.00128639
  0.304654   0.135913 0.00128709
  0.304311   0.135049 0.00128011
  0.304133   0.134528 0.00128465
   0.30376   0.133716 0.00128232
  0.303537   0.133172 0.00128709
  0.303239   0.132248 0.00128116
   0.30297   0.131786 0.00128337
  0.302568   0.130981 0.00128127
   0.30224   0.130482 0.00128279
  0.301868   0.129633 0.00127778
  0.301599   0.129074 0.00127813
  0.301287   0.128187 0.00127545
  0.301018   0.127628 0.00127941
  0.300899   0.126429 0.00126555
  0.300497   0.125863 0.00126392
  0.300482   0.124633 0.00125286
   0.30008    0.12403 0.00124716
  0.299752   0.123441 0.00125613
  0.299275   0.122853 0.00124844
  0.299111   0.122003 0.00125229
  0.298589   0.121377 0.00124029
  0.298083   0.121117 0.00125415
  0.297725   0.120305 0.00124344
  0.297263    0.11988 0.00125484
  0.296861   0.119135 0.00125007
  0.296459   0.118688 0.00126101
  0.295952   0.118099 0.00125973
  0.295445   0.117786 0.00127231
  0.295073     0.1169 0.00126299
 0.294641  0.116423 0.0012751
  0.294164   0.115737 0.00126893
  0.293747   0.115313 0.00127673
  0.293404   0.114381 0.00126323
  0.292882   0.114046 0.00127661
  0.292554   0.113092 0.00126229
  0.291988   0.112772 0.00127579
  0.291839   0.111423 0.00126346
  0.291288   0.111058 0.00127486
  0.291139   0.109695 0.00126089
  0.290513   0.109375 0.00127381
 0.290021  0.108898 0.0012801
   0.28941   0.108562 0.00129209
  0.289202   0.107676 0.00128056
  0.288486   0.107139 0.00128755
  0.287995   0.106812 0.00130466
  0.287473   0.106052 0.00129674
  0.286981   0.105739 0.00132003
   0.28637   0.105061 0.00131654
  0.286028   0.104345 0.00132864
  0.285402   0.103757 0.00132992
  0.285208   0.102684 0.00131991
  0.284567   0.102155 0.00132038
  0.284046   0.101805 0.00133249
  0.283524   0.101008 0.00132632
  0.282988   0.100754 0.00134692
  0.282288    0.10024 0.00135717
  0.281855  0.0997335 0.00137055
  0.281185  0.0990704 0.00137556
  0.280917  0.0981837 0.00136567
  0.280201  0.0975877 0.00137265
  0.279888  0.0967681 0.00136951
  0.279129  0.0964701 0.00138336
  0.278577  0.0961497 0.00139489
  0.278071  0.0951439 0.00139023
  0.277743  0.0942424 0.00137789
  0.276908  0.0939295 0.00139221
  0.276476  0.0933483 0.00138953
  0.275746  0.0929758 0.00140047
   0.27521  0.0926033 0.00141409
   0.27445  0.0921711 0.00142725
  0.273988  0.0916123 0.00141922
  0.273421  0.0906438 0.00141654
  0.273243  0.0895038 0.00138546
  0.272438  0.0891089 0.00140129
  0.271976  0.0884086 0.00139023
   0.27132  0.0878647 0.00140269
  0.270233  0.0884533 0.00137032
 0.269964 0.0873804 0.0013744
    0.2691  0.0873208 0.00134797
  0.268698  0.0861287 0.00134273
  0.268087  0.0861064 0.00133714
 0.267267 0.0855178 0.0013489
  0.266701  0.0853687 0.00134878
   0.26606  0.0840202 0.00133714
  0.265554  0.0839457 0.00134227
  0.264749  0.0833496 0.00135437
  0.264138  0.0832006 0.00135111
  0.263333   0.082314 0.00135193
  0.262842  0.0821575 0.00135169
  0.261888  0.0815764 0.00136275
  0.261351  0.0813007 0.00135972
  0.260562  0.0806153 0.00136799
  0.259951  0.0801235 0.00137462
  0.259444  0.0791401 0.00136589
  0.258595  0.0792146 0.00134575
  0.258088  0.0779182 0.00133982
  0.257283  0.0780448 0.00132596
  0.256836  0.0763684 0.00131304
  0.256181  0.0762716 0.00131572
  0.255465  0.0756606 0.00133458
  0.254571  0.0759587 0.00131164
  0.253901  0.0751764 0.00132713
  0.253141  0.0749677 0.00132038
   0.25253  0.0736341 0.00131502
  0.251859  0.0738501 0.00130059
   0.25098   0.073187 0.00131258
  0.250325  0.0732839 0.00129523
  0.249445  0.0725165 0.00130966
  0.24882 0.0725016 0.0012936
  0.247985   0.071682 0.00130373
  0.247404  0.0716969 0.00128568
 0.246406 0.0710562 0.0012943
 0.245854 0.0709891 0.0012787
  0.244886   0.070326 0.00129034
   0.24429  0.0703558 0.00127497
  0.243321  0.0695661 0.00128382
  0.242829  0.0694394 0.00126741
  0.241831  0.0687018 0.00127812
  0.241369  0.0684783 0.00126415
  0.240386  0.0677407 0.00127579
  0.240132  0.0671148 0.00128312
  0.239015  0.0663698 0.00129104
  0.238612  0.0655055 0.00131409
  0.237674  0.0648126 0.00132643
  0.237271  0.0636801 0.00134622
  0.236347   0.063166 0.00135833
  0.235766  0.0625774 0.00135053
  0.234917  0.0620112 0.00136403
  0.23444 0.0617728 0.0013383
  0.233576  0.0612289 0.00135297
  0.232697  0.0607744 0.00133213
  0.232011  0.0602826 0.00134948
  0.231042  0.0600442 0.00133446
  0.230297  0.0590235 0.00137206
 0.229597 0.0587776 0.0013567
  0.228688  0.0581294 0.00137905
  0.228047  0.0576228 0.00134343
 0.227213  0.056766 0.0013652
  0.226587  0.0563636 0.00133342
  0.225723  0.0555441 0.00135251
  0.225082  0.0552386 0.00132853
  0.224143  0.0545606 0.00134471
  0.223517  0.0542328 0.00131176
  0.222579  0.0534281 0.00132969
  0.221878  0.0533238 0.00130059
  0.220925  0.0525191 0.00131654
  0.220239  0.0524744 0.00129092
  0.219256  0.0516698 0.00130862
   0.21863    0.05126 0.00132434
  0.217587  0.0507459 0.00132981
  0.216976  0.0501648 0.00132783
  0.216007  0.0495315 0.00133435
  0.215411  0.0489801 0.00133633
  0.214383  0.0484213 0.00134308
  0.213742  0.0480115 0.00133656
  0.212818  0.0473112 0.00134774
 0.212103 0.0472441 0.0013255
   0.21109  0.0464767 0.00134518
  0.210404  0.0463724 0.00131607
 0.209615 0.0457391 0.0013255
  0.209093  0.0455528 0.00131526
  0.207663  0.0447854 0.00131782
  0.207409  0.0446215 0.00131514
   0.20647  0.0438914 0.00131712
  0.205532  0.0435337 0.00130746
   0.20431  0.0432432 0.00128569
  0.203773  0.0427067 0.00129826
 0.202775 0.0410378 0.0013404
  0.202224  0.0408739 0.00134727
  0.201032  0.0401288 0.00134762
  0.200465  0.0400171 0.00134227
  0.199229  0.0398979 0.00132259
  0.198573  0.0395328 0.00133365
  0.197366  0.0391901 0.00131654
 0.196546 0.0390559 0.0013446
  0.195578  0.0382885 0.00133563
  0.194699  0.0382587 0.00133319
   0.19373  0.0377521 0.00131002
  0.192791  0.0378564 0.00131317
  0.191972  0.0367463 0.00130071
  0.191048  0.0368431 0.00130513
  0.190139  0.0358969 0.00128593
    0.1892  0.0360012 0.00129187
  0.188455  0.0343695 0.00130409
  0.187486  0.0345707 0.00130339
  0.186682  0.0334606 0.00129164
  0.185713  0.0335202 0.00129524
  0.184864  0.0323281 0.00129327
   0.18391  0.0325665 0.00129641
  0.183046  0.0314712 0.00129292
  0.182033  0.0317022 0.00129606
  0.181004  0.0312105 0.00126428
  0.180021  0.0312403 0.00127383
 0.179082  0.030674 0.0012488
  0.178069  0.0306219 0.00126183
  0.177205  0.0299811 0.00123948
  0.176162  0.0299215 0.00125252
  0.175327  0.0291765 0.00123424
  0.174269  0.0292063 0.00124332
  0.173405  0.0284761 0.00122679
  0.172302  0.0286102 0.00123343
  0.171542  0.0274181 0.00123727
 0.170439 0.0276417 0.0012417
   0.16962  0.0266358 0.00124403
  0.168622  0.0266209 0.00125346
  0.167921  0.0256598 0.00126906
  0.166804  0.0254661 0.00126033
  0.166014  0.0248924 0.00127313
  0.164926  0.0246242 0.00126126
  0.164136  0.0234544 0.00128815
 0.163287 0.0229701 0.0012644
 0.162289 0.0222549 0.0012672
  0.161514  0.0219122 0.00124822
  0.160411  0.0214651 0.00123996
  0.159591  0.0211522 0.00123355
  0.158429  0.0201538 0.00124718
  0.157744   0.020124 0.00123518
  0.156522  0.0192523 0.00124683
  0.155821  0.0193045 0.00123681
  0.154659  0.0185221 0.00124915
 0.153974 0.0185519 0.0012339
  0.152975  0.0173673 0.00126464
  0.152126  0.0172928 0.00126406
  0.151142  0.0166818 0.00127291
  0.150174   0.016734 0.00127454
  0.149116  0.0160858 0.00127954
  0.148192  0.0159964 0.00127931
  0.146821  0.0160784 0.00124753
  0.146061  0.0161156 0.00124578
 0.144973 0.0154302 0.0012516
  0.144079  0.0154451 0.00124846
  0.142783  0.0148118 0.00124788
  0.142291  0.0142753 0.00128338
   0.14101  0.0136644 0.00128164
  0.140071  0.0139326 0.00128385
  0.139058  0.0129044 0.00130085
  0.138149  0.0129566 0.00129387
 0.136778 0.0124574 0.0012849
  0.136182  0.0121668 0.00130155
  0.134751  0.0116751 0.00129259
  0.13417 0.0114441 0.0013047
 0.132725 0.0110492 0.0012955
  0.132099  0.0107437 0.00130633
  0.131071  0.0102818 0.00131354
  0.129983  0.0100136 0.00129003
   0.12888 0.00983477 0.00129096
  0.127852 0.00998378 0.00128188
  0.126734  0.0096783 0.00128234
  0.125691   0.009574 0.00126953
  0.124767  0.0089407 0.00127058
  0.123501 0.00953674 0.00127943
  0.122532 0.00902265 0.00128583
  0.121295 0.00923872 0.00128443
  0.120401 0.00878423 0.00129025
   0.11915 0.00890344 0.00127581
    0.1183 0.00860542  0.0012892
  0.117064 0.00843406  0.0012679
  0.116184 0.00822544 0.00127965
  0.114933 0.00815093 0.00126172
  0.114039 0.00806153 0.00128396
  0.112802 0.00779331 0.00126428
  0.111878  0.0077486 0.00128046
  0.110582 0.00780821 0.00126183
  0.109777 0.00721216 0.00126951
   0.10854 0.00692904 0.00126311
  0.107676 0.00651926 0.00127615
   0.10702 0.00653416 0.00126986
  0.106096 0.00624359 0.00127883
  0.104308 0.00599772  0.0012595
  0.103429 0.00604242 0.00125321
  0.102147 0.00597537 0.00124611
  0.101149  0.0057295 0.00124262
  0.100017 0.00536442 0.00122934
  0.098899  0.0051856 0.00123248
 0.0979006 0.00500679 0.00120769
 0.0966936 0.00524521 0.00123714
 0.0957549 0.00485033 0.00122247
 0.0945628 0.00488758 0.00123341
 0.0935793 0.00456721 0.00121898
 0.0924468 0.00435114 0.00122805
 0.0914335 0.00420958 0.00121595
  0.090301 0.00430644 0.00124179
 0.0893325 0.00370294 0.00124039
 0.0881702 0.00363588 0.00124703
 0.0871867 0.00321865 0.00124074
  0.086084 0.00297278 0.00123492
 0.0853389 0.00280142   0.001227
 0.0840574 0.00263005 0.00123713
 0.0830889 0.00265986 0.00123678
 0.0817329 0.00208616 0.00123084
 0.0809431 0.00216812 0.00123003
 0.0795573 0.00207871 0.00124551
 0.0786632 0.00205636 0.00123515
  0.077337 0.00151992 0.00123329
 0.0764131 0.00161678 0.00122712
 0.0751764 0.00106543 0.00122456
 0.0741482 0.00163913 0.00119487
 0.0729859 0.00105053 0.00118975
 0.0718981 0.00115484 0.00118102
  0.0708103 0.000506639  0.00118136
  0.0698417 0.000357628  0.00116786
  0.0686347 0.000283122  0.00117554
   0.0676662 -9.68575e-05   0.00115866
    0.066638 -0.000536442   0.00120244
   0.0655651 -0.000938773   0.00117322
  0.0645816 -0.00133365  0.00121734
   0.063464 -0.00148267  0.00119382
  0.0624061 -0.00195205  0.00122665
  0.0612736 -0.00198185  0.00120256
  0.0603199 -0.00257045  0.00123958
  0.0591725 -0.00269711   0.0012156
  0.0582486 -0.00332296  0.00124633
  0.0570416 -0.00336766  0.00122992
  0.0561327 -0.00397861   0.0012553
  0.0549257 -0.00394881   0.0012461
  0.0539869 -0.00444055  0.00126054
  0.0527054 -0.00440329   0.0012624
   0.051856 -0.00496954  0.00127602
   0.050649 -0.00496209   0.0012588
  0.0497103 -0.00545382  0.00128569
 0.0484884 -0.0057742 0.00126287
  0.0475645 -0.00600517  0.00129477
  0.0463277 -0.00610203  0.00127987
  0.0453889 -0.00604987  0.00129733
  0.0441372 -0.00614673  0.00127871
   0.043124 -0.00598282  0.00130642
  0.0418723 -0.00610948  0.00128977
  0.0409037 -0.00612438   0.0013155
  0.0396371 -0.00622123  0.00129699
  0.0387132 -0.00678748  0.00131119
  0.0374615 -0.00645965  0.00128256
  0.0364929 -0.00679493  0.00129734
  0.0352114 -0.00680238  0.00128268
  0.0342727 -0.00714511  0.00129874
  0.0329912 -0.00713766  0.00128407
  0.0320375 -0.00739098  0.00129886
   0.030756 -0.00730902  0.00127965
  0.0298023 -0.00755489  0.00128512
  0.0285506 -0.00742078  0.00126696
  0.0275522 -0.00735372   0.0012878
  0.0262707 -0.00713766  0.00127872
  0.0253469 -0.00734627  0.00128768
  0.0240654 -0.00718981  0.00127732
  0.0232607 -0.00809133  0.00126382
  0.0219196 -0.00824034  0.00126138
  0.0209808 -0.00853091  0.00127756
  0.0196844 -0.00845641  0.00126976
  0.0187457 -0.00896305  0.00128338
  0.0174493 -0.00878423  0.00128152
  0.0166148 -0.00953674     0.00128
  0.0152588 -0.00945479  0.00127663
  0.0145435 -0.00993162  0.00127477
 0.0130385 -0.0100583 0.00127488
 0.0123531 -0.0102296  0.0012764
 0.0107735 -0.0101104 0.00127966
 0.00983477 -0.00941753  0.00132669
 0.00846386 -0.00944734  0.00131726
0.00756979 -0.0095889 0.00132657
 0.00625849 -0.00976026  0.00131516
 0.00530481 -0.00941008   0.0013126
0.00393391 -0.0096038   0.001297
 0.00293553 -0.00905245  0.00128454
 0.00159442 -0.00923872  0.00127302
0.000670552 -0.00874698  0.00126883
-0.000759959  -0.00883639   0.00127057
-0.00159442 -0.00888109  0.00127383
-0.00298023  -0.0089705  0.00127104
 -0.0037998 -0.00911951  0.00128652
 -0.0051856 -0.00921637  0.00127744
 -0.0063926 -0.00907481  0.00129141
-0.00749528 -0.00935793  0.00128791
-0.00864267 -0.00930577  0.00129013
-0.00976026 -0.00956654  0.00128628
 -0.0108927 -0.00972301  0.00129362
-0.0120401 -0.0096336  0.0012836
 -0.0132024 -0.00973046  0.00129047
 -0.0143647 -0.00962615  0.00128838
-0.0152737 -0.0102073  0.0012836
-0.0165999 -0.0100508 0.00127394
 -0.017494 -0.0106096 0.00125845
-0.0188351 -0.0104681 0.00124646
-0.0196546 -0.0108555  0.0012815
   -0.0211 -0.0107437 0.00127242
-0.0216961   -0.01131 0.00131736
-0.0233054 -0.0111833 0.00129699
-0.0239611  -0.011161 0.00130001
-0.0256151  -0.011228 0.00128197
-0.0262409 -0.0114664 0.00131072
-0.0278801  -0.011459 0.00129687
 -0.028491 -0.0116229 0.00129815
-0.0301599 -0.0116229  0.0012801
-0.0307113 -0.0121593 0.00129442
-0.0323504 -0.0121817 0.00127254
-0.0329465  -0.012435  0.0012964
-0.0344962  -0.012964 0.00129396
-0.0351667 -0.0132099 0.00129675
-0.0367016 -0.0136718 0.00129372
-0.0373572 -0.0139028 0.00130362
-0.0388324 -0.0145435   0.001307
-0.0396818 -0.0149384 0.00132527
-0.0410229 -0.0153854 0.00132469
-0.0419468 -0.0154674 0.00135007
-0.0432432 -0.0158176 0.00134122
-0.0441968 -0.0155568 0.00137673
-0.0455379 -0.0159219 0.00136194
 -0.046432 -0.0160858 0.00138465
-0.0477284 -0.0162944 0.00136625
-0.0485927 -0.0164285 0.00137556
-0.0499189 -0.0166744 0.00135403
-0.0510216  -0.016287 0.00133563
-0.0522882 -0.0165477 0.00132655
-0.0532418  -0.015974 0.00134727
-0.0545979 -0.0162795 0.00132655
-0.0557303 -0.0161752  0.0013439
-0.0568479 -0.0163317 0.00133295
-0.0579506 -0.0157505 0.00131409
-0.0592023 -0.0161901  0.0013028
-0.0600666 -0.0166893  0.0013404
-0.0613183 -0.0171065 0.00132899
-0.0624806 -0.0178218 0.00135659
-0.0635385 -0.0172108 0.00131549
-0.0646114 -0.0182167 0.00132212
-0.0657886 -0.0179857 0.00129896
-0.0667572   -0.01847 0.00131921
-0.0679493 -0.0183806 0.00130757
-0.0689179 -0.0187978 0.00132422
-0.0701547 -0.0189766 0.00131723
-0.0710487 -0.0194684 0.00133598
-0.0722855 -0.0193268 0.00132352
-0.0732094 -0.0200048 0.00134028
-0.0744611 -0.0200868 0.00133214
-0.0755042 -0.0196919 0.00132003
-0.0767708  -0.019826 0.00130874
-0.0779182  -0.019215 0.00127358
 -0.079155 -0.0193194 0.00126601
-0.0802576 -0.0196621  0.0012865
-0.0813901 -0.0193194  0.0012652
-0.0824481 -0.0198185 0.00128173
-0.0835359 -0.0197142 0.00125286
-0.0846386 -0.0200644 0.00125914
-0.0857711 -0.0199452 0.00125158
 -0.086844 -0.0202879 0.00125297
-0.0879764 -0.0203252 0.00125239
-0.0891089 -0.0205412 0.00125949
-0.0901818 -0.0207126  0.0012645
-0.0913441 -0.0208765  0.0012716
-0.0923872 -0.0209063 0.00127474
-0.0935495 -0.0211149 0.00127195
-0.0945926 -0.0211596 0.00127929
