-1.59252e-07  1.19091e-07  1.58781e-08
-1.58253e-07   1.2009e-07  1.58781e-08
-1.51276e-07  1.27067e-07  1.58781e-08
-1.32373e-07   1.4597e-07  1.58781e-08
-9.5635e-08 1.82708e-07 1.58781e-08
-3.51872e-08  2.43156e-07  1.58781e-08
5.48093e-08 3.33152e-07 1.58781e-08
1.80157e-07 4.58499e-07 1.58781e-08
3.46625e-07 6.24966e-07  1.5878e-08
5.59943e-07 8.38284e-07  1.5878e-08
 8.2581e-07 1.10415e-06  1.5878e-08
1.14989e-06 1.42822e-06 1.58779e-08
 1.5378e-06 1.81613e-06 1.58778e-08
1.99513e-06 2.27347e-06 1.58778e-08
2.52745e-06 2.80579e-06 1.58777e-08
3.14027e-06 3.41861e-06 1.58776e-08
3.83908e-06 4.11741e-06 1.58775e-08
4.62933e-06 4.90766e-06 1.58774e-08
5.51643e-06 5.79475e-06 1.58772e-08
6.50576e-06 6.78409e-06 1.58771e-08
7.60268e-06   7.881e-06 1.58769e-08
8.81249e-06 9.09081e-06 1.58767e-08
1.01405e-05 1.04188e-05 1.58765e-08
1.15919e-05 1.18702e-05 1.58763e-08
1.31719e-05 1.34502e-05  1.5876e-08
1.48857e-05  1.5164e-05 1.58757e-08
1.67384e-05 1.70167e-05 1.58754e-08
1.87352e-05 1.90135e-05 1.58751e-08
2.08811e-05 2.11594e-05 1.58748e-08
2.31812e-05 2.34594e-05 1.58744e-08
2.56404e-05 2.59186e-05  1.5874e-08
2.82637e-05  2.8542e-05 1.58736e-08
3.10561e-05 3.13343e-05 1.58732e-08
3.40224e-05 3.43007e-05 1.58727e-08
3.71676e-05 3.74458e-05 1.58722e-08
4.04964e-05 4.07746e-05 1.58717e-08
4.40137e-05 4.42919e-05 1.58711e-08
4.77242e-05 4.80024e-05 1.58705e-08
5.16327e-05 5.19109e-05 1.58699e-08
5.57438e-05  5.6022e-05 1.58692e-08
6.00623e-05 6.03405e-05 1.58686e-08
6.45927e-05 6.48709e-05 1.58678e-08
6.93397e-05 6.96179e-05 1.58671e-08
7.43079e-05  7.4586e-05 1.58663e-08
7.95017e-05 7.97798e-05 1.58655e-08
8.49257e-05 8.52038e-05 1.58646e-08
9.05843e-05 9.08624e-05 1.58637e-08
 9.6482e-05 9.67601e-05 1.58628e-08
0.000102623 0.000102901 1.58618e-08
0.000109012  0.00010929 1.58608e-08
0.000115653 0.000115931 1.58597e-08
0.000122551 0.000122829 1.58586e-08
 0.00012971 0.000129988 1.58575e-08
0.000137133 0.000137411 1.58563e-08
0.000144826 0.000145104 1.58551e-08
0.000152792  0.00015307 1.58538e-08
0.000161036 0.000161314 1.58525e-08
0.000169561 0.000169839 1.58512e-08
0.000178372  0.00017865 1.58498e-08
0.000187473 0.000187751 1.58483e-08
0.000196868 0.000197145 1.58468e-08
 0.00020656 0.000206838 1.58453e-08
0.000216554 0.000216832 1.58437e-08
0.000226854 0.000227132 1.58421e-08
0.000237464 0.000237741 1.58404e-08
0.000248386 0.000248664 1.58387e-08
0.000259626 0.000259904 1.58369e-08
0.000271188 0.000271465  1.5835e-08
0.000283073 0.000283351 1.58331e-08
0.000295288 0.000295565 1.58312e-08
0.000307835 0.000308112 1.58292e-08
0.000320717 0.000320995 1.58272e-08
0.000333939 0.000334217 1.58251e-08
0.000347505 0.000347782 1.58229e-08
0.000361417 0.000361694 1.58207e-08
0.000375679 0.000375957 1.58184e-08
0.000390295 0.000390573 1.58161e-08
0.000405269 0.000405546 1.58137e-08
0.000420603  0.00042088 1.58113e-08
0.000436302 0.000436579 1.58088e-08
0.000452368 0.000452645 1.58063e-08
0.000468804 0.000469082 1.58037e-08
0.000485616 0.000485893  1.5801e-08
0.000502804 0.000503081 1.57983e-08
0.000520374 0.000520651 1.57955e-08
0.000538328 0.000538605 1.57926e-08
0.000556669 0.000556946 1.57897e-08
0.000575401 0.000575677 1.57867e-08
0.000594526 0.000594802 1.57837e-08
0.000614048 0.000614324 1.57806e-08
 0.00063397 0.000634246 1.57774e-08
0.000654295 0.000654571 1.57742e-08
0.000675025 0.000675302 1.57709e-08
0.000696165 0.000696442 1.57676e-08
0.000717717 0.000717993 1.57641e-08
0.000739684  0.00073996 1.57606e-08
0.000762068 0.000762344 1.57571e-08
0.000784873  0.00078515 1.57535e-08
0.000808102 0.000808378 1.57498e-08
0.000831758 0.000832034  1.5746e-08
0.000855842 0.000856118 1.57422e-08
0.000880359 0.000880635 1.57383e-08
 0.00090531 0.000905586 1.57343e-08
0.000930699 0.000930974 1.57303e-08
0.000956527 0.000956803 1.57262e-08
0.000982799 0.000983075  1.5722e-08
 0.00100952  0.00100979 1.57178e-08
 0.00103668  0.00103696 1.57135e-08
  0.0010643  0.00106457 1.57091e-08
 0.00109237  0.00109264 1.57046e-08
 0.00112089  0.00112117 1.57001e-08
 0.00114987  0.00115015 1.56955e-08
 0.00117932  0.00117959 1.56908e-08
 0.00120922   0.0012095 1.56861e-08
  0.0012396  0.00123987 1.56813e-08
 0.00127043  0.00127071 1.56764e-08
 0.00130174  0.00130202 1.56714e-08
 0.00133353   0.0013338 1.56664e-08
 0.00136578  0.00136606 1.56612e-08
0.00139852 0.00139879 1.5656e-08
 0.00143173  0.00143201 1.56508e-08
 0.00146543   0.0014657 1.56454e-08
0.00149961 0.00149988  1.564e-08
 0.00153427  0.00153455 1.56345e-08
 0.00156942   0.0015697 1.56289e-08
 0.00160507  0.00160534 1.56232e-08
  0.0016412  0.00164148 1.56175e-08
 0.00167783  0.00167811 1.56117e-08
 0.00171496  0.00171523 1.56058e-08
 0.00175258  0.00175286 1.55998e-08
 0.00179071  0.00179098 1.55938e-08
 0.00182933  0.00182961 1.55876e-08
 0.00186846  0.00186874 1.55814e-08
  0.0019081  0.00190837 1.55751e-08
 0.00194824  0.00194852 1.55687e-08
  0.0019889  0.00198917 1.55623e-08
 0.00203006  0.00203034 1.55558e-08
 0.00207174  0.00207201 1.55491e-08
 0.00211393  0.00211421 1.55424e-08
 0.00215664  0.00215692 1.55357e-08
 0.00219987  0.00220015 1.55288e-08
 0.00224362  0.00224389 1.55218e-08
 0.00228789  0.00228817 1.55148e-08
 0.00233269  0.00233296 1.55077e-08
 0.00237801  0.00237828 1.55005e-08
 0.00242385  0.00242412 1.54932e-08
 0.00247023   0.0024705 1.54859e-08
 0.00251713   0.0025174 1.54784e-08
 0.00256456  0.00256484 1.54709e-08
 0.00261253   0.0026128 1.54633e-08
 0.00266103   0.0026613 1.54556e-08
 0.00271007  0.00271034 1.54478e-08
 0.00275964  0.00275991 1.54399e-08
0.00280975 0.00281003 1.5432e-08
 0.00286041  0.00286068 1.54239e-08
  0.0029116  0.00291187 1.54158e-08
 0.00296333   0.0029636 1.54076e-08
 0.00301561  0.00301588 1.53993e-08
 0.00306844   0.0030687 1.53909e-08
  0.0031218  0.00312207 1.53824e-08
 0.00317572  0.00317599 1.53738e-08
 0.00323018  0.00323045 1.53652e-08
  0.0032852  0.00328547 1.53565e-08
 0.00334076  0.00334103 1.53476e-08
 0.00339688  0.00339715 1.53387e-08
 0.00345355  0.00345382 1.53297e-08
 0.00351077  0.00351104 1.53206e-08
 0.00356855  0.00356882 1.53115e-08
 0.00362688  0.00362715 1.53022e-08
 0.00368577  0.00368604 1.52929e-08
 0.00374522  0.00374549 1.52834e-08
 0.00380523   0.0038055 1.52739e-08
  0.0038658  0.00386606 1.52643e-08
 0.00392692  0.00392719 1.52546e-08
 0.00398861  0.00398888 1.52448e-08
 0.00405086  0.00405113 1.52349e-08
 0.00411368  0.00411395 1.52249e-08
 0.00417706  0.00417732 1.52149e-08
   0.004241  0.00424127 1.52047e-08
 0.00430551  0.00430577 1.51945e-08
 0.00437058  0.00437085 1.51841e-08
 0.00443622  0.00443649 1.51737e-08
 0.00450243   0.0045027 1.51632e-08
 0.00456921  0.00456947 1.51526e-08
 0.00463655  0.00463682 1.51419e-08
 0.00470447  0.00470473 1.51311e-08
 0.00477295  0.00477322 1.51202e-08
 0.00484201  0.00484227 1.51093e-08
 0.00491163   0.0049119 1.50982e-08
 0.00498183  0.00498209 1.50871e-08
  0.0050526  0.00505286 1.50758e-08
 0.00512394  0.00512421 1.50645e-08
 0.00519586  0.00519612 1.50531e-08
 0.00526835  0.00526861 1.50416e-08
0.00534141 0.00534167  1.503e-08
 0.00541504  0.00541531 1.50183e-08
 0.00548925  0.00548952 1.50065e-08
 0.00556404   0.0055643 1.49946e-08
  0.0056394  0.00563966 1.49827e-08
 0.00571534   0.0057156 1.49706e-08
 0.00579185  0.00579211 1.49585e-08
 0.00586894   0.0058692 1.49462e-08
  0.0059466  0.00594686 1.49339e-08
 0.00602484   0.0060251 1.49215e-08
 0.00610366  0.00610392 1.49089e-08
 0.00618306  0.00618332 1.48963e-08
 0.00626303  0.00626329 1.48836e-08
 0.00634357  0.00634384 1.48709e-08
 0.0064247 0.00642496 1.4858e-08
 0.0065064 0.00650666 1.4845e-08
 0.00658868  0.00658894 1.48319e-08
 0.00667154   0.0066718 1.48188e-08
 0.00675497  0.00675523 1.48055e-08
 0.00683899  0.00683925 1.47922e-08
 0.00692358  0.00692383 1.47788e-08
 0.00700874    0.007009 1.47652e-08
 0.00709449  0.00709474 1.47516e-08
 0.00718081  0.00718106 1.47379e-08
  0.0072677  0.00726796 1.47241e-08
 0.00735518  0.00735544 1.47102e-08
 0.00744323  0.00744349 1.46963e-08
 0.00753186  0.00753212 1.46822e-08
0.00762106 0.00762132 1.4668e-08
 0.00771084   0.0077111 1.46538e-08
  0.0078012  0.00780146 1.46394e-08
0.00789213 0.00789239 1.4625e-08
 0.00798364   0.0079839 1.46104e-08
 0.00807572  0.00807598 1.45958e-08
 0.00816838  0.00816864 1.45811e-08
 0.00826161  0.00826187 1.45663e-08
 0.00835542  0.00835567 1.45514e-08
  0.0084498  0.00845005 1.45364e-08
 0.00854475  0.00854501 1.45213e-08
 0.00864028  0.00864053 1.45062e-08
 0.00873638  0.00873663 1.44909e-08
 0.00883305   0.0088333 1.44756e-08
 0.00893029  0.00893055 1.44601e-08
 0.00902811  0.00902836 1.44446e-08
0.00912649 0.00912675 1.4429e-08
 0.00922545   0.0092257 1.44133e-08
 0.00932497  0.00932523 1.43975e-08
 0.00942507  0.00942532 1.43816e-08
 0.00952573  0.00952598 1.43656e-08
 0.00962696  0.00962721 1.43495e-08
 0.00972876  0.00972901 1.43334e-08
 0.00983112  0.00983137 1.43171e-08
 0.00993405   0.0099343 1.43008e-08
  0.0100375   0.0100378 1.42843e-08
  0.0101416   0.0101419 1.42678e-08
  0.0102462   0.0102465 1.42512e-08
  0.0103514   0.0103517 1.42345e-08
  0.0104572   0.0104574 1.42177e-08
  0.0105635   0.0105637 1.42008e-08
  0.0106704   0.0106706 1.41838e-08
  0.0107778    0.010778 1.41668e-08
  0.0108858    0.010886 1.41496e-08
  0.0109943   0.0109946 1.41324e-08
  0.0111034   0.0111037 1.41151e-08
  0.0112131   0.0112134 1.40977e-08
  0.0113233   0.0113236 1.40802e-08
  0.0114341   0.0114343 1.40626e-08
  0.0115454   0.0115457 1.40449e-08
  0.0116573   0.0116576 1.40271e-08
  0.0117698     0.01177 1.40093e-08
  0.0118827    0.011883 1.39913e-08
  0.0119963   0.0119965 1.39733e-08
  0.0121104   0.0121106 1.39552e-08
  0.012225  0.0122252 1.3937e-08
  0.0123402   0.0123404 1.39187e-08
  0.0124559   0.0124562 1.39003e-08
  0.0125722   0.0125724 1.38819e-08
   0.012689   0.0126892 1.38633e-08
  0.0128064   0.0128066 1.38447e-08
 0.0129243  0.0129245 1.3826e-08
  0.0130427   0.0130429 1.38072e-08
  0.0131617   0.0131619 1.37883e-08
  0.0132812   0.0132814 1.37693e-08
  0.0134013   0.0134015 1.37502e-08
  0.0135219   0.0135221 1.37311e-08
   0.013643   0.0136432 1.37118e-08
  0.0137646   0.0137649 1.36925e-08
  0.0138868   0.0138871 1.36731e-08
  0.0140096   0.0140098 1.36536e-08
  0.0141328   0.0141331 1.36341e-08
  0.0142566   0.0142568 1.36144e-08
  0.0143809   0.0143811 1.35947e-08
  0.0145057    0.014506 1.35749e-08
 0.0146311  0.0146313 1.3555e-08
  0.014757  0.0147572 1.3535e-08
  0.0148834   0.0148836 1.35149e-08
  0.0150103   0.0150106 1.34947e-08
  0.0151378    0.015138 1.34745e-08
  0.0152657    0.015266 1.34542e-08
  0.0153942   0.0153944 1.34338e-08
  0.0155232   0.0155234 1.34133e-08
  0.0156527   0.0156529 1.33927e-08
  0.0157827   0.0157829 1.33721e-08
  0.0159132   0.0159135 1.33514e-08
  0.0160443   0.0160445 1.33306e-08
  0.0161758   0.0161761 1.33097e-08
  0.0163079   0.0163081 1.32887e-08
  0.0164404   0.0164407 1.32677e-08
  0.0165735   0.0165737 1.32465e-08
   0.016707   0.0167073 1.32253e-08
  0.0168411   0.0168413 1.32041e-08
  0.0169756   0.0169759 1.31827e-08
  0.0171107   0.0171109 1.31612e-08
  0.0172462   0.0172465 1.31397e-08
  0.0173823   0.0173825 1.31181e-08
  0.0175188    0.017519 1.30964e-08
  0.0176558    0.017656 1.30747e-08
  0.0177933   0.0177935 1.30529e-08
  0.0179313   0.0179315 1.30309e-08
 0.0180698    0.01807 1.3009e-08
  0.0182087    0.018209 1.29869e-08
  0.0183482   0.0183484 1.29648e-08
  0.0184881   0.0184883 1.29425e-08
  0.0186285   0.0186287 1.29202e-08
  0.0187693   0.0187696 1.28979e-08
  0.0189107   0.0189109 1.28754e-08
  0.0190525   0.0190527 1.28529e-08
  0.0191948    0.019195 1.28303e-08
  0.0193375   0.0193378 1.28077e-08
  0.0194808    0.019481 1.27849e-08
  0.0196244   0.0196247 1.27621e-08
  0.0197686   0.0197688 1.27392e-08
  0.0199132   0.0199134 1.27163e-08
  0.0200583   0.0200585 1.26932e-08
  0.0202038    0.020204 1.26701e-08
  0.0203498     0.02035 1.26469e-08
  0.0204962   0.0204964 1.26237e-08
  0.0206431   0.0206433 1.26004e-08
 0.0207904  0.0207906 1.2577e-08
  0.0209382   0.0209384 1.25535e-08
0.0210864 0.0210866 1.253e-08
  0.0212351   0.0212353 1.25064e-08
  0.0213842   0.0213844 1.24827e-08
 0.0215337  0.0215339 1.2459e-08
  0.0216837   0.0216839 1.24351e-08
  0.0218341   0.0218343 1.24113e-08
   0.021985   0.0219852 1.23873e-08
  0.0221362   0.0221365 1.23633e-08
   0.022288   0.0222882 1.23392e-08
 0.0224401  0.0224403 1.2315e-08
  0.0225927   0.0225929 1.22908e-08
  0.0227456   0.0227458 1.22665e-08
   0.022899   0.0228993 1.22422e-08
  0.0230529   0.0230531 1.22177e-08
  0.0232071   0.0232073 1.21932e-08
  0.0233618    0.023362 1.21687e-08
  0.0235168    0.023517 1.21441e-08
  0.0236723   0.0236725 1.21194e-08
  0.0238282   0.0238284 1.20946e-08
  0.0239845   0.0239847 1.20698e-08
  0.0241411   0.0241414 1.20449e-08
0.0242982 0.0242984 1.202e-08
 0.0244557  0.0244559 1.1995e-08
  0.0246136   0.0246138 1.19699e-08
  0.0247719   0.0247721 1.19448e-08
  0.0249306   0.0249308 1.19196e-08
  0.0250896   0.0250898 1.18943e-08
 0.0252491  0.0252493 1.1869e-08
  0.0254089   0.0254091 1.18436e-08
  0.0255691   0.0255693 1.18182e-08
  0.0257297   0.0257299 1.17927e-08
  0.0258907   0.0258909 1.17671e-08
   0.026052   0.0260522 1.17415e-08
  0.0262137   0.0262139 1.17159e-08
  0.0263758    0.026376 1.16901e-08
  0.0265383   0.0265385 1.16643e-08
  0.0267011   0.0267013 1.16385e-08
  0.0268643   0.0268645 1.16126e-08
  0.0270278    0.027028 1.15866e-08
  0.0271918    0.027192 1.15606e-08
   0.027356   0.0273562 1.15345e-08
  0.0275206   0.0275208 1.15083e-08
  0.0276856   0.0276858 1.14821e-08
  0.0278509   0.0278511 1.14559e-08
  0.0280166   0.0280168 1.14296e-08
  0.0281826   0.0281828 1.14032e-08
   0.028349   0.0283492 1.13768e-08
  0.0285156   0.0285158 1.13504e-08
  0.0286827   0.0286829 1.13238e-08
    0.02885   0.0288502 1.12973e-08
  0.0290177   0.0290179 1.12706e-08
 0.0291858   0.029186 1.1244e-08
  0.0293541   0.0293543 1.12172e-08
  0.0295228    0.029523 1.11904e-08
  0.0296918    0.029692 1.11636e-08
  0.0298611   0.0298613 1.11367e-08
  0.0300307   0.0300309 1.11098e-08
  0.0302007   0.0302009 1.10828e-08
  0.0303709   0.0303711 1.10558e-08
  0.0305415   0.0305417 1.10287e-08
  0.0307124   0.0307126 1.10016e-08
  0.0308835   0.0308837 1.09744e-08
   0.031055   0.0310552 1.09471e-08
  0.0312268    0.031227 1.09199e-08
  0.0313989   0.0313991 1.08926e-08
  0.0315712   0.0315714 1.08652e-08
  0.0317439   0.0317441 1.08378e-08
  0.0319168    0.031917 1.08103e-08
  0.0320901   0.0320903 1.07828e-08
  0.0322636   0.0322638 1.07553e-08
  0.0324374   0.0324376 1.07277e-08
0.0326114 0.0326116  1.07e-08
  0.0327858    0.032786 1.06723e-08
  0.0329604   0.0329606 1.06446e-08
  0.0331353   0.0331355 1.06168e-08
 0.0333104  0.0333106 1.0589e-08
  0.0334859    0.033486 1.05612e-08
  0.0336615   0.0336617 1.05333e-08
  0.0338375   0.0338376 1.05053e-08
  0.0340137   0.0340138 1.04774e-08
  0.0341901   0.0341903 1.04494e-08
  0.0343668    0.034367 1.04213e-08
  0.0345437   0.0345439 1.03932e-08
  0.0347209   0.0347211 1.03651e-08
  0.0348984   0.0348985 1.03369e-08
   0.035076   0.0350762 1.03087e-08
  0.0352539   0.0352541 1.02804e-08
  0.0354321   0.0354323 1.02522e-08
  0.0356104   0.0356106 1.02238e-08
   0.035789   0.0357892 1.01955e-08
  0.0359679    0.035968 1.01671e-08
  0.0361469   0.0361471 1.01387e-08
  0.0363262   0.0363264 1.01102e-08
  0.0365057   0.0365058 1.00817e-08
  0.0366854   0.0366855 1.00532e-08
  0.0368653   0.0368654 1.00246e-08
  0.0370454   0.0370456 9.99599e-09
  0.0372257   0.0372259 9.96736e-09
  0.0374062   0.0374064 9.93869e-09
 0.037587 0.0375871  9.91e-09
  0.0377679   0.0377681 9.88127e-09
   0.037949   0.0379492 9.85251e-09
  0.0381303   0.0381305 9.82372e-09
  0.0383118    0.038312 9.79491e-09
  0.0384935   0.0384937 9.76606e-09
  0.0386754   0.0386756 9.73718e-09
  0.0388574   0.0388576 9.70827e-09
  0.0390397   0.0390398 9.67934e-09
  0.0392221   0.0392222 9.65038e-09
  0.0394046   0.0394048 9.62139e-09
  0.0395874   0.0395875 9.59237e-09
  0.0397703   0.0397705 9.56333e-09
  0.0399534   0.0399535 9.53426e-09
  0.0401366   0.0401368 9.50517e-09
    0.04032   0.0403201 9.47605e-09
  0.0405035   0.0405037 9.44691e-09
  0.0406872   0.0406874 9.41774e-09
  0.0408711   0.0408712 9.38855e-09
   0.041055   0.0410552 9.35933e-09
 0.0412392  0.0412393 9.3301e-09
  0.0414235   0.0414236 9.30084e-09
  0.0416079    0.041608 9.27156e-09
  0.0417924   0.0417926 9.24226e-09
  0.0419771   0.0419772 9.21293e-09
  0.0421619    0.042162 9.18359e-09
  0.0423468    0.042347 9.15423e-09
  0.0425318    0.042532 9.12485e-09
   0.042717   0.0427172 9.09545e-09
  0.0429023   0.0429025 9.06603e-09
  0.0430877   0.0430879 9.03659e-09
  0.0432732   0.0432734 9.00713e-09
  0.0434588    0.043459 8.97766e-09
  0.0436445   0.0436447 8.94817e-09
  0.0438304   0.0438305 8.91867e-09
  0.0440163   0.0440164 8.88915e-09
  0.0442023   0.0442024 8.85961e-09
  0.0443884   0.0443886 8.83006e-09
 0.0445746  0.0445747 8.8005e-09
  0.0447609    0.044761 8.77092e-09
  0.0449472   0.0449474 8.74133e-09
  0.0451337   0.0451338 8.71172e-09
  0.0453202   0.0453204 8.68211e-09
  0.0455068    0.045507 8.65248e-09
  0.0456935   0.0456936 8.62284e-09
  0.0458802   0.0458804 8.59319e-09
   0.046067   0.0460672 8.56353e-09
  0.0462539   0.0462541 8.53385e-09
  0.0464408    0.046441 8.50417e-09
  0.0466278    0.046628 8.47448e-09
  0.0468149    0.046815 8.44478e-09
   0.047002   0.0470021 8.41508e-09
  0.0471891   0.0471892 8.38536e-09
  0.0473763   0.0473764 8.35564e-09
  0.0475635   0.0475637 8.32591e-09
  0.0477508   0.0477509 8.29618e-09
  0.0479381   0.0479382 8.26644e-09
  0.0481254   0.0481256 8.23669e-09
  0.0483128   0.0483129 8.20694e-09
  0.0485002   0.0485003 8.17719e-09
  0.0486876   0.0486877 8.14743e-09
   0.048875   0.0488752 8.11767e-09
  0.0490625   0.0490626 8.08791e-09
    0.04925   0.0492501 8.05814e-09
  0.0494374   0.0494376 8.02837e-09
 0.0496249  0.0496251 7.9986e-09
  0.0498124   0.0498126 7.96883e-09
  0.0499999   0.0500001 7.93906e-09
  0.0501874   0.0501876 7.90929e-09
  0.0503749   0.0503751 7.87952e-09
  0.0505624   0.0505625 7.84975e-09
  0.0507499     0.05075 7.81998e-09
  0.0509374   0.0509375 7.79021e-09
  0.0511248    0.051125 7.76045e-09
  0.0513123   0.0513124 7.73069e-09
  0.0514997   0.0514998 7.70093e-09
  0.0516871   0.0516872 7.67117e-09
  0.0518744   0.0518746 7.64142e-09
  0.0520618   0.0520619 7.61168e-09
  0.0522491   0.0522492 7.58194e-09
 0.0524363  0.0524365 7.5522e-09
  0.0526236   0.0526237 7.52248e-09
  0.0528107   0.0528109 7.49275e-09
  0.0529979    0.052998 7.46304e-09
   0.053185   0.0531851 7.43333e-09
   0.053372   0.0533721 7.40364e-09
   0.053559   0.0535591 7.37395e-09
  0.0537459   0.0537461 7.34426e-09
  0.0539328   0.0539329 7.31459e-09
  0.0541196   0.0541197 7.28493e-09
  0.0543063   0.0543065 7.25528e-09
   0.054493   0.0544931 7.22564e-09
  0.0546796   0.0546797 7.19601e-09
 0.0548661  0.0548663 7.1664e-09
  0.0550526   0.0550527 7.13679e-09
  0.055239  0.0552391 7.1072e-09
  0.0554252   0.0554254 7.07762e-09
  0.0556114   0.0556116 7.04806e-09
  0.0557976   0.0557977 7.01851e-09
  0.0559836   0.0559837 6.98897e-09
  0.0561695   0.0561696 6.95945e-09
  0.0563553   0.0563554 6.92995e-09
   0.056541   0.0565411 6.90046e-09
  0.0567266   0.0567268 6.87098e-09
  0.0569121   0.0569123 6.84153e-09
  0.0570975   0.0570977 6.81209e-09
  0.0572828   0.0572829 6.78267e-09
   0.057468   0.0574681 6.75327e-09
   0.057653   0.0576532 6.72389e-09
   0.057838   0.0578381 6.69453e-09
  0.0580228   0.0580229 6.66518e-09
  0.0582074   0.0582076 6.63586e-09
   0.058392   0.0583921 6.60656e-09
  0.0585764   0.0585765 6.57728e-09
  0.0587607   0.0587608 6.54802e-09
  0.0589448   0.0589449 6.51878e-09
  0.0591288   0.0591289 6.48957e-09
  0.0593126   0.0593127 6.46038e-09
  0.0594963   0.0594964 6.43121e-09
  0.0596799     0.05968 6.40207e-09
  0.0598632   0.0598634 6.37295e-09
  0.0600465   0.0600466 6.34386e-09
  0.0602296   0.0602297 6.31479e-09
  0.0604125   0.0604126 6.28575e-09
  0.0605952   0.0605953 6.25673e-09
  0.0607778   0.0607779 6.22774e-09
  0.0609602   0.0609603 6.19878e-09
  0.0611424   0.0611425 6.16985e-09
  0.0613245   0.0613246 6.14094e-09
  0.0615063   0.0615064 6.11206e-09
   0.061688   0.0616881 6.08321e-09
  0.0618695   0.0618696 6.05439e-09
  0.0620508   0.0620509 6.02561e-09
  0.0622319    0.062232 5.99685e-09
  0.0624129    0.062413 5.96812e-09
  0.0625936   0.0625937 5.93942e-09
  0.0627741   0.0627742 5.91076e-09
  0.0629544   0.0629546 5.88213e-09
  0.0631346   0.0631347 5.85353e-09
  0.0633145   0.0633146 5.82496e-09
  0.0634942   0.0634943 5.79643e-09
  0.0636737   0.0636738 5.76793e-09
  0.0638529    0.063853 5.73947e-09
   0.064032   0.0640321 5.71104e-09
  0.0642108   0.0642109 5.68264e-09
  0.0643894   0.0643895 5.65428e-09
  0.0645678   0.0645679 5.62596e-09
  0.0647459    0.064746 5.59768e-09
  0.0649238   0.0649239 5.56943e-09
  0.0651015   0.0651016 5.54122e-09
  0.0652789    0.065279 5.51305e-09
  0.0654561   0.0654562 5.48491e-09
   0.065633   0.0656331 5.45682e-09
  0.0658097   0.0658098 5.42876e-09
  0.0659862   0.0659863 5.40075e-09
  0.0661624   0.0661625 5.37277e-09
  0.0663383   0.0663384 5.34483e-09
   0.066514   0.0665141 5.31694e-09
  0.0666894   0.0666895 5.28909e-09
  0.0668646   0.0668646 5.26128e-09
  0.0670394   0.0670395 5.23351e-09
  0.0672141   0.0672142 5.20578e-09
 0.0673884  0.0673885 5.1781e-09
  0.0675625   0.0675626 5.15046e-09
  0.0677363   0.0677364 5.12287e-09
  0.0679098   0.0679099 5.09532e-09
   0.068083   0.0680831 5.06781e-09
  0.0682559    0.068256 5.04035e-09
  0.0684286   0.0684287 5.01294e-09
   0.068601   0.0686011 4.98557e-09
   0.068773   0.0687731 4.95825e-09
  0.0689448   0.0689449 4.93097e-09
  0.0691163   0.0691164 4.90374e-09
  0.0692875   0.0692876 4.87656e-09
  0.0694583   0.0694584 4.84943e-09
  0.0696289    0.069629 4.82235e-09
  0.0697992   0.0697993 4.79532e-09
  0.0699691   0.0699692 4.76833e-09
 0.0701387  0.0701388 4.7414e-09
  0.0703081   0.0703081 4.71451e-09
  0.0704771   0.0704771 4.68768e-09
 0.0706457  0.0706458 4.6609e-09
  0.0708141   0.0708142 4.63417e-09
  0.0709821   0.0709822 4.60749e-09
  0.0711498   0.0711499 4.58086e-09
  0.0713172   0.0713172 4.55429e-09
  0.0714842   0.0714843 4.52777e-09
 0.0716509   0.071651 4.5013e-09
  0.0718172   0.0718173 4.47489e-09
  0.0719832   0.0719833 4.44853e-09
  0.0721489    0.072149 4.42222e-09
  0.0723142   0.0723143 4.39597e-09
  0.0724792   0.0724793 4.36978e-09
  0.0726438   0.0726439 4.34364e-09
  0.0728081   0.0728082 4.31756e-09
   0.072972   0.0729721 4.29153e-09
  0.0731355   0.0731356 4.26556e-09
  0.0732987   0.0732988 4.23965e-09
 0.0734616  0.0734616 4.2138e-09
 0.073624 0.0736241 4.188e-09
  0.0737861   0.0737862 4.16227e-09
  0.0739478   0.0739479 4.13659e-09
  0.0741092   0.0741092 4.11097e-09
  0.0742701   0.0742702 4.08541e-09
  0.0744307   0.0744308 4.05991e-09
   0.074591    0.074591 4.03447e-09
  0.0747508   0.0747509 4.00909e-09
  0.0749102   0.0749103 3.98378e-09
  0.0750693   0.0750694 3.95852e-09
   0.075228    0.075228 3.93333e-09
 0.0753862  0.0753863 3.9082e-09
  0.0755441   0.0755442 3.88313e-09
  0.0757016   0.0757017 3.85812e-09
  0.0758587   0.0758588 3.83318e-09
 0.0760154  0.0760155 3.8083e-09
  0.0761717   0.0761717 3.78348e-09
  0.0763276   0.0763276 3.75873e-09
   0.076483   0.0764831 3.73405e-09
  0.0766381   0.0766382 3.70943e-09
  0.0767927   0.0767928 3.68487e-09
   0.076947    0.076947 3.66038e-09
  0.0771008   0.0771009 3.63596e-09
 0.0772542  0.0772543 3.6116e-09
  0.0774072   0.0774073 3.58731e-09
  0.0775598   0.0775598 3.56308e-09
  0.0777119    0.077712 3.53893e-09
  0.0778636   0.0778637 3.51484e-09
  0.0780149   0.0780149 3.49082e-09
  0.0781657   0.0781658 3.46687e-09
  0.0783161   0.0783162 3.44298e-09
  0.0784661   0.0784662 3.41917e-09
  0.0786157   0.0786157 3.39542e-09
  0.0787648   0.0787648 3.37175e-09
  0.0789134   0.0789135 3.34814e-09
  0.0790617   0.0790617 3.32461e-09
  0.0792094   0.0792095 3.30114e-09
  0.0793568   0.0793568 3.27775e-09
  0.0795037   0.0795037 3.25443e-09
  0.0796501   0.0796501 3.23118e-09
0.0797961 0.0797961 3.208e-09
  0.0799416   0.0799416 3.18489e-09
  0.0800867   0.0800867 3.16186e-09
 0.0802313  0.0802313 3.1389e-09
  0.0803754   0.0803755 3.11601e-09
 0.0805191  0.0805191 3.0932e-09
  0.0806623   0.0806624 3.07046e-09
  0.0808051   0.0808051 3.04779e-09
 0.0809473  0.0809474 3.0252e-09
  0.0810892   0.0810892 3.00268e-09
  0.0812305   0.0812306 2.98024e-09
  0.0813714   0.0813714 2.95787e-09
  0.0815118   0.0815118 2.93558e-09
  0.0816517   0.0816517 2.91336e-09
  0.0817911   0.0817912 2.89122e-09
  0.0819301   0.0819301 2.86916e-09
  0.0820685   0.0820686 2.84717e-09
  0.0822065   0.0822066 2.82526e-09
   0.082344   0.0823441 2.80343e-09
  0.0824811   0.0824811 2.78167e-09
0.0826176 0.0826176  2.76e-09
 0.0827536  0.0827537 2.7384e-09
  0.0828892   0.0828892 2.71688e-09
  0.0830242   0.0830243 2.69543e-09
  0.0831588   0.0831588 2.67407e-09
  0.0832928   0.0832929 2.65278e-09
  0.0834264   0.0834264 2.63158e-09
  0.0835594   0.0835595 2.61045e-09
  0.083692   0.083692 2.5894e-09
   0.083824   0.0838241 2.56844e-09
  0.0839556   0.0839556 2.54755e-09
  0.0840866   0.0840866 2.52674e-09
  0.0842171   0.0842172 2.50602e-09
  0.0843471   0.0843472 2.48538e-09
  0.0844766   0.0844767 2.46481e-09
  0.0846056   0.0846057 2.44433e-09
  0.0847341   0.0847342 2.42393e-09
  0.0848621   0.0848621 2.40361e-09
  0.0849895   0.0849896 2.38338e-09
  0.0851164   0.0851165 2.36322e-09
  0.0852429   0.0852429 2.34315e-09
  0.0853687   0.0853688 2.32317e-09
  0.0854941   0.0854941 2.30326e-09
  0.0856189    0.085619 2.28344e-09
 0.0857432  0.0857433 2.2637e-09
   0.085867   0.0858671 2.24405e-09
  0.0859903   0.0859903 2.22448e-09
   0.086113    0.086113 2.20499e-09
  0.0862352   0.0862352 2.18559e-09
  0.0863569   0.0863569 2.16627e-09
   0.086478    0.086478 2.14704e-09
  0.0865986   0.0865986 2.12789e-09
  0.0867186   0.0867187 2.10883e-09
  0.0868382   0.0868382 2.08985e-09
  0.0869571   0.0869572 2.07096e-09
  0.0870756   0.0870756 2.05215e-09
  0.0871935   0.0871935 2.03343e-09
 0.0873108  0.0873109 2.0148e-09
  0.0874277   0.0874277 1.99625e-09
  0.0875439    0.087544 1.97779e-09
  0.0876597   0.0876597 1.95941e-09
  0.0877748   0.0877749 1.94112e-09
  0.0878895   0.0878895 1.92292e-09
  0.0880036   0.0880036 1.90481e-09
  0.0881171   0.0881171 1.88678e-09
  0.0882301   0.0882301 1.86884e-09
  0.0883425   0.0883426 1.85098e-09
  0.0884544   0.0884544 1.83322e-09
  0.0885657   0.0885658 1.81554e-09
  0.0886765   0.0886765 1.79795e-09
  0.0887867   0.0887868 1.78045e-09
  0.0888964   0.0888964 1.76304e-09
  0.0890055   0.0890055 1.74572e-09
  0.0891141   0.0891141 1.72848e-09
  0.0892221   0.0892221 1.71133e-09
  0.0893295   0.0893295 1.69427e-09
 0.0894364  0.0894364 1.6773e-09
  0.0895427   0.0895427 1.66042e-09
  0.0896484   0.0896484 1.64363e-09
  0.0897536   0.0897536 1.62693e-09
  0.0898582   0.0898583 1.61032e-09
 0.0899623  0.0899623 1.5938e-09
  0.0900658   0.0900658 1.57736e-09
  0.0901687   0.0901687 1.56102e-09
  0.0902711   0.0902711 1.54477e-09
 0.0903729  0.0903729 1.5286e-09
  0.0904741   0.0904741 1.51253e-09
  0.0905748   0.0905748 1.49655e-09
  0.0906749   0.0906749 1.48065e-09
  0.0907744   0.0907744 1.46485e-09
  0.0908733   0.0908734 1.44914e-09
  0.0909717   0.0909718 1.43352e-09
  0.0910695   0.0910696 1.41799e-09
  0.0911668   0.0911668 1.40255e-09
 0.0912635  0.0912635 1.3872e-09
  0.0913596   0.0913596 1.37194e-09
  0.0914551   0.0914551 1.35677e-09
    0.09155   0.0915501 1.34169e-09
  0.0916444   0.0916444 1.32671e-09
  0.0917382   0.0917383 1.31181e-09
  0.0918315   0.0918315 1.29701e-09
 0.0919241  0.0919241 1.2823e-09
  0.0920162   0.0920162 1.26768e-09
  0.0921077   0.0921077 1.25315e-09
  0.0921986   0.0921987 1.23871e-09
   0.092289    0.092289 1.22436e-09
 0.0923788  0.0923788 1.2101e-09
   0.092468    0.092468 1.19594e-09
  0.0925566   0.0925566 1.18187e-09
  0.0926447   0.0926447 1.16789e-09
0.0927321 0.0927322 1.154e-09
  0.092819  0.0928191 1.1402e-09
  0.0929054   0.0929054 1.12649e-09
  0.0929911   0.0929911 1.11288e-09
  0.0930763   0.0930763 1.09936e-09
  0.0931609   0.0931609 1.08593e-09
  0.0932449   0.0932449 1.07259e-09
  0.0933283   0.0933283 1.05934e-09
  0.0934112   0.0934112 1.04618e-09
  0.0934934   0.0934935 1.03312e-09
  0.0935751   0.0935752 1.02015e-09
  0.0936563   0.0936563 1.00726e-09
  0.0937368   0.0937368 9.94474e-10
  0.0938168   0.0938168 9.81777e-10
 0.0938962  0.0938962 9.6917e-10
   0.093975    0.093975 9.56656e-10
  0.0940532   0.0940533 9.44232e-10
  0.0941309   0.0941309 9.31901e-10
   0.094208    0.094208 9.19661e-10
  0.0942845   0.0942845 9.07512e-10
  0.0943604   0.0943605 8.95455e-10
  0.0944358   0.0944358 8.83489e-10
  0.0945106   0.0945106 8.71614e-10
  0.0945848   0.0945848 8.59831e-10
  0.0946584   0.0946584 8.48139e-10
  0.0947315   0.0947315 8.36538e-10
   0.094804    0.094804 8.25028e-10
 0.0948759  0.0948759 8.1361e-10
  0.0949472   0.0949473 8.02282e-10
   0.095018    0.095018 7.91045e-10
  0.0950882   0.0950882 7.79899e-10
  0.0951578   0.0951578 7.68844e-10
  0.0952269   0.0952269 7.57879e-10
  0.0952954   0.0952954 7.47005e-10
  0.0953633   0.0953633 7.36221e-10
  0.0954306   0.0954306 7.25528e-10
  0.0954974   0.0954974 7.14925e-10
  0.0955636   0.0955636 7.04413e-10
 0.0956293  0.0956293 6.9399e-10
  0.0956943   0.0956943 6.83658e-10
  0.0957588   0.0957589 6.73415e-10
  0.0958228   0.0958228 6.63262e-10
  0.0958862   0.0958862 6.53199e-10
   0.095949    0.095949 6.43225e-10
  0.0960112   0.0960112 6.33341e-10
  0.0960729   0.0960729 6.23546e-10
  0.096134  0.0961341 6.1384e-10
  0.0961946   0.0961946 6.04223e-10
  0.0962546   0.0962546 5.94695e-10
  0.0963141   0.0963141 5.85256e-10
   0.096373    0.096373 5.75905e-10
  0.0964313   0.0964313 5.66643e-10
  0.0964891   0.0964891 5.57469e-10
  0.0965463   0.0965463 5.48383e-10
   0.096603    0.096603 5.39385e-10
  0.0966591   0.0966591 5.30475e-10
  0.0967146   0.0967147 5.21652e-10
  0.0967697   0.0967697 5.12917e-10
  0.0968241   0.0968241 5.04269e-10
   0.096878    0.096878 4.95708e-10
  0.0969314   0.0969314 4.87234e-10
  0.0969842   0.0969842 4.78847e-10
  0.0970365   0.0970365 4.70546e-10
  0.0970882   0.0970882 4.62332e-10
  0.0971394   0.0971394 4.54203e-10
  0.0971901   0.0971901 4.46161e-10
  0.0972402   0.0972402 4.38204e-10
  0.0972898   0.0972898 4.30333e-10
  0.0973388   0.0973388 4.22547e-10
  0.0973873   0.0973873 4.14845e-10
  0.0974353   0.0974353 4.07229e-10
  0.0974827   0.0974827 3.99697e-10
 0.0975296  0.0975296 3.9225e-10
   0.097576    0.097576 3.84887e-10
  0.0976218   0.0976218 3.77607e-10
  0.0976672   0.0976672 3.70412e-10
  0.0977119    0.097712 3.63299e-10
 0.0977562  0.0977562 3.5627e-10
     0.0978      0.0978 3.49323e-10
  0.0978432   0.0978432 3.42459e-10
  0.0978859   0.0978859 3.35678e-10
  0.0979281   0.0979281 3.28978e-10
 0.0979698  0.0979698 3.2236e-10
  0.0980109   0.0980109 3.15824e-10
  0.0980516   0.0980516 3.09369e-10
  0.0980917   0.0980917 3.02995e-10
  0.0981314   0.0981314 2.96702e-10
  0.0981705   0.0981705 2.90488e-10
  0.0982091   0.0982091 2.84355e-10
  0.0982473   0.0982473 2.78302e-10
  0.0982849   0.0982849 2.72328e-10
   0.098322    0.098322 2.66433e-10
  0.0983586   0.0983586 2.60617e-10
  0.0983948   0.0983948 2.54879e-10
 0.0984304  0.0984304 2.4922e-10
  0.0984656   0.0984656 2.43638e-10
  0.0985002   0.0985002 2.38134e-10
  0.0985344   0.0985344 2.32707e-10
  0.0985681   0.0985681 2.27357e-10
  0.0986013   0.0986013 2.22083e-10
  0.0986341   0.0986341 2.16886e-10
  0.0986663   0.0986663 2.11764e-10
  0.0986981   0.0986981 2.06718e-10
  0.0987294   0.0987294 2.01746e-10
  0.0987602   0.0987602 1.96849e-10
  0.0987906   0.0987906 1.92027e-10
  0.0988205   0.0988205 1.87278e-10
    0.09885     0.09885 1.82603e-10
   0.098879    0.098879 1.78001e-10
  0.0989075   0.0989075 1.73472e-10
  0.0989355   0.0989355 1.69015e-10
  0.0989632   0.0989632 1.64631e-10
  0.0989903   0.0989903 1.60317e-10
   0.099017    0.099017 1.56075e-10
  0.0990433   0.0990433 1.51904e-10
  0.0990691   0.0990691 1.47802e-10
  0.0990945   0.0990945 1.43771e-10
  0.0991195   0.0991195 1.39809e-10
   0.099144    0.099144 1.35917e-10
  0.0991681   0.0991681 1.32093e-10
  0.0991917   0.0991917 1.28337e-10
   0.099215    0.099215 1.24648e-10
  0.0992378   0.0992378 1.21027e-10
  0.0992602   0.0992602 1.17473e-10
  0.0992821   0.0992821 1.13985e-10
  0.0993037   0.0993037 1.10563e-10
  0.0993248   0.0993248 1.07206e-10
  0.0993455   0.0993455 1.03915e-10
  0.0993659   0.0993659 1.00688e-10
  0.0993858   0.0993858 9.75244e-11
  0.0994053   0.0994053 9.44246e-11
  0.0994244   0.0994244 9.13879e-11
  0.0994432   0.0994432 8.84137e-11
  0.0994615   0.0994615 8.55015e-11
  0.0994795   0.0994795 8.26508e-11
   0.099497    0.099497 7.98611e-11
  0.0995142   0.0995142 7.71318e-11
   0.099531    0.099531 7.44625e-11
  0.0995475   0.0995475 7.18526e-11
  0.0995635   0.0995635 6.93017e-11
 0.0995792  0.0995792 6.6809e-11
  0.0995946   0.0995946 6.43743e-11
  0.0996095   0.0996095 6.19968e-11
 0.0996242  0.0996242 5.9676e-11
  0.0996384   0.0996384 5.74114e-11
  0.0996523   0.0996523 5.52024e-11
  0.0996659   0.0996659 5.30485e-11
  0.0996791   0.0996791 5.09491e-11
   0.099692    0.099692 4.89036e-11
  0.0997046   0.0997046 4.69114e-11
 0.0997168  0.0997168 4.4972e-11
  0.0997287   0.0997287 4.30847e-11
 0.0997402  0.0997402 4.1249e-11
  0.0997515   0.0997515 3.94643e-11
0.0997624 0.0997624 3.773e-11
   0.099773    0.099773 3.60454e-11
0.0997833 0.0997833 3.441e-11
  0.0997933   0.0997933 3.28231e-11
   0.099803    0.099803 3.12841e-11
  0.0998124   0.0998124 2.97924e-11
  0.0998215   0.0998215 2.83474e-11
  0.0998303   0.0998303 2.69483e-11
  0.0998388   0.0998388 2.55947e-11
   0.099847    0.099847 2.42857e-11
   0.099855    0.099855 2.30209e-11
  0.0998627   0.0998627 2.17994e-11
  0.0998701   0.0998701 2.06207e-11
  0.0998773   0.0998773 1.94841e-11
  0.0998842   0.0998842 1.83888e-11
  0.0998908   0.0998908 1.73343e-11
  0.0998972   0.0998972 1.63199e-11
  0.0999034   0.0999034 1.53448e-11
  0.0999093   0.0999093 1.44083e-11
  0.0999149   0.0999149 1.35099e-11
  0.0999203   0.0999203 1.26486e-11
 0.0999255  0.0999255 1.1824e-11
  0.0999305   0.0999305 1.10351e-11
  0.0999352   0.0999352 1.02814e-11
  0.0999398   0.0999398 9.56203e-12
  0.0999441   0.0999441 8.87634e-12
  0.0999482   0.0999482 8.22357e-12
  0.0999521   0.0999521 7.60298e-12
  0.0999558   0.0999558 7.01382e-12
  0.0999593   0.0999593 6.45534e-12
  0.0999627   0.0999627 5.92679e-12
  0.0999658   0.0999658 5.42739e-12
 0.0999688  0.0999688 4.9564e-12
  0.0999716   0.0999716 4.51302e-12
  0.0999742   0.0999742 4.09649e-12
  0.0999767   0.0999767 3.70601e-12
   0.099979    0.099979 3.34081e-12
  0.0999811   0.0999811 3.00008e-12
  0.0999831   0.0999831 2.68303e-12
   0.099985    0.099985 2.38885e-12
  0.0999867   0.0999867 2.11673e-12
  0.0999882   0.0999882 1.86585e-12
 0.0999897  0.0999897 1.6354e-12
   0.099991    0.099991 1.42454e-12
  0.0999922   0.0999922 1.23245e-12
  0.0999933   0.0999933 1.05828e-12
 0.0999943  0.0999943 9.0119e-13
  0.0999952   0.0999952 7.60335e-13
   0.099996    0.099996 6.34859e-13
  0.0999967   0.0999967 5.23901e-13
  0.0999973   0.0999973 4.26597e-13
  0.0999978   0.0999978 3.42075e-13
  0.0999983   0.0999983 2.69459e-13
  0.0999987   0.0999987 2.07866e-13
   0.099999    0.099999 1.56409e-13
  0.0999993   0.0999993 1.14194e-13
  0.0999995   0.0999995 8.03235e-14
  0.0999997   0.0999997 5.38917e-14
  0.0999998   0.0999998 3.39888e-14
  0.0999999   0.0999999 1.96991e-14
  0.0999999   0.0999999 1.01011e-14
        0.1         0.1 4.26782e-15
        0.1         0.1 1.26644e-15
        0.1         0.1 1.58543e-16
        0.1         0.1 1.32349e-23
0.1 0.1   0
0.1 0.1   0
0.1 0.1   0
0.1 0.1   0
0.1 0.1   0
0.1 0.1   0
0.1 0.1   0
0.1 0.1   0
0.1 0.1   0
0.1 0.1   0
0.1 0.1   0
0.1 0.1   0
0.1 0.1   0
0.1 0.1   0
0.1 0.1   0
0.1 0.1   0
0.1 0.1   0
0.1 0.1   0
0.1 0.1   0
0.1 0.1   0
0.1 0.1   0
0.1 0.1   0
0.1 0.1   0
0.1 0.1   0
0.1 0.1   0
0.1 0.1   0
0.1 0.1   0
0.1 0.1   0
0.1 0.1   0
0.1 0.1   0
0.1 0.1   0
0.1 0.1   0
0.1 0.1   0
0.1 0.1   0
0.1 0.1   0
0.1 0.1   0
0.1 0.1   0
0.1 0.1   0
0.1 0.1   0
0.1 0.1   0
0.1 0.1   0
0.1 0.1   0
0.1 0.1   0
0.1 0.1   0
0.1 0.1   0
0.1 0.1   0
0.1 0.1   0
0.1 0.1   0
0.1 0.1   0
0.1 0.1   0
0.1 0.1   0
0.1 0.1   0
0.1 0.1   0
0.1 0.1   0
0.1 0.1   0
0.1 0.1   0
0.1 0.1   0
0.1 0.1   0
0.1 0.1   0
0.1 0.1   0
0.1 0.1   0
0.1 0.1   0
0.1 0.1   0
0.1 0.1   0
0.1 0.1   0
0.1 0.1   0
0.1 0.1   0
0.1 0.1   0
0.1 0.1   0
0.1 0.1   0
0.1 0.1   0
0.1 0.1   0
0.1 0.1   0
0.1 0.1   0
0.1 0.1   0
0.1 0.1   0
0.1 0.1   0
0.1 0.1   0
0.1 0.1   0
0.1 0.1   0
0.1 0.1   0
0.1 0.1   0
0.1 0.1   0
0.1 0.1   0
0.1 0.1   0
0.1 0.1   0
0.1 0.1   0
0.1 0.1   0
0.1 0.1   0
0.1 0.1   0
0.1 0.1   0
0.1 0.1   0
0.1 0.1   0
0.1 0.1   0
0.1 0.1   0
0.1 0.1   0
0.1 0.1   0
0.1 0.1   0
0.1 0.1   0
0.1 0.1   0
0.1 0.1   0
0.1 0.1   0
0.1 0.1   0
0.1 0.1   0
0.1 0.1   0
0.1 0.1   0
0.1 0.1   0
0.1 0.1   0
0.1 0.1   0
0.1 0.1   0
0.1 0.1   0
0.1 0.1   0
0.1 0.1   0
0.1 0.1   0
0.1 0.1   0
0.1 0.1   0
0.1 0.1   0
0.1 0.1   0
0.1 0.1   0
0.1 0.1   0
0.1 0.1   0
0.1 0.1   0
0.1 0.1   0
0.1 0.1   0
0.1 0.1   0
0.1 0.1   0
0.1 0.1   0
0.1 0.1   0
0.1 0.1   0
0.1 0.1   0
0.1 0.1   0
0.1 0.1   0
0.1 0.1   0
0.1 0.1   0
0.1 0.1   0
0.1 0.1   0
0.1 0.1   0
0.1 0.1   0
0.1 0.1   0
0.1 0.1   0
0.1 0.1   0
0.1 0.1   0
0.1 0.1   0
0.1 0.1   0
0.1 0.1   0
0.1 0.1   0
0.1 0.1   0
0.1 0.1   0
0.1 0.1   0
0.1 0.1   0
0.1 0.1   0
0.1 0.1   0
0.1 0.1   0
0.1 0.1   0
0.1 0.1   0
0.1 0.1   0
0.1 0.1   0
0.1 0.1   0
0.1 0.1   0
0.1 0.1   0
0.1 0.1   0
0.1 0.1   0
0.1 0.1   0
0.1 0.1   0
0.1 0.1   0
0.1 0.1   0
0.1 0.1   0
0.1 0.1   0
0.1 0.1   0
0.1 0.1   0
0.1 0.1   0
0.1 0.1   0
0.1 0.1   0
0.1 0.1   0
0.1 0.1   0
0.1 0.1   0
0.1 0.1   0
0.1 0.1   0
0.1 0.1   0
0.1 0.1   0
0.1 0.1   0
0.1 0.1   0
0.1 0.1   0
0.1 0.1   0
0.1 0.1   0
0.1 0.1   0
0.1 0.1   0
0.1 0.1   0
0.1 0.1   0
0.1 0.1   0
0.1 0.1   0
0.1 0.1   0
0.1 0.1   0
0.1 0.1   0
0.1 0.1   0
0.1 0.1   0
0.1 0.1   0
0.1 0.1   0
0.1 0.1   0
0.1 0.1   0
0.1 0.1   0
0.1 0.1   0
0.1 0.1   0
0.1 0.1   0
0.1 0.1   0
0.1 0.1   0
0.1 0.1   0
0.1 0.1   0
0.1 0.1   0
0.1 0.1   0
0.1 0.1   0
0.1 0.1   0
0.1 0.1   0
0.1 0.1   0
0.1 0.1   0
0.1 0.1   0
0.1 0.1   0
0.1 0.1   0
0.1 0.1   0
0.1 0.1   0
0.1 0.1   0
0.1 0.1   0
0.1 0.1   0
0.1 0.1   0
0.1 0.1   0
0.1 0.1   0
0.1 0.1   0
0.1 0.1   0
0.1 0.1   0
0.1 0.1   0
0.1 0.1   0
0.1 0.1   0
0.1 0.1   0
0.1 0.1   0
0.1 0.1   0
0.1 0.1   0
0.1 0.1   0
0.1 0.1   0
0.1 0.1   0
0.1 0.1   0
0.1 0.1   0
0.1 0.1   0
0.1 0.1   0
0.1 0.1   0
0.1 0.1   0
0.1 0.1   0
0.1 0.1   0
0.1 0.1   0
0.1 0.1   0
0.1 0.1   0
0.1 0.1   0
0.1 0.1   0
0.1 0.1   0
0.1 0.1   0
0.1 0.1   0
0.1 0.1   0
0.1 0.1   0
0.1 0.1   0
0.1 0.1   0
0.1 0.1   0
0.1 0.1   0
0.1 0.1   0
0.1 0.1   0
0.1 0.1   0
0.1 0.1   0
0.1 0.1   0
0.1 0.1   0
0.1 0.1   0
0.1 0.1   0
0.1 0.1   0
0.1 0.1   0
0.1 0.1   0
0.1 0.1   0
0.1 0.1   0
0.1 0.1   0
0.1 0.1   0
0.1 0.1   0
0.1 0.1   0
0.1 0.1   0
0.1 0.1   0
0.1 0.1   0
0.1 0.1   0
0.1 0.1   0
0.1 0.1   0
0.1 0.1   0
0.1 0.1   0
0.1 0.1   0
0.1 0.1   0
0.1 0.1   0
0.1 0.1   0
0.1 0.1   0
0.1 0.1   0
0.1 0.1   0
0.1 0.1   0
0.1 0.1   0
0.1 0.1   0
0.1 0.1   0
0.1 0.1   0
0.1 0.1   0
0.1 0.1   0
0.1 0.1   0
0.1 0.1   0
0.1 0.1   0
0.1 0.1   0
0.1 0.1   0
0.1 0.1   0
0.1 0.1   0
0.1 0.1   0
0.1 0.1   0
0.1 0.1   0
0.1 0.1   0
0.1 0.1   0
0.1 0.1   0
0.1 0.1   0
0.1 0.1   0
0.1 0.1   0
0.1 0.1   0
0.1 0.1   0
0.1 0.1   0
0.1 0.1   0
0.1 0.1   0
0.1 0.1   0
0.1 0.1   0
0.1 0.1   0
0.1 0.1   0
0.1 0.1   0
0.1 0.1   0
0.1 0.1   0
0.1 0.1   0
0.1 0.1   0
0.1 0.1   0
0.1 0.1   0
0.1 0.1   0
0.1 0.1   0
0.1 0.1   0
0.1 0.1   0
0.1 0.1   0
0.1 0.1   0
0.1 0.1   0
0.1 0.1   0
0.1 0.1   0
0.1 0.1   0
0.1 0.1   0
0.1 0.1   0
0.1 0.1   0
0.1 0.1   0
0.1 0.1   0
0.1 0.1   0
0.1 0.1   0
0.1 0.1   0
0.1 0.1   0
0.1 0.1   0
0.1 0.1   0
0.1 0.1   0
0.1 0.1   0
0.1 0.1   0
0.1 0.1   0
0.1 0.1   0
0.1 0.1   0
0.1 0.1   0
0.1 0.1   0
0.1 0.1   0
0.1 0.1   0
0.1 0.1   0
0.1 0.1   0
0.1 0.1   0
0.1 0.1   0
0.1 0.1   0
0.1 0.1   0
0.1 0.1   0
0.1 0.1   0
0.1 0.1   0
0.1 0.1   0
0.1 0.1   0
0.1 0.1   0
0.1 0.1   0
0.1 0.1   0
0.1 0.1   0
0.1 0.1   0
0.1 0.1   0
0.1 0.1   0
0.1 0.1   0
0.1 0.1   0
0.1 0.1   0
0.1 0.1   0
0.1 0.1   0
0.1 0.1   0
0.1 0.1   0
0.1 0.1   0
0.1 0.1   0
0.1 0.1   0
0.1 0.1   0
0.1 0.1   0
0.1 0.1   0
0.1 0.1   0
0.1 0.1   0
0.1 0.1   0
0.1 0.1   0
0.1 0.1   0
0.1 0.1   0
0.1 0.1   0
0.1 0.1   0
0.1 0.1   0
0.1 0.1   0
0.1 0.1   0
0.1 0.1   0
0.1 0.1   0
0.1 0.1   0
0.1 0.1   0
0.1 0.1   0
0.1 0.1   0
0.1 0.1   0
0.1 0.1   0
0.1 0.1   0
0.1 0.1   0
0.1 0.1   0
0.1 0.1   0
0.1 0.1   0
0.1 0.1   0
0.1 0.1   0
0.1 0.1   0
0.1 0.1   0
0.1 0.1   0
0.1 0.1   0
0.1 0.1   0
0.1 0.1   0
0.1 0.1   0
0.1 0.1   0
0.1 0.1   0
0.1 0.1   0
0.1 0.1   0
0.1 0.1   0
0.1 0.1   0
0.1 0.1   0
0.1 0.1   0
0.1 0.1   0
0.1 0.1   0
0.1 0.1   0
0.1 0.1   0
0.1 0.1   0
0.1 0.1   0
0.1 0.1   0
0.1 0.1   0
0.1 0.1   0
0.1 0.1   0
0.1 0.1   0
0.1 0.1   0
0.1 0.1   0
0.1 0.1   0
0.1 0.1   0
0.1 0.1   0
0.1 0.1   0
0.1 0.1   0
0.1 0.1   0
0.1 0.1   0
0.1 0.1   0
0.1 0.1   0
0.1 0.1   0
0.1 0.1   0
0.1 0.1   0
0.1 0.1   0
0.1 0.1   0
0.1 0.1   0
0.1 0.1   0
0.1 0.1   0
0.1 0.1   0
0.1 0.1   0
0.1 0.1   0
0.1 0.1   0
0.1 0.1   0
0.1 0.1   0
0.1 0.1   0
0.1 0.1   0
0.1 0.1   0
0.1 0.1   0
0.1 0.1   0
0.1 0.1   0
0.1 0.1   0
0.1 0.1   0
0.1 0.1   0
0.1 0.1   0
0.1 0.1   0
0.1 0.1   0
0.1 0.1   0
0.1 0.1   0
0.1 0.1   0
0.1 0.1   0
0.1 0.1   0
0.1 0.1   0
0.1 0.1   0
0.1 0.1   0
0.1 0.1   0
0.1 0.1   0
0.1 0.1   0
0.1 0.1   0
0.1 0.1   0
0.1 0.1   0
0.1 0.1   0
0.1 0.1   0
0.1 0.1   0
0.1 0.1   0
0.1 0.1   0
0.1 0.1   0
0.1 0.1   0
0.1 0.1   0
0.1 0.1   0
0.1 0.1   0
0.1 0.1   0
0.1 0.1   0
0.1 0.1   0
0.1 0.1   0
0.1 0.1   0
0.1 0.1   0
0.1 0.1   0
0.1 0.1   0
0.1 0.1   0
0.1 0.1   0
0.1 0.1   0
0.1 0.1   0
0.1 0.1   0
0.1 0.1   0
0.1 0.1   0
0.1 0.1   0
0.1 0.1   0
0.1 0.1   0
0.1 0.1   0
0.1 0.1   0
0.1 0.1   0
0.1 0.1   0
0.1 0.1   0
0.1 0.1   0
0.1 0.1   0
0.1 0.1   0
0.1 0.1   0
0.1 0.1   0
0.1 0.1   0
0.1 0.1   0
0.1 0.1   0
0.1 0.1   0
0.1 0.1   0
0.1 0.1   0
0.1 0.1   0
0.1 0.1   0
0.1 0.1   0
0.1 0.1   0
0.1 0.1   0
0.1 0.1   0
0.1 0.1   0
0.1 0.1   0
0.1 0.1   0
0.1 0.1   0
0.1 0.1   0
0.1 0.1   0
0.1 0.1   0
0.1 0.1   0
0.1 0.1   0
0.1 0.1   0
0.1 0.1   0
0.1 0.1   0
0.1 0.1   0
0.1 0.1   0
0.1 0.1   0
0.1 0.1   0
0.1 0.1   0
0.1 0.1   0
0.1 0.1   0
0.1 0.1   0
0.1 0.1   0
0.1 0.1   0
0.1 0.1   0
0.1 0.1   0
0.1 0.1   0
0.1 0.1   0
0.1 0.1   0
0.1 0.1   0
0.1 0.1   0
0.1 0.1   0
0.1 0.1   0
0.1 0.1   0
0.1 0.1   0
0.1 0.1   0
0.1 0.1   0
0.1 0.1   0
0.1 0.1   0
0.1 0.1   0
0.1 0.1   0
0.1 0.1   0
0.1 0.1   0
0.1 0.1   0
0.1 0.1   0
0.1 0.1   0
0.1 0.1   0
0.1 0.1   0
0.1 0.1   0
0.1 0.1   0
0.1 0.1   0
0.1 0.1   0
0.1 0.1   0
0.1 0.1   0
0.1 0.1   0
0.1 0.1   0
0.1 0.1   0
0.1 0.1   0
0.1 0.1   0
0.1 0.1   0
0.1 0.1   0
0.1 0.1   0
0.1 0.1   0
0.1 0.1   0
0.1 0.1   0
0.1 0.1   0
0.1 0.1   0
0.1 0.1   0
0.1 0.1   0
0.1 0.1   0
0.1 0.1   0
0.1 0.1   0
0.1 0.1   0
0.1 0.1   0
0.1 0.1   0
0.1 0.1   0
0.1 0.1   0
0.1 0.1   0
0.1 0.1   0
0.1 0.1   0
0.1 0.1   0
0.1 0.1   0
0.1 0.1   0
0.1 0.1   0
0.1 0.1   0
0.1 0.1   0
0.1 0.1   0
0.1 0.1   0
0.1 0.1   0
0.1 0.1   0
0.1 0.1   0
0.1 0.1   0
0.1 0.1   0
0.1 0.1   0
0.1 0.1   0
0.1 0.1   0
0.1 0.1   0
0.1 0.1   0
0.1 0.1   0
0.1 0.1   0
0.1 0.1   0
0.1 0.1   0
0.1 0.1   0
0.1 0.1   0
0.1 0.1   0
0.1 0.1   0
0.1 0.1   0
0.1 0.1   0
0.1 0.1   0
0.1 0.1   0
0.1 0.1   0
0.1 0.1   0
0.1 0.1   0
0.1 0.1   0
0.1 0.1   0
0.1 0.1   0
0.1 0.1   0
0.1 0.1   0
0.1 0.1   0
0.1 0.1   0
0.1 0.1   0
0.1 0.1   0
0.1 0.1   0
0.1 0.1   0
0.1 0.1   0
0.1 0.1   0
0.1 0.1   0
0.1 0.1   0
0.1 0.1   0
0.1 0.1   0
0.1 0.1   0
0.1 0.1   0
0.1 0.1   0
0.1 0.1   0
0.1 0.1   0
0.1 0.1   0
0.1 0.1   0
0.1 0.1   0
0.1 0.1   0
0.1 0.1   0
0.1 0.1   0
0.1 0.1   0
0.1 0.1   0
0.1 0.1   0
0.1 0.1   0
0.1 0.1   0
0.1 0.1   0
0.1 0.1   0
0.1 0.1   0
0.1 0.1   0
0.1 0.1   0
0.1 0.1   0
0.1 0.1   0
0.1 0.1   0
0.1 0.1   0
0.1 0.1   0
0.1 0.1   0
0.1 0.1   0
0.1 0.1   0
0.1 0.1   0
0.1 0.1   0
0.1 0.1   0
0.1 0.1   0
0.1 0.1   0
0.1 0.1   0
0.1 0.1   0
0.1 0.1   0
0.1 0.1   0
0.1 0.1   0
0.1 0.1   0
0.1 0.1   0
0.1 0.1   0
0.1 0.1   0
0.1 0.1   0
0.1 0.1   0
0.1 0.1   0
0.1 0.1   0
0.1 0.1   0
0.1 0.1   0
0.1 0.1   0
0.1 0.1   0
0.1 0.1   0
0.1 0.1   0
0.1 0.1   0
0.1 0.1   0
0.1 0.1   0
0.1 0.1   0
0.1 0.1   0
0.1 0.1   0
0.1 0.1   0
0.1 0.1   0
0.1 0.1   0
0.1 0.1   0
0.1 0.1   0
0.1 0.1   0
0.1 0.1   0
0.1 0.1   0
0.1 0.1   0
0.1 0.1   0
0.1 0.1   0
0.1 0.1   0
0.1 0.1   0
0.1 0.1   0
0.1 0.1   0
0.1 0.1   0
0.1 0.1   0
0.1 0.1   0
0.1 0.1   0
0.1 0.1   0
0.1 0.1   0
0.1 0.1   0
0.1 0.1   0
0.1 0.1   0
0.1 0.1   0
0.1 0.1   0
0.1 0.1   0
0.1 0.1   0
0.1 0.1   0
0.1 0.1   0
0.1 0.1   0
0.1 0.1   0
0.1 0.1   0
0.1 0.1   0
0.1 0.1   0
0.1 0.1   0
0.1 0.1   0
0.1 0.1   0
0.1 0.1   0
0.1 0.1   0
0.1 0.1   0
0.1 0.1   0
0.1 0.1   0
0.1 0.1   0
0.1 0.1   0
0.1 0.1   0
0.1 0.1   0
0.1 0.1   0
0.1 0.1   0
0.1 0.1   0
0.1 0.1   0
0.1 0.1   0
0.1 0.1   0
0.1 0.1   0
0.1 0.1   0
0.1 0.1   0
0.1 0.1   0
0.1 0.1   0
0.1 0.1   0
0.1 0.1   0
0.1 0.1   0
0.1 0.1   0
0.1 0.1   0
0.1 0.1   0
0.1 0.1   0
0.1 0.1   0
0.1 0.1   0
0.1 0.1   0
0.1 0.1   0
0.1 0.1   0
0.1 0.1   0
0.1 0.1   0
0.1 0.1   0
0.1 0.1   0
0.1 0.1   0
0.1 0.1   0
0.1 0.1   0
0.1 0.1   0
0.1 0.1   0
0.1 0.1   0
0.1 0.1   0
0.1 0.1   0
0.1 0.1   0
0.1 0.1   0
0.1 0.1   0
0.1 0.1   0
0.1 0.1   0
0.1 0.1   0
0.1 0.1   0
0.1 0.1   0
0.1 0.1   0
0.1 0.1   0
0.1 0.1   0
0.1 0.1   0
0.1 0.1   0
0.1 0.1   0
0.1 0.1   0
0.1 0.1   0
0.1 0.1   0
0.1 0.1   0
0.1 0.1   0
0.1 0.1   0
0.1 0.1   0
0.1 0.1   0
0.1 0.1   0
0.1 0.1   0
0.1 0.1   0
0.1 0.1   0
0.1 0.1   0
0.1 0.1   0
0.1 0.1   0
0.1 0.1   0
0.1 0.1   0
0.1 0.1   0
0.1 0.1   0
0.1 0.1   0
0.1 0.1   0
0.1 0.1   0
0.1 0.1   0
0.1 0.1   0
0.1 0.1   0
0.1 0.1   0
0.1 0.1   0
0.1 0.1   0
0.1 0.1   0
0.1 0.1   0
0.1 0.1   0
0.1 0.1   0
0.1 0.1   0
0.1 0.1   0
0.1 0.1   0
0.1 0.1   0
0.1 0.1   0
0.1 0.1   0
0.1 0.1   0
0.1 0.1   0
0.1 0.1   0
0.1 0.1   0
0.1 0.1   0
0.1 0.1   0
0.1 0.1   0
0.1 0.1   0
0.1 0.1   0
0.1 0.1   0
0.1 0.1   0
0.1 0.1   0
0.1 0.1   0
0.1 0.1   0
0.1 0.1   0
0.1 0.1   0
0.1 0.1   0
0.1 0.1   0
0.1 0.1   0
0.1 0.1   0
0.1 0.1   0
0.1 0.1   0
0.1 0.1   0
0.1 0.1   0
0.1 0.1   0
0.1 0.1   0
0.1 0.1   0
0.1 0.1   0
0.1 0.1   0
0.1 0.1   0
0.1 0.1   0
0.1 0.1   0
0.1 0.1   0
0.1 0.1   0
0.1 0.1   0
0.1 0.1   0
0.1 0.1   0
0.1 0.1   0
0.1 0.1   0
0.1 0.1   0
0.1 0.1   0
0.1 0.1   0
0.1 0.1   0
0.1 0.1   0
0.1 0.1   0
0.1 0.1   0
0.1 0.1   0
0.1 0.1   0
0.1 0.1   0
0.1 0.1   0
0.1 0.1   0
0.1 0.1   0
0.1 0.1   0
0.1 0.1   0
0.1 0.1   0
0.1 0.1   0
0.1 0.1   0
0.1 0.1   0
0.1 0.1   0
0.1 0.1   0
0.1 0.1   0
0.1 0.1   0
0.1 0.1   0
0.1 0.1   0
0.1 0.1   0
0.1 0.1   0
0.1 0.1   0
0.1 0.1   0
0.1 0.1   0
0.1 0.1   0
0.1 0.1   0
0.1 0.1   0
0.1 0.1   0
0.1 0.1   0
0.1 0.1   0
0.1 0.1   0
0.1 0.1   0
0.1 0.1   0
0.1 0.1   0
0.1 0.1   0
0.1 0.1   0
0.1 0.1   0
0.1 0.1   0
0.1 0.1   0
0.1 0.1   0
0.1 0.1   0
0.1 0.1   0
0.1 0.1   0
0.1 0.1   0
0.1 0.1   0
0.1 0.1   0
0.1 0.1   0
0.1 0.1   0
0.1 0.1   0
0.1 0.1   0
0.1 0.1   0
0.1 0.1   0
0.1 0.1   0
0.1 0.1   0
0.1 0.1   0
0.1 0.1   0
0.1 0.1   0
0.1 0.1   0
0.1 0.1   0
0.1 0.1   0
0.1 0.1   0
0.1 0.1   0
0.1 0.1   0
0.1 0.1   0
0.1 0.1   0
0.1 0.1   0
0.1 0.1   0
0.1 0.1   0
0.1 0.1   0
0.1 0.1   0
0.1 0.1   0
0.1 0.1   0
0.1 0.1   0
0.1 0.1   0
0.1 0.1   0
0.1 0.1   0
0.1 0.1   0
0.1 0.1   0
0.1 0.1   0
