0 0 0
 2.99401e-06    2.994e-06 -4.75391e-13
 1.19521e-05   1.1952e-05 -1.89776e-12
 2.68383e-05  2.68382e-05 -4.26141e-12
 4.76168e-05  4.76167e-05 -7.56065e-12
  7.4252e-05  7.42518e-05 -1.17898e-11
 0.000106708  0.000106708 -1.69432e-11
 0.000144949  0.000144949 -2.30152e-11
 0.000188941   0.00018894 -3.00002e-11
 0.000238646  0.000238645 -3.78924e-11
  0.00029403   0.00029403 -4.66864e-11
 0.000355058  0.000355058 -5.63765e-11
 0.000421695  0.000421694 -6.69571e-11
 0.000493904  0.000493903 -7.84226e-11
 0.000571652  0.000571651 -9.07675e-11
 0.000654903  0.000654901 -1.03986e-10
 0.000743622   0.00074362 -1.18073e-10
 0.000837774  0.000837772 -1.33023e-10
 0.000937324  0.000937322 -1.48829e-10
  0.00104224   0.00104224 -1.65488e-10
  0.00115248   0.00115248 -1.82992e-10
  0.00126802   0.00126802 -2.01337e-10
  0.00138882   0.00138881 -2.20518e-10
  0.00151484   0.00151484 -2.40528e-10
  0.00164605   0.00164605 -2.61362e-10
  0.00178242   0.00178242 -2.83015e-10
  0.00192392   0.00192391 -3.05481e-10
   0.0020705   0.00207049 -3.28756e-10
  0.00222214   0.00222213 -3.52833e-10
  0.00237879   0.00237879 -3.77707e-10
  0.00254043   0.00254043 -4.03372e-10
  0.00270703   0.00270702 -4.29825e-10
  0.00287854   0.00287853 -4.57058e-10
  0.00305494   0.00305493 -4.85066e-10
  0.00323619   0.00323618 -5.13845e-10
  0.00342226   0.00342225 -5.43389e-10
  0.00361311    0.0036131 -5.73693e-10
  0.00380871    0.0038087 -6.04751e-10
  0.00400903   0.00400902 -6.36557e-10
  0.00421403   0.00421402 -6.69108e-10
  0.00442369   0.00442367 -7.02397e-10
  0.00463796   0.00463795 -7.36419e-10
 0.00485681   0.0048568 -7.7117e-10
  0.00508022   0.00508021 -8.06642e-10
  0.00530815   0.00530813 -8.42833e-10
  0.00554056   0.00554055 -8.79735e-10
  0.00577743   0.00577741 -9.17345e-10
  0.00601871   0.00601869 -9.55656e-10
  0.00626438   0.00626437 -9.94665e-10
  0.00651441   0.00651439 -1.03436e-09
  0.00676876   0.00676874 -1.07475e-09
   0.0070274   0.00702738 -1.11582e-09
   0.0072903   0.00729028 -1.15756e-09
  0.00755742    0.0075574 -1.19997e-09
  0.00782874   0.00782872 -1.24305e-09
  0.00810421   0.00810419 -1.28679e-09
  0.00838382    0.0083838 -1.33119e-09
  0.00866752    0.0086675 -1.37624e-09
  0.00895529   0.00895527 -1.42193e-09
  0.00924709   0.00924707 -1.46826e-09
   0.0095429   0.00954287 -1.51523e-09
  0.00984267   0.00984264 -1.56283e-09
   0.0101464    0.0101463 -1.61105e-09
    0.010454     0.010454 -1.65989e-09
   0.0107655    0.0107655 -1.70935e-09
   0.0110808    0.0110808 -1.75942e-09
     0.0114   0.0113999 -1.8101e-09
   0.0117229    0.0117229 -1.86137e-09
   0.0120496    0.0120495 -1.91324e-09
    0.01238   0.0123799 -1.9657e-09
   0.0127141     0.012714 -2.01875e-09
   0.0130518    0.0130518 -2.07238e-09
   0.0133932    0.0133931 -2.12658e-09
   0.0137381    0.0137381 -2.18135e-09
   0.0140866    0.0140866 -2.23669e-09
   0.0144387    0.0144387 -2.29259e-09
   0.0147943    0.0147942 -2.34905e-09
   0.0151533    0.0151532 -2.40605e-09
   0.0155158    0.0155157 -2.46361e-09
  0.0158816   0.0158816 -2.5217e-09
   0.0162509    0.0162509 -2.58033e-09
  0.0166235   0.0166235 -2.6395e-09
   0.0169995    0.0169994 -2.69919e-09
  0.0173787   0.0173786 -2.7594e-09
   0.0177612    0.0177611 -2.82013e-09
   0.0181469    0.0181468 -2.88138e-09
   0.0185358    0.0185357 -2.94313e-09
   0.0189279    0.0189278 -3.00539e-09
   0.0193231    0.0193231 -3.06814e-09
   0.0197214    0.0197214 -3.13139e-09
   0.0201229    0.0201228 -3.19513e-09
   0.0205273    0.0205273 -3.25935e-09
   0.0209348    0.0209348 -3.32405e-09
   0.0213453    0.0213452 -3.38923e-09
   0.0217588    0.0217587 -3.45488e-09
   0.0221751    0.0221751 -3.52099e-09
   0.0225944    0.0225944 -3.58756e-09
  0.0230166   0.0230165 -3.6546e-09
   0.0234416    0.0234415 -3.72208e-09
   0.0238694    0.0238694 -3.79001e-09
      0.0243       0.0243 -3.85838e-09
   0.0247334    0.0247333 -3.92719e-09
   0.0251695    0.0251695 -3.99644e-09
   0.0256083    0.0256083 -4.06611e-09
   0.0260498    0.0260497 -4.13621e-09
   0.0264939    0.0264939 -4.20673e-09
   0.0269407    0.0269406 -4.27767e-09
     0.02739    0.0273899 -4.34901e-09
   0.0278419    0.0278418 -4.42077e-09
   0.0282963    0.0282963 -4.49292e-09
   0.0287533    0.0287532 -4.56547e-09
   0.0292127    0.0292126 -4.63842e-09
   0.0296745    0.0296745 -4.71175e-09
   0.0301388    0.0301387 -4.78547e-09
   0.0306055    0.0306054 -4.85957e-09
   0.0310745    0.0310744 -4.93404e-09
   0.0315459    0.0315458 -5.00888e-09
   0.0320195    0.0320195 -5.08409e-09
   0.0324955    0.0324954 -5.15966e-09
   0.0329737    0.0329736 -5.23559e-09
   0.0334541     0.033454 -5.31188e-09
   0.0339368    0.0339367 -5.38851e-09
   0.0344216    0.0344215 -5.46549e-09
   0.0349085    0.0349084 -5.54281e-09
   0.0353976    0.0353975 -5.62046e-09
   0.0358887    0.0358886 -5.69845e-09
   0.0363819    0.0363818 -5.77676e-09
  0.0368772   0.0368771 -5.8554e-09
   0.0373745    0.0373743 -5.93435e-09
   0.0378737    0.0378736 -6.01362e-09
  0.0383749   0.0383748 -6.0932e-09
    0.038878    0.0388779 -6.17309e-09
    0.039383    0.0393829 -6.25328e-09
   0.0398899    0.0398898 -6.33376e-09
   0.0403987    0.0403986 -6.41454e-09
   0.0409093    0.0409092 -6.49561e-09
   0.0414216    0.0414215 -6.57697e-09
  0.0419358   0.0419357 -6.6586e-09
   0.0424517    0.0424515 -6.74051e-09
  0.0429693   0.0429691 -6.8227e-09
   0.0434885    0.0434884 -6.90515e-09
   0.0440095    0.0440094 -6.98787e-09
   0.0445321     0.044532 -7.07085e-09
   0.0450563    0.0450562 -7.15408e-09
   0.0455821     0.045582 -7.23757e-09
   0.0461095    0.0461093 -7.32131e-09
   0.0466384    0.0466382 -7.40528e-09
  0.0471688   0.0471687 -7.4895e-09
   0.0477007    0.0477005 -7.57396e-09
    0.048234    0.0482339 -7.65865e-09
   0.0487688    0.0487687 -7.74356e-09
   0.049305   0.0493049 -7.8287e-09
   0.0498426    0.0498425 -7.91406e-09
   0.0503816    0.0503814 -7.99963e-09
   0.0509218    0.0509217 -8.08542e-09
   0.0514634    0.0514633 -8.17141e-09
   0.0520063    0.0520062 -8.25761e-09
   0.0525504    0.0525503 -8.34401e-09
  0.0530958   0.0530957 -8.4306e-09
   0.0536424    0.0536422 -8.51739e-09
   0.0541902      0.05419 -8.60437e-09
   0.0547391    0.0547389 -8.69152e-09
   0.0552892     0.055289 -8.77886e-09
   0.0558403    0.0558402 -8.86638e-09
   0.0563926    0.0563925 -8.95407e-09
   0.0569459    0.0569458 -9.04193e-09
   0.0575003    0.0575002 -9.12995e-09
   0.0580557    0.0580555 -9.21814e-09
   0.0586121    0.0586119 -9.30648e-09
   0.0591694    0.0591693 -9.39498e-09
   0.0597277    0.0597276 -9.48362e-09
   0.0602869    0.0602868 -9.57242e-09
    0.060847    0.0608469 -9.66135e-09
    0.061408    0.0614079 -9.75042e-09
   0.0619699    0.0619697 -9.83963e-09
   0.0625325    0.0625323 -9.92897e-09
    0.063096    0.0630958 -1.00184e-08
  0.0636602     0.06366 -1.0108e-08
   0.0642252     0.064225 -1.01977e-08
   0.0647909    0.0647908 -1.02876e-08
   0.0653574    0.0653572 -1.03775e-08
   0.0659245    0.0659243 -1.04676e-08
   0.0664923    0.0664921 -1.05577e-08
  0.0670607   0.0670605 -1.0648e-08
   0.0676298    0.0676296 -1.07383e-08
   0.0681994    0.0681992 -1.08288e-08
   0.0687696    0.0687694 -1.09193e-08
   0.0693404    0.0693402 -1.10099e-08
   0.0699117    0.0699115 -1.11006e-08
   0.0704835    0.0704833 -1.11914e-08
   0.0710557    0.0710555 -1.12823e-08
   0.0716285    0.0716283 -1.13732e-08
   0.0722017    0.0722014 -1.14642e-08
   0.0727752     0.072775 -1.15553e-08
   0.0733492     0.073349 -1.16465e-08
   0.0739236    0.0739234 -1.17377e-08
   0.0744983    0.0744981 -1.18289e-08
   0.0750733    0.0750731 -1.19202e-08
   0.0756486    0.0756484 -1.20116e-08
  0.0762242    0.076224 -1.2103e-08
   0.0768001    0.0767999 -1.21944e-08
   0.0773762     0.077376 -1.22859e-08
   0.0779526    0.0779524 -1.23774e-08
   0.0785291    0.0785289 -1.24689e-08
   0.0791058    0.0791056 -1.25605e-08
   0.0796827    0.0796825 -1.26521e-08
   0.0802597    0.0802595 -1.27437e-08
   0.0808368    0.0808366 -1.28353e-08
   0.081414   0.0814138 -1.2927e-08
   0.0819912     0.081991 -1.30186e-08
   0.0825686    0.0825683 -1.31103e-08
  0.0831459   0.0831457 -1.3202e-08
   0.0837233     0.083723 -1.32937e-08
   0.0843006    0.0843004 -1.33853e-08
  0.0848779   0.0848777 -1.3477e-08
   0.0854551    0.0854549 -1.35686e-08
   0.0860323    0.0860321 -1.36603e-08
   0.0866094    0.0866091 -1.37519e-08
   0.0871863    0.0871861 -1.38435e-08
   0.0877632    0.0877629 -1.39351e-08
   0.0883398    0.0883396 -1.40267e-08
   0.0889163    0.0889161 -1.41182e-08
   0.0894926    0.0894923 -1.42097e-08
   0.0900687    0.0900684 -1.43012e-08
   0.0906445    0.0906442 -1.43926e-08
  0.0912201   0.0912198 -1.4484e-08
   0.0917954    0.0917951 -1.45754e-08
   0.0923704    0.0923701 -1.46667e-08
    0.092945    0.0929448 -1.47579e-08
   0.0935194    0.0935191 -1.48491e-08
   0.0940934    0.0940931 -1.49402e-08
    0.094667    0.0946667 -1.50313e-08
   0.0952402    0.0952399 -1.51223e-08
    0.095813    0.0958128 -1.52133e-08
   0.0963854    0.0963851 -1.53042e-08
  0.0969573    0.096957 -1.5395e-08
   0.0975288    0.0975285 -1.54857e-08
   0.0980997    0.0980994 -1.55764e-08
   0.0986702    0.0986699 -1.56669e-08
   0.0992401    0.0992398 -1.57574e-08
   0.0998094    0.0998092 -1.58478e-08
    0.100378     0.100378 -1.59382e-08
    0.100946     0.100946 -1.60284e-08
    0.101514     0.101514 -1.61185e-08
    0.102081     0.102081 -1.62085e-08
    0.102647     0.102647 -1.62985e-08
    0.103213     0.103213 -1.63883e-08
   0.103778    0.103778 -1.6478e-08
    0.104342     0.104342 -1.65676e-08
    0.104906     0.104906 -1.66571e-08
    0.105469     0.105469 -1.67465e-08
    0.106031     0.106031 -1.68357e-08
    0.106592     0.106592 -1.69248e-08
    0.107153     0.107153 -1.70138e-08
    0.107713     0.107712 -1.71027e-08
    0.108272     0.108271 -1.71915e-08
     0.10883     0.108829 -1.72801e-08
    0.109387     0.109387 -1.73686e-08
    0.109943     0.109943 -1.74569e-08
    0.110499     0.110499 -1.75451e-08
    0.111053     0.111053 -1.76332e-08
    0.111607     0.111607 -1.77211e-08
     0.11216     0.112159 -1.78088e-08
    0.112712     0.112711 -1.78964e-08
    0.113262     0.113262 -1.79839e-08
    0.113812     0.113812 -1.80712e-08
    0.114361     0.114361 -1.81583e-08
    0.114909     0.114908 -1.82453e-08
    0.115455     0.115455 -1.83321e-08
    0.116001     0.116001 -1.84187e-08
    0.116545     0.116545 -1.85052e-08
    0.117089     0.117089 -1.85915e-08
    0.117631     0.117631 -1.86776e-08
    0.118172     0.118172 -1.87635e-08
    0.118712     0.118712 -1.88493e-08
    0.119251     0.119251 -1.89348e-08
    0.119789     0.119789 -1.90202e-08
    0.120326     0.120325 -1.91054e-08
    0.120861     0.120861 -1.91904e-08
    0.121395     0.121395 -1.92752e-08
    0.121928     0.121928 -1.93598e-08
    0.122459     0.122459 -1.94442e-08
     0.12299     0.122989 -1.95284e-08
    0.123519     0.123518 -1.96124e-08
    0.124047     0.124046 -1.96962e-08
    0.124573     0.124573 -1.97798e-08
    0.125098     0.125098 -1.98632e-08
    0.125622     0.125621 -1.99463e-08
    0.126144     0.126144 -2.00293e-08
   0.126665    0.126665 -2.0112e-08
    0.127185     0.127184 -2.01945e-08
    0.127703     0.127702 -2.02768e-08
     0.12822     0.128219 -2.03588e-08
    0.128735     0.128734 -2.04406e-08
    0.129249     0.129248 -2.05222e-08
    0.129761     0.129761 -2.06036e-08
    0.130272     0.130272 -2.06847e-08
    0.130781     0.130781 -2.07656e-08
    0.131289     0.131289 -2.08462e-08
    0.131795     0.131795 -2.09266e-08
      0.1323       0.1323 -2.10068e-08
    0.132803     0.132803 -2.10867e-08
    0.133305     0.133305 -2.11663e-08
    0.133805     0.133805 -2.12457e-08
    0.134304     0.134303 -2.13248e-08
      0.1348       0.1348 -2.14037e-08
    0.135296     0.135295 -2.14824e-08
    0.135789     0.135789 -2.15607e-08
    0.136281     0.136281 -2.16388e-08
    0.136771     0.136771 -2.17167e-08
     0.13726     0.137259 -2.17942e-08
    0.137747     0.137746 -2.18715e-08
    0.138232     0.138231 -2.19486e-08
    0.138715     0.138715 -2.20253e-08
    0.139197     0.139196 -2.21018e-08
   0.139677    0.139676 -2.2178e-08
    0.140155     0.140155 -2.22539e-08
    0.140631     0.140631 -2.23296e-08
    0.141106     0.141105 -2.24049e-08
  0.141579   0.141578 -2.248e-08
     0.14205     0.142049 -2.25548e-08
    0.142519     0.142518 -2.26292e-08
    0.142986     0.142985 -2.27034e-08
    0.143451     0.143451 -2.27773e-08
    0.143915     0.143914 -2.28509e-08
    0.144376     0.144376 -2.29242e-08
    0.144836     0.144836 -2.29972e-08
    0.145294     0.145294 -2.30699e-08
     0.14575     0.145749 -2.31423e-08
    0.146204     0.146203 -2.32144e-08
    0.146656     0.146655 -2.32862e-08
    0.147106     0.147106 -2.33576e-08
    0.147554     0.147554 -2.34288e-08
       0.148        0.148 -2.34996e-08
    0.148444     0.148444 -2.35701e-08
    0.148886     0.148886 -2.36403e-08
    0.149326     0.149326 -2.37102e-08
    0.149764     0.149764 -2.37797e-08
     0.1502      0.1502 -2.3849e-08
    0.150634     0.150634 -2.39179e-08
    0.151066     0.151066 -2.39865e-08
    0.151496     0.151496 -2.40547e-08
    0.151924     0.151923 -2.41226e-08
    0.152349     0.152349 -2.41902e-08
    0.152773     0.152773 -2.42574e-08
    0.153194     0.153194 -2.43243e-08
    0.153614     0.153613 -2.43909e-08
    0.154031      0.15403 -2.44571e-08
   0.154446    0.154445 -2.4523e-08
    0.154858     0.154858 -2.45886e-08
    0.155269     0.155269 -2.46538e-08
    0.155677     0.155677 -2.47186e-08
    0.156084     0.156083 -2.47831e-08
    0.156488     0.156487 -2.48472e-08
   0.156889    0.156889 -2.4911e-08
    0.157289     0.157288 -2.49745e-08
    0.157686     0.157686 -2.50376e-08
    0.158081     0.158081 -2.51003e-08
    0.158474     0.158474 -2.51627e-08
    0.158865     0.158864 -2.52247e-08
    0.159253     0.159252 -2.52863e-08
    0.159639     0.159638 -2.53476e-08
    0.160022     0.160022 -2.54085e-08
   0.160404    0.160403 -2.5469e-08
    0.160783     0.160782 -2.55292e-08
   0.161159    0.161159 -2.5589e-08
    0.161534     0.161533 -2.56484e-08
    0.161905     0.161905 -2.57075e-08
    0.162275     0.162275 -2.57662e-08
    0.162642     0.162642 -2.58245e-08
    0.163007     0.163007 -2.58824e-08
   0.16337   0.163369 -2.594e-08
     0.16373     0.163729 -2.59971e-08
    0.164087     0.164087 -2.60539e-08
    0.164442     0.164442 -2.61103e-08
    0.164795     0.164795 -2.61663e-08
   0.165146    0.165145 -2.6222e-08
    0.165493     0.165493 -2.62772e-08
   0.165839    0.165838 -2.6332e-08
    0.166182     0.166181 -2.63865e-08
    0.166522     0.166522 -2.64406e-08
     0.16686      0.16686 -2.64942e-08
    0.167196     0.167195 -2.65475e-08
    0.167529     0.167528 -2.66004e-08
    0.167859     0.167859 -2.66529e-08
   0.168187    0.168187 -2.6705e-08
    0.168513     0.168512 -2.67566e-08
    0.168836     0.168835 -2.68079e-08
    0.169156     0.169156 -2.68588e-08
    0.169474     0.169474 -2.69093e-08
     0.16979     0.169789 -2.69593e-08
   0.170102    0.170102 -2.7009e-08
    0.170412     0.170412 -2.70582e-08
     0.17072      0.17072 -2.71071e-08
    0.171025     0.171025 -2.71555e-08
    0.171327     0.171327 -2.72035e-08
    0.171627     0.171627 -2.72511e-08
    0.171924     0.171924 -2.72983e-08
    0.172219     0.172219 -2.73451e-08
    0.172511      0.17251 -2.73915e-08
      0.1728       0.1728 -2.74374e-08
    0.173087     0.173086 -2.74829e-08
   0.173371    0.173371 -2.7528e-08
    0.173652     0.173652 -2.75727e-08
    0.173931     0.173931 -2.76169e-08
    0.174207     0.174207 -2.76608e-08
    0.174481      0.17448 -2.77042e-08
    0.174751     0.174751 -2.77472e-08
    0.175019     0.175019 -2.77897e-08
    0.175285     0.175284 -2.78318e-08
    0.175547     0.175547 -2.78735e-08
    0.175807     0.175807 -2.79148e-08
    0.176064     0.176064 -2.79556e-08
   0.176319    0.176318 -2.7996e-08
    0.17657     0.17657 -2.8036e-08
    0.176819     0.176819 -2.80755e-08
    0.177066     0.177065 -2.81146e-08
    0.177309     0.177309 -2.81533e-08
     0.17755     0.177549 -2.81915e-08
    0.177788     0.177787 -2.82293e-08
    0.178023     0.178023 -2.82667e-08
    0.178256     0.178255 -2.83036e-08
    0.178485     0.178485 -2.83401e-08
    0.178712     0.178712 -2.83761e-08
    0.178936     0.178936 -2.84117e-08
    0.179158     0.179157 -2.84468e-08
    0.179376     0.179376 -2.84815e-08
    0.179592     0.179591 -2.85158e-08
    0.179805     0.179804 -2.85496e-08
   0.180015    0.180015 -2.8583e-08
    0.180222     0.180222 -2.86159e-08
    0.180427     0.180426 -2.86483e-08
    0.180628     0.180628 -2.86804e-08
    0.180827     0.180827 -2.87119e-08
   0.181023    0.181023 -2.8743e-08
    0.181216     0.181216 -2.87737e-08
    0.181407     0.181406 -2.88039e-08
    0.181594     0.181594 -2.88337e-08
   0.181779    0.181778 -2.8863e-08
     0.18196      0.18196 -2.88918e-08
    0.182139     0.182139 -2.89202e-08
    0.182315     0.182315 -2.89482e-08
    0.182488     0.182488 -2.89757e-08
    0.182658     0.182658 -2.90027e-08
    0.182826     0.182825 -2.90292e-08
     0.18299      0.18299 -2.90554e-08
   0.183152    0.183151 -2.9081e-08
     0.18331      0.18331 -2.91062e-08
    0.183466     0.183466 -2.91309e-08
    0.183619     0.183619 -2.91552e-08
   0.183769    0.183769 -2.9179e-08
    0.183916     0.183916 -2.92024e-08
     0.18406      0.18406 -2.92253e-08
    0.184201     0.184201 -2.92477e-08
     0.18434     0.184339 -2.92696e-08
    0.184475     0.184475 -2.92911e-08
    0.184608     0.184607 -2.93122e-08
    0.184737     0.184737 -2.93327e-08
    0.184864     0.184863 -2.93528e-08
    0.184987     0.184987 -2.93725e-08
    0.185108     0.185107 -2.93916e-08
    0.185226     0.185225 -2.94103e-08
    0.185341      0.18534 -2.94285e-08
    0.185452     0.185452 -2.94463e-08
    0.185561     0.185561 -2.94636e-08
    0.185667     0.185667 -2.94804e-08
     0.18577      0.18577 -2.94968e-08
     0.18587      0.18587 -2.95127e-08
    0.185967     0.185967 -2.95281e-08
   0.186062    0.186061 -2.9543e-08
    0.186153     0.186152 -2.95575e-08
    0.186241      0.18624 -2.95715e-08
   0.186326    0.186326 -2.9585e-08
    0.186408     0.186408 -2.95981e-08
    0.186488     0.186487 -2.96107e-08
    0.186564     0.186563 -2.96228e-08
    0.186637     0.186637 -2.96344e-08
    0.186708     0.186707 -2.96456e-08
    0.186775     0.186774 -2.96563e-08
    0.186839     0.186839 -2.96665e-08
    0.186901       0.1869 -2.96763e-08
    0.186959     0.186959 -2.96856e-08
    0.187015     0.187014 -2.96944e-08
    0.187067     0.187067 -2.97027e-08
    0.187116     0.187116 -2.97105e-08
    0.187163     0.187162 -2.97179e-08
    0.187206     0.187206 -2.97248e-08
    0.187247     0.187246 -2.97312e-08
    0.187284     0.187284 -2.97372e-08
    0.187319     0.187318 -2.97427e-08
     0.18735      0.18735 -2.97477e-08
    0.187379     0.187378 -2.97522e-08
    0.187404     0.187404 -2.97562e-08
    0.187427     0.187426 -2.97598e-08
    0.187446     0.187446 -2.97629e-08
    0.187463     0.187462 -2.97655e-08
    0.187476     0.187476 -2.97677e-08
    0.187487     0.187486 -2.97693e-08
    0.187494     0.187494 -2.97705e-08
    0.187499     0.187498 -2.97712e-08
      0.1875       0.1875 -2.97715e-08
    0.187499     0.187498 -2.97712e-08
    0.187494     0.187494 -2.97705e-08
    0.187487     0.187486 -2.97693e-08
    0.187476     0.187476 -2.97677e-08
    0.187463     0.187462 -2.97655e-08
    0.187446     0.187446 -2.97629e-08
    0.187427     0.187426 -2.97598e-08
    0.187404     0.187404 -2.97562e-08
    0.187379     0.187378 -2.97522e-08
     0.18735      0.18735 -2.97477e-08
    0.187319     0.187318 -2.97427e-08
    0.187284     0.187284 -2.97372e-08
    0.187247     0.187246 -2.97312e-08
    0.187206     0.187206 -2.97248e-08
    0.187163     0.187162 -2.97179e-08
    0.187116     0.187116 -2.97105e-08
    0.187067     0.187067 -2.97027e-08
    0.187015     0.187014 -2.96944e-08
    0.186959     0.186959 -2.96856e-08
    0.186901       0.1869 -2.96763e-08
    0.186839     0.186839 -2.96665e-08
    0.186775     0.186774 -2.96563e-08
    0.186708     0.186707 -2.96456e-08
    0.186637     0.186637 -2.96344e-08
    0.186564     0.186563 -2.96228e-08
    0.186488     0.186487 -2.96107e-08
    0.186408     0.186408 -2.95981e-08
   0.186326    0.186326 -2.9585e-08
    0.186241      0.18624 -2.95715e-08
    0.186153     0.186152 -2.95575e-08
   0.186062    0.186061 -2.9543e-08
    0.185967     0.185967 -2.95281e-08
     0.18587      0.18587 -2.95127e-08
     0.18577      0.18577 -2.94968e-08
    0.185667     0.185667 -2.94804e-08
    0.185561     0.185561 -2.94636e-08
    0.185452     0.185452 -2.94463e-08
    0.185341      0.18534 -2.94285e-08
    0.185226     0.185225 -2.94103e-08
    0.185108     0.185107 -2.93916e-08
    0.184987     0.184987 -2.93725e-08
    0.184864     0.184863 -2.93528e-08
    0.184737     0.184737 -2.93327e-08
    0.184608     0.184607 -2.93122e-08
    0.184475     0.184475 -2.92911e-08
     0.18434     0.184339 -2.92696e-08
    0.184201     0.184201 -2.92477e-08
     0.18406      0.18406 -2.92253e-08
    0.183916     0.183916 -2.92024e-08
   0.183769    0.183769 -2.9179e-08
    0.183619     0.183619 -2.91552e-08
    0.183466     0.183466 -2.91309e-08
     0.18331      0.18331 -2.91062e-08
   0.183152    0.183151 -2.9081e-08
     0.18299      0.18299 -2.90554e-08
    0.182826     0.182825 -2.90292e-08
    0.182658     0.182658 -2.90027e-08
    0.182488     0.182488 -2.89757e-08
    0.182315     0.182315 -2.89482e-08
    0.182139     0.182139 -2.89202e-08
     0.18196      0.18196 -2.88918e-08
   0.181779    0.181778 -2.8863e-08
    0.181594     0.181594 -2.88337e-08
    0.181407     0.181406 -2.88039e-08
    0.181216     0.181216 -2.87737e-08
   0.181023    0.181023 -2.8743e-08
    0.180827     0.180827 -2.87119e-08
    0.180628     0.180628 -2.86804e-08
    0.180427     0.180426 -2.86483e-08
    0.180222     0.180222 -2.86159e-08
   0.180015    0.180015 -2.8583e-08
    0.179805     0.179804 -2.85496e-08
    0.179592     0.179591 -2.85158e-08
    0.179376     0.179376 -2.84815e-08
    0.179158     0.179157 -2.84468e-08
    0.178936     0.178936 -2.84117e-08
    0.178712     0.178712 -2.83761e-08
    0.178485     0.178485 -2.83401e-08
    0.178256     0.178255 -2.83036e-08
    0.178023     0.178023 -2.82667e-08
    0.177788     0.177787 -2.82293e-08
     0.17755     0.177549 -2.81915e-08
    0.177309     0.177309 -2.81533e-08
    0.177066     0.177065 -2.81146e-08
    0.176819     0.176819 -2.80755e-08
    0.17657     0.17657 -2.8036e-08
   0.176319    0.176318 -2.7996e-08
    0.176064     0.176064 -2.79556e-08
    0.175807     0.175807 -2.79148e-08
    0.175547     0.175547 -2.78735e-08
    0.175285     0.175284 -2.78318e-08
    0.175019     0.175019 -2.77897e-08
    0.174751     0.174751 -2.77472e-08
    0.174481      0.17448 -2.77042e-08
    0.174207     0.174207 -2.76608e-08
    0.173931     0.173931 -2.76169e-08
    0.173652     0.173652 -2.75727e-08
   0.173371    0.173371 -2.7528e-08
    0.173087     0.173086 -2.74829e-08
      0.1728       0.1728 -2.74374e-08
    0.172511      0.17251 -2.73915e-08
    0.172219     0.172219 -2.73451e-08
    0.171924     0.171924 -2.72983e-08
    0.171627     0.171627 -2.72511e-08
    0.171327     0.171327 -2.72035e-08
    0.171025     0.171025 -2.71555e-08
     0.17072      0.17072 -2.71071e-08
    0.170412     0.170412 -2.70582e-08
   0.170102    0.170102 -2.7009e-08
     0.16979     0.169789 -2.69593e-08
    0.169474     0.169474 -2.69093e-08
    0.169156     0.169156 -2.68588e-08
    0.168836     0.168835 -2.68079e-08
    0.168513     0.168512 -2.67566e-08
   0.168187    0.168187 -2.6705e-08
    0.167859     0.167859 -2.66529e-08
    0.167529     0.167528 -2.66004e-08
    0.167196     0.167195 -2.65475e-08
     0.16686      0.16686 -2.64942e-08
    0.166522     0.166522 -2.64406e-08
    0.166182     0.166181 -2.63865e-08
   0.165839    0.165838 -2.6332e-08
    0.165493     0.165493 -2.62772e-08
   0.165146    0.165145 -2.6222e-08
    0.164795     0.164795 -2.61663e-08
    0.164442     0.164442 -2.61103e-08
    0.164087     0.164087 -2.60539e-08
     0.16373     0.163729 -2.59971e-08
   0.16337   0.163369 -2.594e-08
    0.163007     0.163007 -2.58824e-08
    0.162642     0.162642 -2.58245e-08
    0.162275     0.162275 -2.57662e-08
    0.161905     0.161905 -2.57075e-08
    0.161534     0.161533 -2.56484e-08
   0.161159    0.161159 -2.5589e-08
    0.160783     0.160782 -2.55292e-08
   0.160404    0.160403 -2.5469e-08
    0.160022     0.160022 -2.54085e-08
    0.159639     0.159638 -2.53476e-08
    0.159253     0.159252 -2.52863e-08
    0.158865     0.158864 -2.52247e-08
    0.158474     0.158474 -2.51627e-08
    0.158081     0.158081 -2.51003e-08
    0.157686     0.157686 -2.50376e-08
    0.157289     0.157288 -2.49745e-08
   0.156889    0.156889 -2.4911e-08
    0.156488     0.156487 -2.48472e-08
    0.156084     0.156083 -2.47831e-08
    0.155677     0.155677 -2.47186e-08
    0.155269     0.155269 -2.46538e-08
    0.154858     0.154858 -2.45886e-08
   0.154446    0.154445 -2.4523e-08
    0.154031      0.15403 -2.44571e-08
    0.153614     0.153613 -2.43909e-08
    0.153194     0.153194 -2.43243e-08
    0.152773     0.152773 -2.42574e-08
    0.152349     0.152349 -2.41902e-08
    0.151924     0.151923 -2.41226e-08
    0.151496     0.151496 -2.40547e-08
    0.151066     0.151066 -2.39865e-08
    0.150634     0.150634 -2.39179e-08
     0.1502      0.1502 -2.3849e-08
    0.149764     0.149764 -2.37797e-08
    0.149326     0.149326 -2.37102e-08
    0.148886     0.148886 -2.36403e-08
    0.148444     0.148444 -2.35701e-08
       0.148        0.148 -2.34996e-08
    0.147554     0.147554 -2.34288e-08
    0.147106     0.147106 -2.33576e-08
    0.146656     0.146655 -2.32862e-08
    0.146204     0.146203 -2.32144e-08
     0.14575     0.145749 -2.31423e-08
    0.145294     0.145294 -2.30699e-08
    0.144836     0.144836 -2.29972e-08
    0.144376     0.144376 -2.29242e-08
    0.143915     0.143914 -2.28509e-08
    0.143451     0.143451 -2.27773e-08
    0.142986     0.142985 -2.27034e-08
    0.142519     0.142518 -2.26292e-08
     0.14205     0.142049 -2.25548e-08
  0.141579   0.141578 -2.248e-08
    0.141106     0.141105 -2.24049e-08
    0.140631     0.140631 -2.23296e-08
    0.140155     0.140155 -2.22539e-08
   0.139677    0.139676 -2.2178e-08
    0.139197     0.139196 -2.21018e-08
    0.138715     0.138715 -2.20253e-08
    0.138232     0.138231 -2.19486e-08
    0.137747     0.137746 -2.18715e-08
     0.13726     0.137259 -2.17942e-08
    0.136771     0.136771 -2.17167e-08
    0.136281     0.136281 -2.16388e-08
    0.135789     0.135789 -2.15607e-08
    0.135296     0.135295 -2.14824e-08
      0.1348       0.1348 -2.14037e-08
    0.134304     0.134303 -2.13248e-08
    0.133805     0.133805 -2.12457e-08
    0.133305     0.133305 -2.11663e-08
    0.132803     0.132803 -2.10867e-08
      0.1323       0.1323 -2.10068e-08
    0.131795     0.131795 -2.09266e-08
    0.131289     0.131289 -2.08462e-08
    0.130781     0.130781 -2.07656e-08
    0.130272     0.130272 -2.06847e-08
    0.129761     0.129761 -2.06036e-08
    0.129249     0.129248 -2.05222e-08
    0.128735     0.128734 -2.04406e-08
     0.12822     0.128219 -2.03588e-08
    0.127703     0.127702 -2.02768e-08
    0.127185     0.127184 -2.01945e-08
   0.126665    0.126665 -2.0112e-08
    0.126144     0.126144 -2.00293e-08
    0.125622     0.125621 -1.99463e-08
    0.125098     0.125098 -1.98632e-08
    0.124573     0.124573 -1.97798e-08
    0.124047     0.124046 -1.96962e-08
    0.123519     0.123518 -1.96124e-08
     0.12299     0.122989 -1.95284e-08
    0.122459     0.122459 -1.94442e-08
    0.121928     0.121928 -1.93598e-08
    0.121395     0.121395 -1.92752e-08
    0.120861     0.120861 -1.91904e-08
    0.120326     0.120325 -1.91054e-08
    0.119789     0.119789 -1.90202e-08
    0.119251     0.119251 -1.89348e-08
    0.118712     0.118712 -1.88493e-08
    0.118172     0.118172 -1.87635e-08
    0.117631     0.117631 -1.86776e-08
    0.117089     0.117089 -1.85915e-08
    0.116545     0.116545 -1.85052e-08
    0.116001     0.116001 -1.84187e-08
    0.115455     0.115455 -1.83321e-08
    0.114909     0.114908 -1.82453e-08
    0.114361     0.114361 -1.81583e-08
    0.113812     0.113812 -1.80712e-08
    0.113262     0.113262 -1.79839e-08
    0.112712     0.112711 -1.78964e-08
     0.11216     0.112159 -1.78088e-08
    0.111607     0.111607 -1.77211e-08
    0.111053     0.111053 -1.76332e-08
    0.110499     0.110499 -1.75451e-08
    0.109943     0.109943 -1.74569e-08
    0.109387     0.109387 -1.73686e-08
     0.10883     0.108829 -1.72801e-08
    0.108272     0.108271 -1.71915e-08
    0.107713     0.107712 -1.71027e-08
    0.107153     0.107153 -1.70138e-08
    0.106592     0.106592 -1.69248e-08
    0.106031     0.106031 -1.68357e-08
    0.105469     0.105469 -1.67465e-08
    0.104906     0.104906 -1.66571e-08
    0.104342     0.104342 -1.65676e-08
   0.103778    0.103778 -1.6478e-08
    0.103213     0.103213 -1.63883e-08
    0.102647     0.102647 -1.62985e-08
    0.102081     0.102081 -1.62085e-08
    0.101514     0.101514 -1.61185e-08
    0.100946     0.100946 -1.60284e-08
    0.100378     0.100378 -1.59382e-08
   0.0998094    0.0998092 -1.58478e-08
   0.0992401    0.0992398 -1.57574e-08
   0.0986702    0.0986699 -1.56669e-08
   0.0980997    0.0980994 -1.55764e-08
   0.0975288    0.0975285 -1.54857e-08
  0.0969573    0.096957 -1.5395e-08
   0.0963854    0.0963851 -1.53042e-08
    0.095813    0.0958128 -1.52133e-08
   0.0952402    0.0952399 -1.51223e-08
    0.094667    0.0946667 -1.50313e-08
   0.0940934    0.0940931 -1.49402e-08
   0.0935194    0.0935191 -1.48491e-08
    0.092945    0.0929448 -1.47579e-08
   0.0923704    0.0923701 -1.46667e-08
   0.0917954    0.0917951 -1.45754e-08
  0.0912201   0.0912198 -1.4484e-08
   0.0906445    0.0906442 -1.43926e-08
   0.0900687    0.0900684 -1.43012e-08
   0.0894926    0.0894923 -1.42097e-08
   0.0889163    0.0889161 -1.41182e-08
   0.0883398    0.0883396 -1.40267e-08
   0.0877632    0.0877629 -1.39351e-08
   0.0871863    0.0871861 -1.38435e-08
   0.0866094    0.0866091 -1.37519e-08
   0.0860323    0.0860321 -1.36603e-08
   0.0854551    0.0854549 -1.35686e-08
  0.0848779   0.0848777 -1.3477e-08
   0.0843006    0.0843004 -1.33853e-08
   0.0837233     0.083723 -1.32937e-08
  0.0831459   0.0831457 -1.3202e-08
   0.0825686    0.0825683 -1.31103e-08
   0.0819912     0.081991 -1.30186e-08
   0.081414   0.0814138 -1.2927e-08
   0.0808368    0.0808366 -1.28353e-08
   0.0802597    0.0802595 -1.27437e-08
   0.0796827    0.0796825 -1.26521e-08
   0.0791058    0.0791056 -1.25605e-08
   0.0785291    0.0785289 -1.24689e-08
   0.0779526    0.0779524 -1.23774e-08
   0.0773762     0.077376 -1.22859e-08
   0.0768001    0.0767999 -1.21944e-08
  0.0762242    0.076224 -1.2103e-08
   0.0756486    0.0756484 -1.20116e-08
   0.0750733    0.0750731 -1.19202e-08
   0.0744983    0.0744981 -1.18289e-08
   0.0739236    0.0739234 -1.17377e-08
   0.0733492     0.073349 -1.16465e-08
   0.0727752     0.072775 -1.15553e-08
   0.0722017    0.0722014 -1.14642e-08
   0.0716285    0.0716283 -1.13732e-08
   0.0710557    0.0710555 -1.12823e-08
   0.0704835    0.0704833 -1.11914e-08
   0.0699117    0.0699115 -1.11006e-08
   0.0693404    0.0693402 -1.10099e-08
   0.0687696    0.0687694 -1.09193e-08
   0.0681994    0.0681992 -1.08288e-08
   0.0676298    0.0676296 -1.07383e-08
  0.0670607   0.0670605 -1.0648e-08
   0.0664923    0.0664921 -1.05577e-08
   0.0659245    0.0659243 -1.04676e-08
   0.0653574    0.0653572 -1.03775e-08
   0.0647909    0.0647908 -1.02876e-08
   0.0642252     0.064225 -1.01977e-08
  0.0636602     0.06366 -1.0108e-08
    0.063096    0.0630958 -1.00184e-08
   0.0625325    0.0625323 -9.92897e-09
   0.0619699    0.0619697 -9.83963e-09
    0.061408    0.0614079 -9.75042e-09
    0.060847    0.0608469 -9.66135e-09
   0.0602869    0.0602868 -9.57242e-09
   0.0597277    0.0597276 -9.48362e-09
   0.0591694    0.0591693 -9.39498e-09
   0.0586121    0.0586119 -9.30648e-09
   0.0580557    0.0580555 -9.21814e-09
   0.0575003    0.0575002 -9.12995e-09
   0.0569459    0.0569458 -9.04193e-09
   0.0563926    0.0563925 -8.95407e-09
   0.0558403    0.0558402 -8.86638e-09
   0.0552892     0.055289 -8.77886e-09
   0.0547391    0.0547389 -8.69152e-09
   0.0541902      0.05419 -8.60437e-09
   0.0536424    0.0536422 -8.51739e-09
  0.0530958   0.0530957 -8.4306e-09
   0.0525504    0.0525503 -8.34401e-09
   0.0520063    0.0520062 -8.25761e-09
   0.0514634    0.0514633 -8.17141e-09
   0.0509218    0.0509217 -8.08542e-09
   0.0503816    0.0503814 -7.99963e-09
   0.0498426    0.0498425 -7.91406e-09
   0.049305   0.0493049 -7.8287e-09
   0.0487688    0.0487687 -7.74356e-09
    0.048234    0.0482339 -7.65865e-09
   0.0477007    0.0477005 -7.57396e-09
  0.0471688   0.0471687 -7.4895e-09
   0.0466384    0.0466382 -7.40528e-09
   0.0461095    0.0461093 -7.32131e-09
   0.0455821     0.045582 -7.23757e-09
   0.0450563    0.0450562 -7.15408e-09
   0.0445321     0.044532 -7.07085e-09
   0.0440095    0.0440094 -6.98787e-09
   0.0434885    0.0434884 -6.90515e-09
  0.0429693   0.0429691 -6.8227e-09
   0.0424517    0.0424515 -6.74051e-09
  0.0419358   0.0419357 -6.6586e-09
   0.0414216    0.0414215 -6.57697e-09
   0.0409093    0.0409092 -6.49561e-09
   0.0403987    0.0403986 -6.41454e-09
   0.0398899    0.0398898 -6.33376e-09
    0.039383    0.0393829 -6.25328e-09
    0.038878    0.0388779 -6.17309e-09
  0.0383749   0.0383748 -6.0932e-09
   0.0378737    0.0378736 -6.01362e-09
   0.0373745    0.0373743 -5.93435e-09
  0.0368772   0.0368771 -5.8554e-09
   0.0363819    0.0363818 -5.77676e-09
   0.0358887    0.0358886 -5.69845e-09
   0.0353976    0.0353975 -5.62046e-09
   0.0349085    0.0349084 -5.54281e-09
   0.0344216    0.0344215 -5.46549e-09
   0.0339368    0.0339367 -5.38851e-09
   0.0334541     0.033454 -5.31188e-09
   0.0329737    0.0329736 -5.23559e-09
   0.0324955    0.0324954 -5.15966e-09
   0.0320195    0.0320195 -5.08409e-09
   0.0315459    0.0315458 -5.00888e-09
   0.0310745    0.0310744 -4.93404e-09
   0.0306055    0.0306054 -4.85957e-09
   0.0301388    0.0301387 -4.78547e-09
   0.0296745    0.0296745 -4.71175e-09
   0.0292127    0.0292126 -4.63842e-09
   0.0287533    0.0287532 -4.56547e-09
   0.0282963    0.0282963 -4.49292e-09
   0.0278419    0.0278418 -4.42077e-09
     0.02739    0.0273899 -4.34901e-09
   0.0269407    0.0269406 -4.27767e-09
   0.0264939    0.0264939 -4.20673e-09
   0.0260498    0.0260497 -4.13621e-09
   0.0256083    0.0256083 -4.06611e-09
   0.0251695    0.0251695 -3.99644e-09
   0.0247334    0.0247333 -3.92719e-09
      0.0243       0.0243 -3.85838e-09
   0.0238694    0.0238694 -3.79001e-09
   0.0234416    0.0234415 -3.72208e-09
  0.0230166   0.0230165 -3.6546e-09
   0.0225944    0.0225944 -3.58756e-09
   0.0221751    0.0221751 -3.52099e-09
   0.0217588    0.0217587 -3.45488e-09
   0.0213453    0.0213452 -3.38923e-09
   0.0209348    0.0209348 -3.32405e-09
   0.0205273    0.0205273 -3.25935e-09
   0.0201229    0.0201228 -3.19513e-09
   0.0197214    0.0197214 -3.13139e-09
   0.0193231    0.0193231 -3.06814e-09
   0.0189279    0.0189278 -3.00539e-09
   0.0185358    0.0185357 -2.94313e-09
   0.0181469    0.0181468 -2.88138e-09
   0.0177612    0.0177611 -2.82013e-09
  0.0173787   0.0173786 -2.7594e-09
   0.0169995    0.0169994 -2.69919e-09
  0.0166235   0.0166235 -2.6395e-09
   0.0162509    0.0162509 -2.58033e-09
  0.0158816   0.0158816 -2.5217e-09
   0.0155158    0.0155157 -2.46361e-09
   0.0151533    0.0151532 -2.40605e-09
   0.0147943    0.0147942 -2.34905e-09
   0.0144387    0.0144387 -2.29259e-09
   0.0140866    0.0140866 -2.23669e-09
   0.0137381    0.0137381 -2.18135e-09
   0.0133932    0.0133931 -2.12658e-09
   0.0130518    0.0130518 -2.07238e-09
   0.0127141     0.012714 -2.01875e-09
    0.01238   0.0123799 -1.9657e-09
   0.0120496    0.0120495 -1.91324e-09
   0.0117229    0.0117229 -1.86137e-09
     0.0114   0.0113999 -1.8101e-09
   0.0110808    0.0110808 -1.75942e-09
   0.0107655    0.0107655 -1.70935e-09
    0.010454     0.010454 -1.65989e-09
   0.0101464    0.0101463 -1.61105e-09
  0.00984267   0.00984264 -1.56283e-09
   0.0095429   0.00954287 -1.51523e-09
  0.00924709   0.00924707 -1.46826e-09
  0.00895529   0.00895527 -1.42193e-09
  0.00866752    0.0086675 -1.37624e-09
  0.00838382    0.0083838 -1.33119e-09
  0.00810421   0.00810419 -1.28679e-09
  0.00782874   0.00782872 -1.24305e-09
  0.00755742    0.0075574 -1.19997e-09
   0.0072903   0.00729028 -1.15756e-09
   0.0070274   0.00702738 -1.11582e-09
  0.00676876   0.00676874 -1.07475e-09
  0.00651441   0.00651439 -1.03436e-09
  0.00626438   0.00626437 -9.94665e-10
  0.00601871   0.00601869 -9.55656e-10
  0.00577743   0.00577741 -9.17345e-10
  0.00554056   0.00554055 -8.79735e-10
  0.00530815   0.00530813 -8.42833e-10
  0.00508022   0.00508021 -8.06642e-10
 0.00485681   0.0048568 -7.7117e-10
  0.00463796   0.00463795 -7.36419e-10
  0.00442369   0.00442367 -7.02397e-10
  0.00421403   0.00421402 -6.69108e-10
  0.00400903   0.00400902 -6.36557e-10
  0.00380871    0.0038087 -6.04751e-10
  0.00361311    0.0036131 -5.73693e-10
  0.00342226   0.00342225 -5.43389e-10
  0.00323619   0.00323618 -5.13845e-10
  0.00305494   0.00305493 -4.85066e-10
  0.00287854   0.00287853 -4.57058e-10
  0.00270703   0.00270702 -4.29825e-10
  0.00254043   0.00254043 -4.03372e-10
  0.00237879   0.00237879 -3.77707e-10
  0.00222214   0.00222213 -3.52833e-10
   0.0020705   0.00207049 -3.28756e-10
  0.00192392   0.00192391 -3.05481e-10
  0.00178242   0.00178242 -2.83015e-10
  0.00164605   0.00164605 -2.61362e-10
  0.00151484   0.00151484 -2.40528e-10
  0.00138882   0.00138881 -2.20518e-10
  0.00126802   0.00126802 -2.01337e-10
  0.00115248   0.00115248 -1.82992e-10
  0.00104224   0.00104224 -1.65488e-10
 0.000937324  0.000937322 -1.48829e-10
 0.000837774  0.000837772 -1.33023e-10
 0.000743622   0.00074362 -1.18073e-10
 0.000654903  0.000654901 -1.03986e-10
 0.000571652  0.000571651 -9.07675e-11
 0.000493904  0.000493903 -7.84226e-11
 0.000421695  0.000421694 -6.69571e-11
 0.000355058  0.000355058 -5.63765e-11
  0.00029403   0.00029403 -4.66864e-11
 0.000238646  0.000238645 -3.78924e-11
 0.000188941   0.00018894 -3.00002e-11
 0.000144949  0.000144949 -2.30152e-11
 0.000106708  0.000106708 -1.69432e-11
  7.4252e-05  7.42518e-05 -1.17898e-11
 4.76168e-05  4.76167e-05 -7.56065e-12
 2.68383e-05  2.68382e-05 -4.26141e-12
 1.19521e-05   1.1952e-05 -1.89776e-12
 2.99401e-06    2.994e-06 -4.75391e-13
-2.22045e-15 -1.77636e-15  3.17637e-22
0 0 0
0 0 0
0 0 0
0 0 0
0 0 0
0 0 0
0 0 0
0 0 0
0 0 0
0 0 0
0 0 0
0 0 0
0 0 0
0 0 0
0 0 0
0 0 0
0 0 0
0 0 0
0 0 0
0 0 0
0 0 0
0 0 0
0 0 0
0 0 0
0 0 0
0 0 0
0 0 0
0 0 0
0 0 0
0 0 0
0 0 0
0 0 0
0 0 0
0 0 0
0 0 0
0 0 0
0 0 0
0 0 0
0 0 0
0 0 0
0 0 0
0 0 0
0 0 0
0 0 0
0 0 0
0 0 0
0 0 0
0 0 0
0 0 0
0 0 0
0 0 0
0 0 0
0 0 0
0 0 0
0 0 0
0 0 0
0 0 0
0 0 0
0 0 0
0 0 0
0 0 0
0 0 0
0 0 0
0 0 0
0 0 0
0 0 0
0 0 0
0 0 0
0 0 0
0 0 0
0 0 0
0 0 0
0 0 0
0 0 0
0 0 0
0 0 0
0 0 0
0 0 0
0 0 0
0 0 0
0 0 0
0 0 0
0 0 0
0 0 0
0 0 0
0 0 0
0 0 0
0 0 0
0 0 0
0 0 0
0 0 0
0 0 0
0 0 0
0 0 0
0 0 0
0 0 0
0 0 0
0 0 0
0 0 0
0 0 0
0 0 0
0 0 0
0 0 0
0 0 0
0 0 0
0 0 0
0 0 0
0 0 0
0 0 0
0 0 0
0 0 0
0 0 0
0 0 0
0 0 0
0 0 0
0 0 0
0 0 0
0 0 0
0 0 0
0 0 0
0 0 0
0 0 0
0 0 0
0 0 0
0 0 0
0 0 0
0 0 0
0 0 0
0 0 0
0 0 0
0 0 0
0 0 0
0 0 0
0 0 0
0 0 0
0 0 0
0 0 0
0 0 0
0 0 0
0 0 0
0 0 0
0 0 0
0 0 0
0 0 0
0 0 0
0 0 0
0 0 0
0 0 0
0 0 0
0 0 0
0 0 0
0 0 0
0 0 0
0 0 0
0 0 0
0 0 0
0 0 0
0 0 0
0 0 0
0 0 0
0 0 0
0 0 0
0 0 0
0 0 0
0 0 0
0 0 0
0 0 0
0 0 0
0 0 0
0 0 0
0 0 0
0 0 0
0 0 0
0 0 0
0 0 0
0 0 0
0 0 0
0 0 0
0 0 0
0 0 0
0 0 0
0 0 0
0 0 0
0 0 0
0 0 0
0 0 0
0 0 0
0 0 0
0 0 0
0 0 0
0 0 0
0 0 0
0 0 0
0 0 0
0 0 0
0 0 0
0 0 0
0 0 0
0 0 0
0 0 0
0 0 0
0 0 0
0 0 0
0 0 0
0 0 0
0 0 0
0 0 0
0 0 0
0 0 0
0 0 0
0 0 0
0 0 0
0 0 0
0 0 0
0 0 0
0 0 0
0 0 0
0 0 0
0 0 0
0 0 0
0 0 0
0 0 0
0 0 0
0 0 0
0 0 0
0 0 0
0 0 0
0 0 0
0 0 0
0 0 0
0 0 0
0 0 0
0 0 0
0 0 0
0 0 0
0 0 0
0 0 0
0 0 0
0 0 0
0 0 0
0 0 0
0 0 0
0 0 0
0 0 0
0 0 0
0 0 0
0 0 0
0 0 0
0 0 0
0 0 0
0 0 0
0 0 0
0 0 0
0 0 0
0 0 0
0 0 0
0 0 0
0 0 0
0 0 0
0 0 0
0 0 0
0 0 0
0 0 0
0 0 0
0 0 0
0 0 0
0 0 0
0 0 0
0 0 0
0 0 0
0 0 0
0 0 0
0 0 0
0 0 0
0 0 0
0 0 0
0 0 0
0 0 0
0 0 0
0 0 0
0 0 0
0 0 0
0 0 0
0 0 0
0 0 0
0 0 0
0 0 0
0 0 0
0 0 0
0 0 0
0 0 0
0 0 0
0 0 0
0 0 0
0 0 0
0 0 0
0 0 0
0 0 0
0 0 0
0 0 0
0 0 0
0 0 0
0 0 0
0 0 0
0 0 0
0 0 0
0 0 0
0 0 0
0 0 0
0 0 0
0 0 0
0 0 0
0 0 0
0 0 0
0 0 0
0 0 0
0 0 0
0 0 0
0 0 0
0 0 0
0 0 0
0 0 0
0 0 0
0 0 0
0 0 0
0 0 0
0 0 0
0 0 0
0 0 0
0 0 0
0 0 0
0 0 0
0 0 0
0 0 0
0 0 0
0 0 0
0 0 0
0 0 0
0 0 0
0 0 0
0 0 0
0 0 0
0 0 0
0 0 0
0 0 0
0 0 0
0 0 0
0 0 0
0 0 0
0 0 0
0 0 0
0 0 0
0 0 0
0 0 0
0 0 0
0 0 0
0 0 0
0 0 0
0 0 0
0 0 0
0 0 0
0 0 0
0 0 0
0 0 0
0 0 0
0 0 0
0 0 0
0 0 0
0 0 0
0 0 0
0 0 0
0 0 0
0 0 0
0 0 0
0 0 0
0 0 0
0 0 0
0 0 0
0 0 0
0 0 0
0 0 0
0 0 0
0 0 0
0 0 0
0 0 0
0 0 0
0 0 0
0 0 0
0 0 0
0 0 0
0 0 0
0 0 0
0 0 0
0 0 0
0 0 0
0 0 0
0 0 0
0 0 0
0 0 0
0 0 0
0 0 0
0 0 0
0 0 0
0 0 0
0 0 0
0 0 0
0 0 0
0 0 0
0 0 0
0 0 0
0 0 0
0 0 0
0 0 0
0 0 0
0 0 0
0 0 0
0 0 0
0 0 0
0 0 0
0 0 0
0 0 0
0 0 0
0 0 0
0 0 0
0 0 0
0 0 0
0 0 0
0 0 0
0 0 0
0 0 0
0 0 0
0 0 0
0 0 0
0 0 0
0 0 0
0 0 0
0 0 0
0 0 0
0 0 0
0 0 0
0 0 0
0 0 0
0 0 0
0 0 0
0 0 0
0 0 0
0 0 0
0 0 0
0 0 0
0 0 0
0 0 0
0 0 0
0 0 0
0 0 0
0 0 0
0 0 0
0 0 0
0 0 0
0 0 0
0 0 0
0 0 0
0 0 0
0 0 0
0 0 0
0 0 0
0 0 0
0 0 0
0 0 0
0 0 0
0 0 0
0 0 0
0 0 0
0 0 0
0 0 0
0 0 0
0 0 0
0 0 0
0 0 0
0 0 0
0 0 0
0 0 0
0 0 0
0 0 0
0 0 0
0 0 0
0 0 0
0 0 0
0 0 0
0 0 0
0 0 0
0 0 0
0 0 0
0 0 0
0 0 0
0 0 0
0 0 0
0 0 0
0 0 0
0 0 0
0 0 0
0 0 0
0 0 0
0 0 0
0 0 0
0 0 0
0 0 0
0 0 0
0 0 0
0 0 0
0 0 0
0 0 0
0 0 0
0 0 0
0 0 0
0 0 0
0 0 0
0 0 0
0 0 0
0 0 0
0 0 0
0 0 0
0 0 0
0 0 0
0 0 0
0 0 0
0 0 0
0 0 0
0 0 0
0 0 0
0 0 0
0 0 0
0 0 0
0 0 0
0 0 0
0 0 0
0 0 0
0 0 0
0 0 0
0 0 0
0 0 0
0 0 0
0 0 0
0 0 0
0 0 0
0 0 0
0 0 0
0 0 0
0 0 0
0 0 0
0 0 0
0 0 0
0 0 0
0 0 0
0 0 0
0 0 0
0 0 0
0 0 0
0 0 0
0 0 0
0 0 0
0 0 0
0 0 0
0 0 0
0 0 0
0 0 0
0 0 0
0 0 0
0 0 0
0 0 0
0 0 0
0 0 0
0 0 0
0 0 0
0 0 0
0 0 0
0 0 0
0 0 0
0 0 0
0 0 0
0 0 0
0 0 0
0 0 0
0 0 0
0 0 0
0 0 0
0 0 0
0 0 0
0 0 0
0 0 0
0 0 0
0 0 0
0 0 0
0 0 0
0 0 0
0 0 0
0 0 0
0 0 0
0 0 0
0 0 0
0 0 0
0 0 0
0 0 0
0 0 0
0 0 0
0 0 0
0 0 0
0 0 0
0 0 0
0 0 0
0 0 0
0 0 0
0 0 0
0 0 0
0 0 0
0 0 0
0 0 0
0 0 0
0 0 0
0 0 0
0 0 0
0 0 0
0 0 0
0 0 0
0 0 0
0 0 0
0 0 0
0 0 0
0 0 0
0 0 0
0 0 0
0 0 0
0 0 0
0 0 0
0 0 0
0 0 0
0 0 0
0 0 0
0 0 0
0 0 0
0 0 0
0 0 0
0 0 0
0 0 0
0 0 0
0 0 0
0 0 0
0 0 0
0 0 0
0 0 0
0 0 0
0 0 0
0 0 0
0 0 0
0 0 0
0 0 0
0 0 0
0 0 0
0 0 0
0 0 0
0 0 0
0 0 0
0 0 0
0 0 0
0 0 0
0 0 0
0 0 0
0 0 0
0 0 0
0 0 0
0 0 0
0 0 0
0 0 0
0 0 0
0 0 0
0 0 0
0 0 0
0 0 0
0 0 0
0 0 0
0 0 0
0 0 0
0 0 0
0 0 0
0 0 0
0 0 0
0 0 0
0 0 0
0 0 0
0 0 0
0 0 0
0 0 0
0 0 0
0 0 0
0 0 0
0 0 0
0 0 0
0 0 0
0 0 0
0 0 0
0 0 0
0 0 0
0 0 0
0 0 0
0 0 0
0 0 0
0 0 0
0 0 0
0 0 0
0 0 0
0 0 0
0 0 0
0 0 0
0 0 0
0 0 0
0 0 0
0 0 0
0 0 0
0 0 0
0 0 0
0 0 0
0 0 0
0 0 0
0 0 0
0 0 0
0 0 0
0 0 0
0 0 0
0 0 0
0 0 0
0 0 0
0 0 0
0 0 0
0 0 0
0 0 0
0 0 0
0 0 0
0 0 0
0 0 0
0 0 0
0 0 0
0 0 0
0 0 0
0 0 0
0 0 0
0 0 0
0 0 0
0 0 0
0 0 0
0 0 0
0 0 0
0 0 0
0 0 0
0 0 0
0 0 0
0 0 0
0 0 0
0 0 0
0 0 0
0 0 0
0 0 0
0 0 0
0 0 0
0 0 0
0 0 0
0 0 0
0 0 0
0 0 0
0 0 0
0 0 0
0 0 0
0 0 0
0 0 0
0 0 0
0 0 0
0 0 0
0 0 0
0 0 0
0 0 0
0 0 0
0 0 0
0 0 0
0 0 0
0 0 0
0 0 0
0 0 0
0 0 0
0 0 0
0 0 0
0 0 0
0 0 0
0 0 0
0 0 0
0 0 0
0 0 0
0 0 0
0 0 0
0 0 0
0 0 0
0 0 0
0 0 0
0 0 0
0 0 0
0 0 0
0 0 0
0 0 0
0 0 0
0 0 0
0 0 0
0 0 0
0 0 0
0 0 0
0 0 0
0 0 0
0 0 0
0 0 0
0 0 0
0 0 0
0 0 0
0 0 0
0 0 0
0 0 0
0 0 0
0 0 0
0 0 0
0 0 0
0 0 0
0 0 0
0 0 0
0 0 0
0 0 0
0 0 0
0 0 0
0 0 0
0 0 0
0 0 0
0 0 0
0 0 0
0 0 0
0 0 0
0 0 0
0 0 0
0 0 0
0 0 0
0 0 0
0 0 0
0 0 0
0 0 0
0 0 0
0 0 0
0 0 0
0 0 0
0 0 0
0 0 0
0 0 0
0 0 0
0 0 0
0 0 0
0 0 0
0 0 0
0 0 0
0 0 0
0 0 0
0 0 0
0 0 0
0 0 0
0 0 0
0 0 0
0 0 0
0 0 0
0 0 0
0 0 0
0 0 0
0 0 0
0 0 0
0 0 0
0 0 0
0 0 0
0 0 0
0 0 0
0 0 0
0 0 0
0 0 0
0 0 0
0 0 0
0 0 0
0 0 0
0 0 0
0 0 0
0 0 0
0 0 0
0 0 0
0 0 0
0 0 0
0 0 0
0 0 0
0 0 0
0 0 0
0 0 0
0 0 0
0 0 0
0 0 0
0 0 0
0 0 0
0 0 0
0 0 0
0 0 0
0 0 0
0 0 0
0 0 0
0 0 0
0 0 0
0 0 0
0 0 0
0 0 0
0 0 0
0 0 0
0 0 0
0 0 0
0 0 0
0 0 0
0 0 0
0 0 0
0 0 0
0 0 0
0 0 0
0 0 0
0 0 0
0 0 0
0 0 0
0 0 0
0 0 0
0 0 0
0 0 0
0 0 0
0 0 0
0 0 0
0 0 0
0 0 0
0 0 0
0 0 0
0 0 0
0 0 0
0 0 0
0 0 0
0 0 0
0 0 0
0 0 0
0 0 0
0 0 0
0 0 0
0 0 0
0 0 0
0 0 0
0 0 0
0 0 0
0 0 0
0 0 0
0 0 0
0 0 0
0 0 0
0 0 0
0 0 0
0 0 0
0 0 0
0 0 0
0 0 0
0 0 0
0 0 0
0 0 0
0 0 0
0 0 0
0 0 0
0 0 0
0 0 0
0 0 0
0 0 0
0 0 0
0 0 0
0 0 0
0 0 0
0 0 0
0 0 0
0 0 0
0 0 0
0 0 0
0 0 0
0 0 0
0 0 0
0 0 0
0 0 0
0 0 0
0 0 0
