 2.75752e-39 -4.44403e-25  2.75752e-39 -4.44403e-25  1.76536e-39 -4.44403e-25  1.76536e-39 -4.44403e-25
 0.000138815 -3.34168e-06  0.000138831 -3.25389e-06  0.000138509 -4.72032e-06  0.000138563 -4.50695e-06
  0.00055341 -1.33098e-05  0.000553468 -1.29915e-05  0.000552198 -1.87766e-05  0.000552413 -1.79304e-05
  0.00124102 -2.98197e-05   0.00124114 -2.91579e-05   0.00123834 -4.19184e-05   0.00123879 -4.01308e-05
  0.00219888 -5.27803e-05   0.00219902  -5.1987e-05   0.00219425 -7.38159e-05     0.002195 -7.08356e-05
  0.00342424 -8.21165e-05   0.00342438 -8.13565e-05   0.00341718   -0.0001143   0.00341823 -0.000110097
  0.00491438 -0.000117672   0.00491448 -0.000117104   0.00490448 -0.000162995   0.00490574 -0.000157961
  0.00666657 -0.000159284    0.0066666 -0.000159121   0.00665341 -0.000219825   0.00665487 -0.000213971
  0.00867807 -0.000207038   0.00867791 -0.000207941   0.00866148 -0.000283785    0.0086628 -0.000278465
   0.0109463 -0.000260064    0.0109458 -0.000262809    0.0109259 -0.000355157    0.0109269 -0.000350924
   0.0134686 -0.000318347    0.0134677 -0.000323059    0.0134438 -0.000434141    0.0134446 -0.000431201
   0.0162422 -0.000381719    0.0162409 -0.000388505    0.0162128 -0.000520098    0.0162132 -0.000518376
   0.0192641 -0.000452051     0.019263 -0.000457606    0.0192304 -0.000611529    0.0192299 -0.000613732
    0.022532 -0.000526774    0.0225313 -0.000530849    0.0224938 -0.000709042    0.0224922 -0.000715677
   0.0260432 -0.000606928     0.026043 -0.000608201     0.026001 -0.000809688    0.0259976 -0.000823929
   0.0297953  -0.00069049    0.0297957 -0.000688019    0.0297491 -0.000914632    0.0297433 -0.000938859
   0.0337854 -0.000778373    0.0337866 -0.000771334    0.0337363  -0.00101957    0.0337266  -0.00106081
   0.0380115 -0.000867234    0.0380135  -0.00085601    0.0379594  -0.00112703    0.0379454  -0.00118708
   0.0424708 -0.000957958     0.042474 -0.000939051    0.0424157  -0.00123721    0.0423963  -0.00132118
    0.04716 -0.00105441   0.0471655  -0.0010215   0.0471027 -0.00134888   0.0470783 -0.00145595
   0.052077 -0.00115315   0.0520863 -0.00109686   0.0520188 -0.00145723   0.0519878 -0.00159533
  0.0572183 -0.00126014   0.0572332 -0.00116778   0.0571608 -0.00156447   0.0571237 -0.00173298
  0.0625828 -0.00136528   0.0626048 -0.00122591   0.0625282 -0.00166101   0.0624812 -0.00187805
   0.068166 -0.00148063   0.0681976 -0.00127593   0.0681164 -0.00175419    0.068058 -0.00202941
  0.0739682 -0.00158918     0.07401 -0.00130993   0.0739257 -0.00183003   0.0738527 -0.00218182
  0.0799856 -0.00169776    0.080038 -0.00133558   0.0799513 -0.00189703   0.0798621  -0.0023378
  0.0862153 -0.00180773   0.0862799 -0.00134474   0.0861915 -0.00195071   0.0860855 -0.00248923
  0.0926555 -0.00191506   0.0927325 -0.00134165   0.0926426 -0.00199486    0.092519 -0.00264115
   0.099304  -0.0020172   0.0993944 -0.00131063   0.0993022  -0.0020284   0.0991595 -0.00279693
   0.106157 -0.00212198    0.106262 -0.00125875    0.106168 -0.00204844    0.106006 -0.00294765
   0.113213 -0.00222109    0.113333  -0.0011738    0.113236 -0.00206387    0.113058 -0.00308564
   0.120473 -0.00229623    0.120604 -0.00106576    0.120504 -0.00206892    0.120311 -0.00321874
    0.127932  -0.00235156     0.128071 -0.000925622     0.127964  -0.00211312     0.127766  -0.00333038
    0.135589  -0.00238459     0.135732 -0.000761047     0.135617  -0.00216495     0.135414  -0.00344774
    0.143441  -0.00238915     0.143584 -0.000566906     0.143462  -0.00221649     0.143256  -0.00355609
    0.151484  -0.00237656     0.151623 -0.000346772       0.1515  -0.00224162     0.151287  -0.00366644
    0.159718  -0.00232642     0.159847 -7.17045e-05     0.159726  -0.00225615     0.159511  -0.00375156
   0.168137 -0.00225509    0.168252 0.000229602    0.168135 -0.00228136    0.167914 -0.00386231
   0.176741 -0.00214592    0.176834 0.000530996    0.176727 -0.00228818    0.176504 -0.00394677
   0.185525 -0.00200671    0.185593  0.00085801    0.185499 -0.00230134    0.185273 -0.00403078
   0.194488 -0.00182514    0.194524  0.00121874    0.194451 -0.00228399    0.194224 -0.00408983
   0.203623 -0.00162469    0.203624  0.00160717    0.203576  -0.0022721     0.20335 -0.00414552
   0.212931 -0.00139092    0.212892  0.00202182    0.212877 -0.00221884    0.212649 -0.00420096
   0.222402 -0.00122916    0.222325  0.00244633    0.222348 -0.00215335    0.222122 -0.00422174
    0.23204 -0.00105714    0.231934   0.0027458    0.231989 -0.00205067    0.231765 -0.00421958
     0.24184 -0.000926118      0.24171   0.00301734     0.241793  -0.00196506     0.241577  -0.00418656
    0.251803 -0.000795111     0.251646   0.00331656      0.25176  -0.00185416     0.251554  -0.00412837
    0.261926 -0.000640666      0.26174   0.00362213     0.261888  -0.00173355     0.261687  -0.00409233
   0.272206 -0.00049235    0.271992  0.00393181    0.272175 -0.00155911    0.271983 -0.00401596
    0.282641 -0.000275563     0.282391   0.00430811     0.282617  -0.00137328     0.282432  -0.00394951
    0.293229 -5.63356e-05     0.292942   0.00469546     0.293211  -0.00119598     0.293035  -0.00386169
    0.303967  0.000204933      0.30364   0.00510124     0.303955 -0.000981502     0.303791   -0.0037484
    0.314851  0.000499273     0.314483   0.00553359     0.314848 -0.000726112     0.314693  -0.00364297
     0.32588  0.000818508     0.325463   0.00602312     0.325885 -0.000470191     0.325745  -0.00348892
    0.337052   0.00110074     0.336587   0.00649873     0.337065 -0.000199943     0.336943  -0.00329679
   0.348363   0.0014363    0.347843  0.00702994    0.348386 9.27238e-05    0.348282 -0.00308203
   0.359812  0.00175921    0.359243  0.00752853    0.359843 0.000442782    0.359758 -0.00287021
   0.371397  0.00210272     0.37077  0.00808246    0.371435 0.000830751    0.371373  -0.0025992
   0.383114  0.00246735    0.382427   0.0086572    0.383159  0.00126178    0.383119 -0.00235939
   0.394957  0.00292598     0.39421  0.00925571    0.395012  0.00168886    0.394998 -0.00206329
   0.406929   0.0033622    0.406117  0.00988424    0.406991  0.00216072    0.407006 -0.00176297
   0.419024  0.00385609    0.418136   0.0105887    0.419098  0.00259139    0.419141 -0.00141504
   0.431237  0.00441388    0.430278   0.0112963    0.431324  0.00310691      0.4314 -0.00105533
    0.443575   0.00493166     0.442527    0.0120756     0.443668   0.00367605      0.44378 -0.000662189
    0.456023   0.00553853     0.454883    0.0129076     0.456127   0.00426886      0.45628 -0.000218849
   0.468588  0.00614587    0.467362   0.0137124    0.468702  0.00487684    0.468895 0.000286329
   0.481258  0.00683902    0.479935   0.0146032    0.481383  0.00556996    0.481624 0.000776359
  0.494039 0.00752865   0.492615  0.0155109   0.494173  0.0062732   0.494463 0.00135863
  0.506931 0.00820556   0.505383  0.0165062   0.507064 0.00704795   0.507408 0.00198118
  0.519915 0.00900655   0.518247  0.0175409   0.520059 0.00783743   0.520456  0.0027043
   0.53299 0.00989032   0.531194  0.0186561   0.533134 0.00881684    0.53361  0.0033699
   0.54616  0.0108236   0.544239  0.0197813   0.546305 0.00981573   0.546853 0.00422587
   0.5594 0.0119241   0.55737 0.0209514  0.559582 0.0107503  0.560194 0.0050821
  0.572742  0.0129783   0.570592  0.0221406   0.572931  0.0118369   0.573634 0.00587888
  0.586173  0.0140509   0.583862  0.0234808    0.58638  0.0128711   0.587156 0.00681769
  0.599668   0.015266   0.597198  0.0249012   0.599904  0.0140003    0.60076 0.00783972
  0.613263  0.0164127   0.610598  0.0263881   0.613505  0.0151816    0.61446 0.00877652
  0.626925  0.0176548   0.624024  0.0280483   0.627166  0.0164964   0.628227 0.00988378
 0.640646  0.019001  0.637544 0.0296647  0.640908 0.0178072  0.642082 0.0109443
 0.654418 0.0204654   0.65111  0.031373  0.654706 0.0192205  0.656016 0.0120275
 0.668214 0.0221361  0.664764 0.0330476  0.668574 0.0206656  0.670001 0.0133078
 0.682078 0.0238146  0.678431 0.0348804  0.682506 0.0221501  0.684062 0.0145694
 0.695975 0.0256147  0.692175 0.0366975  0.696491 0.0237104  0.698151 0.0160966
  0.70994 0.0274053  0.705946 0.0386182  0.710544 0.0252732  0.712294 0.0176823
 0.723988 0.0291285  0.719765 0.0405793  0.724625 0.0269763  0.726506 0.0192448
 0.738092 0.0308773  0.733613 0.0426197  0.738718 0.0288524  0.740737 0.0210085
 0.752294 0.0325202  0.747579 0.0445337  0.752825 0.0308676  0.755036  0.022724
 0.766471 0.0344204  0.761503  0.046673  0.767015 0.0327937  0.769345 0.0246363
 0.780671 0.0364129  0.775465 0.0488528  0.781205 0.0348821  0.783725 0.0264671
 0.794888 0.0385061  0.789426 0.0511411  0.795468 0.0369034   0.79811 0.0284733
 0.809126 0.0406719  0.803487 0.0533355  0.809704 0.0391371  0.812549 0.0304533
 0.823396 0.0428759  0.817536  0.055651  0.823969 0.0414083  0.827009 0.0325233
 0.837706 0.0450909  0.831654 0.0579291  0.838168 0.0439512  0.841479 0.0346963
  0.85192 0.0476352  0.845723 0.0603854  0.852506 0.0462418  0.856014 0.0367919
 0.866292 0.0498979  0.859684 0.0631097  0.866817 0.0486897    0.8705 0.0391522
  0.88053 0.0525445  0.873661 0.0658664   0.88117   0.05112  0.885066  0.041381
 0.894916 0.0549403  0.887565 0.0688021  0.895402 0.0538933  0.899597  0.043803
 0.909224 0.0575711  0.901656 0.0714738  0.909762 0.0564482  0.914148   0.04625
 0.923486 0.0603516  0.915702 0.0742738  0.924067  0.059176   0.92864 0.0489155
 0.937857 0.0629675  0.929623 0.0773173   0.93847 0.0617601  0.943055 0.0518166
 0.952132 0.0658169  0.943455 0.0805304   0.95276 0.0646168   0.95756 0.0545417
 0.966455 0.0686156  0.957362 0.0836562  0.967146 0.0673297  0.972024 0.0574009
 0.980608 0.0717579  0.971176 0.0869447  0.981383 0.0703578  0.986489 0.0602899
 0.994791 0.0748675  0.985011 0.0902217  0.995646 0.0733639   1.00096 0.0631842
  1.00889 0.0781424  0.998858 0.0934999   1.00984 0.0765091   1.01545  0.066088
  1.02301 0.0813855   1.01257 0.0969838   1.02395 0.0798212   1.02986 0.0691518
  1.03698  0.084874    1.0261  0.100712   1.03813 0.0830157   1.04437 0.0720483
  1.05089 0.0884571   1.03955  0.104542   1.05211 0.0865346   1.05866 0.0753566
  1.06485 0.0919645   1.05285  0.108548   1.06606 0.0901076   1.07279 0.0789531
  1.07879  0.095484   1.06619  0.112502   1.08001  0.093669   1.08695 0.0824889
   1.0925 0.0993349   1.07935  0.116648   1.09394 0.0972412   1.10091 0.0863319
  1.10614  0.103258   1.09216  0.121189   1.10773  0.101013   1.11484 0.0901855
 1.11978 0.107166  1.10485 0.125826  1.12144 0.104867  1.12883 0.093923
  1.13349  0.110961   1.11736  0.130626   1.13503  0.108876   1.14276 0.0977214
 1.14692 0.115092  1.13017 0.135049  1.14864 0.112814  1.15664 0.101558
 1.16005 0.119576  1.14311 0.139306  1.16186 0.117243  1.17016 0.105887
  1.1732  0.12398   1.1561 0.143482  1.17481 0.121967  1.18383 0.109967
 1.18649 0.128175  1.16841 0.148338   1.1873 0.127198  1.19721 0.114393
 1.19942 0.132771  1.18084 0.153024  1.20005 0.132015  1.21058 0.118775
 1.21253 0.137097   1.1929 0.158046   1.2127 0.136902  1.22373 0.123391
 1.22529 0.141793  1.20473 0.163236  1.22541 0.141655  1.23694 0.127862
 1.23804  0.14644  1.21661 0.168317  1.23771 0.146808     1.25 0.132472
 1.25031 0.151556  1.22835  0.17348  1.25028 0.151598  1.26303  0.13706
 1.26294 0.156236  1.24009 0.178592  1.26263 0.156556   1.2756 0.142135
 1.27506 0.161382   1.2516 0.183862  1.27463 0.161832  1.28805 0.147262
 1.28729 0.166365  1.26342 0.188801  1.28652 0.167141  1.30037 0.152467
 1.29902 0.171773  1.27447  0.19436  1.29804 0.172743  1.31224 0.158071
 1.31101 0.176865  1.28581 0.199614  1.30971 0.178118  1.32431 0.163376
  1.3226 0.182268  1.29657 0.205297  1.32142 0.183392  1.33609 0.168899
 1.33406 0.187727  1.30694 0.211232  1.33263 0.189054  1.34737 0.174844
  1.3451 0.193501  1.31731 0.217096  1.34369 0.194783  1.35831 0.181022
 1.35603  0.19929  1.32725  0.22322  1.35476 0.200422   1.3696 0.186749
 1.36672 0.205211  1.33736 0.229138  1.36551  0.20626  1.38095  0.19233
 1.37716 0.211258  1.34761  0.23488  1.37657 0.211754   1.3918 0.198293
 1.38771 0.217122  1.35772 0.240671   1.3869 0.217803  1.40225  0.20453
 1.39755 0.223491  1.36718 0.246861  1.39743 0.223591  1.41325 0.210172
 1.40793 0.229339   1.3766 0.253012  1.40723 0.229902  1.42379  0.21614
 1.41803 0.235323  1.38576 0.259274  1.41751 0.235735  1.43373 0.222521
  1.4286 0.240875  1.39381  0.26622  1.42728 0.241899  1.44372 0.228765
 1.43818  0.24711  1.40232 0.272762  1.43731 0.247777  1.45344 0.235134
 1.44833  0.25284  1.41129 0.278916  1.44664 0.254105  1.46342 0.241198
 1.45731 0.259363  1.41963 0.285415  1.45602 0.260316  1.47309 0.247425
 1.46658 0.265588  1.42849   0.2915  1.46479 0.266876  1.48273  0.25358
 1.47529  0.27213  1.43646 0.298087  1.47372 0.273238  1.49189 0.260013
 1.48481 0.278012    1.445 0.304238  1.48184 0.280082  1.50106 0.266346
 1.49304 0.284718  1.45298  0.31067  1.48995 0.286832  1.50995 0.272799
 1.50181 0.290967  1.46037 0.317383  1.49741 0.293925  1.51789 0.279831
 1.50969 0.297733  1.46764 0.324089  1.50491  0.30088   1.5261 0.286569
 1.51756 0.304408  1.47466 0.330863  1.51196 0.308033  1.53368 0.293642
  1.5244 0.311655  1.48091 0.337993  1.51915 0.314992  1.54149 0.300449
 1.53247 0.318023   1.4877 0.344734  1.52568 0.322267  1.54846 0.307715
 1.53959 0.324903  1.49403 0.351648  1.53243 0.329307  1.55576 0.314661
 1.54576 0.332273  1.49999 0.358688  1.53863  0.33658  1.56214 0.322092
 1.55236 0.339277  1.50591 0.365661  1.54457 0.343903  1.56876 0.329258
 1.55825 0.346613  1.51183 0.372553  1.55002 0.351406  1.57527 0.336389
  1.5642 0.353806  1.51815 0.379154  1.55553 0.358774  1.58053 0.344171
 1.56939 0.361333  1.52173 0.387101  1.56098 0.366071  1.58564 0.351924
 1.57525 0.368379  1.52613  0.39452  1.56604 0.373486  1.58986 0.360069
 1.58025 0.375812  1.52927 0.402477   1.5709 0.380906  1.59431 0.367955
 1.58434 0.383635  1.53274 0.410159  1.57621 0.387994  1.59972 0.375182
   1.588 0.391569  1.53583 0.417924  1.57987  0.39585  1.60398 0.382946
 1.59202 0.399202  1.53855 0.425766  1.58369 0.403518  1.60919 0.390088
 1.59562 0.406949  1.54056 0.433831  1.58795 0.410855  1.61306 0.397843
 1.59889 0.414749  1.54287 0.441654  1.59105 0.418679   1.6173 0.405296
 1.60214 0.422452  1.54548 0.449239  1.59431 0.426315  1.62112 0.412866
 1.60519 0.430155  1.54762 0.456939   1.5975 0.433885  1.62419  0.42071
 1.60771 0.438005  1.54991 0.464478  1.60051 0.441439  1.62864 0.427762
 1.60942 0.446128  1.55133 0.472299  1.60222 0.449508   1.6315 0.435501
 1.61212 0.453678  1.55287 0.479971   1.6036 0.457615  1.63538 0.442645
 1.61248 0.462201  1.55375 0.487827  1.60444 0.465851  1.63773 0.450426
 1.61314 0.470463  1.55462 0.495585  1.60439 0.474364  1.64067 0.457828
 1.61526 0.477959  1.55451 0.503639  1.60285 0.483397  1.64379 0.465051
 1.61656 0.485721   1.5549 0.511397  1.60318 0.491493  1.64456 0.473255
 1.61678 0.493845  1.55325 0.519853  1.60161 0.500275  1.64626 0.480926
 1.61756 0.501621  1.55301  0.52765  1.60099 0.508532  1.64694 0.488943
  1.6167 0.509974  1.55216 0.535582  1.60044 0.516649   1.6481 0.496646
 1.61673 0.517852  1.55224 0.543068  1.59948 0.524815  1.64846 0.504583
 1.61532 0.526198  1.55143 0.550792  1.59824 0.532982  1.64887 0.512396
 1.61381  0.53447  1.55212 0.557878   1.5988 0.540346  1.64814 0.520579
 1.61185 0.542804  1.55263  0.56495  1.59801 0.548135  1.64674 0.528916
 1.61094 0.550617  1.55148 0.572534  1.59701 0.555902  1.64649 0.536674
 1.61055  0.55813  1.55059 0.579934  1.59652 0.563385  1.64488 0.544868
 1.60968 0.565733  1.54921 0.587418  1.59427 0.571416  1.64351 0.552853
 1.60863 0.573306  1.54774 0.594845  1.59206 0.579332  1.64181 0.560856
 1.60559 0.581507  1.54731 0.601834  1.59081 0.586801     1.64 0.568796
 1.60487 0.588766  1.54458 0.609511  1.58854 0.594536  1.63712 0.577026
 1.60182 0.596759  1.54109 0.617339  1.58587 0.602308  1.63436 0.585094
 1.60049 0.604049  1.53791 0.624969  1.58281 0.610116  1.63138  0.59313
  1.5975 0.611816  1.53443 0.632597  1.58054 0.617556  1.62797 0.601211
 1.59467 0.619433  1.53071 0.640209  1.57736 0.625209  1.62515 0.608975
 1.59061  0.62736  1.52621 0.647963   1.5754 0.632364  1.62376 0.616141
 1.58638 0.635235  1.52147 0.655692  1.57183 0.639952  1.62027 0.623939
 1.58202 0.643048  1.51756 0.663073  1.56745 0.647704  1.61723 0.631477
 1.57665 0.651078  1.51287 0.670595  1.56336 0.655259  1.61245 0.639497
 1.57212 0.658732  1.50855 0.677915  1.55847 0.662965  1.60898 0.646978
 1.56651  0.66662  1.50318 0.685445   1.5529 0.670778   1.6037 0.654942
 1.56177 0.674137  1.49701 0.693106  1.54967 0.677784  1.59989 0.662332
 1.55572  0.68195  1.49156 0.700465  1.54446  0.68529  1.59426 0.670196
 1.55088 0.689297   1.4853 0.707952  1.54051 0.692336  1.58881 0.677893
 1.54508 0.696829  1.48095 0.714827  1.53527 0.699663   1.5831 0.685567
 1.53918 0.704291  1.47554 0.721902   1.5315 0.706479    1.579 0.692653
 1.53375 0.711519  1.46971 0.728999  1.52655 0.713545  1.57337 0.700104
 1.52807 0.718725   1.4628 0.736289  1.52266 0.720228  1.56651 0.707809
  1.5224 0.725837  1.45597 0.743464  1.51691  0.72734  1.56036 0.715206
 1.51541 0.733211  1.44924 0.750521   1.5114 0.734296  1.55381 0.722613
 1.50904 0.740323  1.44133 0.757779  1.50601 0.741129  1.54735 0.729896
 1.50367 0.747077  1.43577 0.764363  1.50019 0.747991   1.5399 0.737351
 1.49643 0.754231   1.4304  0.77082  1.49402 0.754856  1.53152 0.744952
  1.4888  0.76139  1.42395 0.777459  1.48677 0.761909  1.52402 0.752214
 1.48151 0.768366  1.41913 0.783629  1.48175 0.768305  1.51556 0.759622
 1.47427 0.775235  1.41169 0.790336  1.47473  0.77512  1.50832 0.766613
 1.46902 0.781524   1.4057 0.796623  1.46887 0.781561  1.49991 0.773805
 1.46164 0.788251  1.39797 0.803229  1.46142 0.788305  1.49287 0.780552
 1.45494 0.794728  1.38915 0.809991  1.45426 0.794889   1.4841 0.787637
 1.44646 0.801539  1.37808  0.81716  1.44721 0.801361  1.47405 0.794932
 1.43934  0.80794  1.36923 0.823738  1.43867 0.808095  1.46271 0.802426
 1.43118 0.814495  1.35901 0.830521  1.43034 0.814687  1.45096 0.809901
 1.42422 0.820689   1.3505 0.836843  1.42136 0.821336  1.44164 0.816696
 1.41635 0.827002  1.33947 0.843606  1.41384 0.827566  1.43508 0.822765
 1.40781 0.833381  1.33074 0.849797  1.40645 0.833683  1.42686 0.829128
 1.39808 0.839931  1.32157 0.855993  1.39726  0.84011  1.42064  0.83496
 1.38892 0.846261  1.31111 0.862359  1.38965 0.846106  1.41321 0.840982
 1.37915 0.852633  1.30026 0.868709  1.38074 0.852296  1.40641 0.846785
 1.36969 0.858848  1.28737  0.87536  1.37341  0.85807  1.39888 0.852666
 1.35894 0.865237  1.27691 0.881443  1.36548 0.863889  1.39093 0.858557
 1.35073 0.871017  1.26491 0.887725  1.35731 0.869677  1.38197 0.864578
 1.34166 0.876888   1.2551 0.893509  1.34815 0.875584  1.37354 0.870403
 1.33413 0.882369  1.24559 0.899154   1.3382 0.881563  1.36425 0.876319
 1.32513 0.888063  1.23538 0.904844  1.32874 0.887357  1.35663 0.881816
 1.31876 0.893167  1.22434 0.910594  1.31931 0.893061  1.34725 0.887583
 1.30994 0.898669  1.21555 0.915867  1.31049 0.898565  1.33859 0.893126
 1.30061 0.904189  1.20736 0.920963  1.30176 0.903971  1.32913 0.898742
 1.28948 0.909959  1.19749 0.926269  1.29415 0.909091  1.32081 0.904057
 1.27649  0.91598  1.18889 0.931285   1.2855 0.914328  1.31152 0.909479
 1.26379 0.921849  1.17892 0.936453  1.27862 0.919168  1.30341 0.914598
 1.25075  0.92768  1.17094 0.941219  1.27054 0.924153  1.29415 0.919854
 1.23955 0.933095  1.16101 0.946229  1.26071 0.929376  1.28461 0.925083
 1.22893 0.938324  1.15283 0.950883  1.25001 0.934671  1.27402 0.930417
  1.2171 0.943672  1.14289 0.955743  1.23962 0.939827   1.2635 0.935655
 1.20544 0.948906  1.13554 0.960127  1.22817 0.945082  1.25328 0.940756
  1.1927 0.954229    1.127 0.964627  1.21862 0.949932  1.24299 0.945789
 1.17906 0.959605  1.11558  0.96949  1.20787 0.954904  1.23457 0.950422
 1.16522 0.964919  1.10344  0.97438  1.19826 0.959607  1.22463 0.955239
 1.15256 0.969954  1.09294 0.978946  1.18807 0.964328  1.21505 0.959917
 1.14069 0.974778  1.08289 0.983369  1.17773 0.968995  1.20543 0.964525
 1.12872 0.979534  1.07306 0.987689  1.16847 0.973412  1.19655 0.968937
 1.11677 0.984203  1.06425 0.991791  1.15854 0.977862  1.18677  0.97342
 1.10567 0.988665   1.0557 0.995789  1.14951 0.982098   1.1785 0.977589
 1.09519 0.992959  1.04754 0.999667  1.14126 0.986144  1.16842 0.981971
 1.08612 0.996977  1.03936  1.00348  1.13208  0.99026   1.1596 0.986082
 1.07532  1.00117  1.03154  1.00718  1.12257 0.994353  1.14965 0.990294
 1.06491  1.00523  1.02189  1.01106  1.11473 0.998131  1.14134 0.994187
 1.05593  1.00902  1.01181  1.01492  1.10628  1.00193  1.13328 0.997973
1.04904 1.01246 1.00255  1.0186 1.09806 1.00563 1.12516  1.0017
 1.03978  1.01615 0.991305  1.02247  1.08892  1.00939  1.11684  1.00539
 1.03198  1.01958 0.978772  1.02643  1.08038    1.013  1.10735  1.00918
  1.0235  1.02304 0.966898  1.03022  1.07216  1.01649  1.09745  1.01295
 1.01582  1.02633 0.954612  1.03399  1.06477  1.01981  1.08752  1.01666
 1.00588  1.02984 0.944784  1.03738  1.05575  1.02328  1.07764  1.02029
0.996674  1.03319 0.935316  1.04067  1.04639  1.02673   1.0683  1.02377
0.986521  1.03658 0.926709  1.04379  1.03686  1.03013  1.05886   1.0272
 0.97968  1.03951 0.917674  1.04689  1.02835  1.03333  1.04989  1.03049
0.971246  1.04256 0.909919  1.04978  1.02039   1.0364   1.0397  1.03388
0.964882   1.0453 0.900898  1.05275  1.01109  1.03956  1.03064  1.03705
0.957985  1.04804 0.892452  1.05559  1.00195  1.04265  1.02263  1.04001
0.951446  1.05068 0.883861  1.05838 0.993281   1.0456  1.01277  1.04315
0.944391  1.05332 0.875985  1.06103 0.986142   1.0483   1.0041  1.04607
0.936918  1.05595 0.867363   1.0637 0.978367  1.05102  0.99624  1.04882
0.929978  1.05846 0.859223  1.06626 0.971221   1.0536 0.985335  1.05188
0.921675  1.06105 0.850937  1.06876 0.962268  1.05633 0.975454  1.05474
 0.91335  1.06359 0.841673  1.07131 0.953905  1.05892 0.964957  1.05761
0.903978  1.06618 0.833764  1.07365 0.943964  1.06164 0.957632  1.06003
0.895037  1.06866 0.823539  1.07616 0.934271  1.06426 0.948963  1.06255
0.886099  1.07107 0.814108  1.07853 0.926342  1.06661 0.940598  1.06497
 0.87663  1.07348 0.803031  1.08099 0.919326  1.06879 0.930399  1.06754
0.866955  1.07584   0.7946  1.08313  0.91133  1.07103 0.922169  1.06981
0.857286  1.07813 0.784701  1.08534 0.902546  1.07328 0.915173  1.07188
0.846336  1.08049 0.776412  1.08734 0.893868  1.07547 0.906834  1.07405
0.839967  1.08231 0.767345  1.08935 0.884607  1.07765 0.897372  1.07627
0.831971  1.08424 0.758657  1.09126 0.876464  1.07964 0.888419  1.07836
0.825002  1.08601 0.750212  1.09309 0.868121   1.0816 0.878239  1.08053
0.819387  1.08758 0.742692  1.09477 0.860256  1.08344  0.86766  1.08267
0.814856  1.08899 0.734865  1.09642 0.850971  1.08537 0.856544   1.0848
0.806358  1.09073  0.72803  1.09792 0.842795  1.08712 0.847692  1.08662
0.798349  1.09236 0.719388  1.09952  0.83461  1.08881 0.840122  1.08825
0.790641   1.0939 0.712041  1.10095 0.827902  1.09029 0.833278  1.08975
0.782242  1.09545 0.703515  1.10241 0.820959  1.09173 0.827518  1.09108
0.773246  1.09699 0.696592  1.10369 0.813884  1.09313 0.820234  1.09251
0.764052  1.09848 0.688981  1.10496 0.807701  1.09438 0.814234  1.09375
0.754503  1.09994 0.682371  1.10609 0.801311   1.0956 0.807195  1.09503
0.746933  1.10116 0.675861  1.10716 0.794157  1.09683 0.800241  1.09625
0.738603  1.10239 0.669499  1.10815 0.787483  1.09795 0.792574  1.09747
0.732781  1.10334 0.662701  1.10913 0.781762  1.09893 0.786663  1.09847
0.725961  1.10432 0.656148  1.11002 0.774653  1.09998  0.78034  1.09945
0.720329  1.10514 0.649561  1.11087 0.768998  1.10084 0.773492  1.10042
0.713966  1.10596 0.643793  1.11159 0.762558  1.10171 0.767182  1.10129
0.709205   1.1066 0.638948  1.11219 0.756898  1.10245  0.75939  1.10223
0.703793  1.10723 0.634115  1.11273 0.751673   1.1031 0.751081  1.10316
0.695881  1.10802 0.627282  1.11336 0.747295  1.10362 0.743154  1.10399
0.689066  1.10865 0.620259  1.11396 0.742045  1.10417 0.734766   1.1048
0.681735  1.10927 0.612892  1.11452 0.736051  1.10472  0.72753  1.10545
0.673704  1.10989 0.604843  1.11507 0.728672  1.10533   0.7199  1.10608
0.665454  1.11046 0.599486  1.11537 0.721313  1.10588 0.712311  1.10665
0.659359  1.11081 0.595269  1.11553 0.714362  1.10635 0.704495  1.10717
0.651438  1.11124 0.590756  1.11567 0.707695  1.10672 0.696785  1.10763
0.644632  1.11152  0.58626  1.11575 0.702017  1.10696 0.688793  1.10805
0.638523   1.1117 0.579918   1.1159 0.695642  1.10721 0.681265  1.10838
0.632918  1.11179 0.573981  1.11597 0.688938  1.10742 0.674403  1.10859
0.627723  1.11179 0.567378  1.11602 0.682797  1.10753 0.668597  1.10866
0.621556   1.1118 0.561186    1.116 0.675365  1.10769 0.661993  1.10874
0.615413  1.11176 0.556037  1.11585 0.668105  1.10777 0.656088  1.10871
0.608498  1.11172 0.550194  1.11569 0.661031  1.10779  0.65068  1.10859
 0.60215  1.11158 0.544605  1.11546 0.655163  1.10765 0.645425   1.1084
0.593307  1.11156 0.538904  1.11518 0.648556  1.10751 0.640136  1.10815
 0.58412   1.1115 0.533222  1.11485 0.642426  1.10729 0.635171  1.10783
0.575177  1.11137 0.526929   1.1145 0.635758  1.10704 0.628603  1.10758
0.566803  1.11114 0.521507  1.11404 0.629524  1.10671 0.622689  1.10722
0.558046  1.11088 0.515961  1.11354 0.623485  1.10631 0.616382  1.10683
 0.55145  1.11041 0.511062  1.11294 0.617686  1.10584 0.610872  1.10633
 0.54499  1.10989 0.505679  1.11232 0.612303  1.10528 0.604476  1.10585
0.539055  1.10927 0.500977   1.1116 0.606327  1.10471 0.598289  1.10529
0.533986  1.10854 0.494757  1.11092 0.599514  1.10415 0.592791  1.10462
0.528878  1.10777 0.489178  1.11015 0.593442  1.10348 0.587959  1.10386
0.524503  1.10689 0.483369  1.10934  0.58775  1.10273  0.58216  1.10311
 0.51865  1.10606 0.476501  1.10854  0.58261  1.10188  0.57727  1.10225
 0.51335  1.10514 0.471066   1.1076 0.578818  1.10089 0.571275  1.10141
0.508024  1.10416 0.466274  1.10657 0.574924  1.09986 0.565602  1.10049
0.503109  1.10311 0.462518  1.10543 0.570817  1.09879 0.559808  1.09953
0.498836  1.10197 0.458929  1.10424 0.566935  1.09765 0.554029  1.09851
0.495955  1.10069 0.455349  1.10299 0.563082  1.09646 0.549044  1.09739
0.493479  1.09934 0.452621  1.10164 0.557717  1.09532  0.54397  1.09622
0.490428  1.09798 0.448698  1.10031 0.551772  1.09416  0.53917  1.09498
 0.48838  1.09651 0.445107  1.09891 0.546629   1.0929  0.53493  1.09366
0.484619  1.09508 0.441173  1.09748 0.542097  1.09155 0.531007  1.09226
0.481439  1.09357 0.437506  1.09599 0.537814  1.09013 0.527211  1.09081
0.477357  1.09207 0.434187  1.09442 0.534151  1.08862 0.523431   1.0893
0.473311  1.09051 0.430741  1.09281 0.530973  1.08703 0.519563  1.08775
0.470949   1.0888  0.42701  1.09117 0.527633  1.08539 0.515313  1.08617
0.468378  1.08706 0.423802  1.08945  0.52441  1.08371 0.511649   1.0845
0.466268  1.08524 0.420121  1.08771 0.520038  1.08204 0.508184  1.08278
0.463027  1.08344 0.416784   1.0859 0.515829  1.08032 0.504379  1.08102
0.459713   1.0816 0.412679  1.08408 0.512195   1.0785 0.501051  1.07919
0.455595  1.07974 0.409205  1.08217  0.50844  1.07665 0.498435  1.07726
0.451365  1.07785 0.405803  1.08022 0.504612  1.07475 0.494681  1.07536
0.447837  1.07587  0.40313  1.07818 0.501586  1.07276 0.491127  1.07339
0.444726  1.07381 0.400486  1.07609 0.497335  1.07079 0.487669  1.07137
0.439038  1.07185 0.398116  1.07394 0.492573   1.0688 0.484315  1.06929
0.435706  1.06971 0.394935  1.07178 0.488459  1.06672 0.480136  1.06722
0.432276  1.06753 0.391712  1.06958 0.484028  1.06462   0.4768  1.06505
0.428941   1.0653 0.388654  1.06732  0.48096  1.06238 0.472677  1.06287
0.425725  1.06301 0.385655  1.06501 0.477711  1.06011 0.468873  1.06063
 0.42273  1.06066 0.382532  1.06266  0.47475  1.05777  0.46517  1.05833
0.417486  1.05838 0.379072  1.06027 0.471788  1.05539 0.461766  1.05597
0.410436  1.05615 0.375256  1.05786 0.468718  1.05297 0.458478  1.05356
 0.40388  1.05384 0.371748  1.05538 0.465344  1.05051 0.454772  1.05112
0.397499  1.05147 0.368252  1.05286 0.461109  1.04806 0.451487  1.04861
0.393341  1.04894 0.365619  1.05025 0.455429  1.04565 0.447829  1.04608
0.389044  1.04637 0.361846  1.04765 0.450375  1.04315 0.442802  1.04357
0.386657  1.04367 0.357811  1.04501 0.444858  1.04063 0.438468  1.04098
0.383377  1.04096 0.354213  1.04231 0.440751  1.03798  0.43279  1.03842
0.380606  1.03818 0.352759  1.03947  0.43668  1.03529 0.428949  1.03571
0.376205  1.03543 0.350732   1.0366 0.433454   1.0325 0.424995  1.03296
0.372729   1.0326 0.348041  1.03372 0.430044  1.02968 0.420801  1.03018
0.370134  1.02967 0.344857  1.03082 0.426225  1.02683 0.417247  1.02731
0.367295  1.02672 0.340077  1.02794 0.422942  1.02391 0.414217  1.02438
0.363734  1.02375 0.335374  1.02502 0.418204  1.02102 0.410705  1.02142
0.358436  1.02082 0.331658    1.022 0.413571  1.01809 0.407285  1.01842
 0.35326  1.01784 0.328328  1.01893 0.410085  1.01504 0.400804  1.01553
0.348562  1.01479  0.32526   1.0158 0.406618  1.01196 0.394728  1.01257
0.344154  1.01168 0.322232  1.01263  0.40324  1.00882 0.387319  1.00964
0.341269  1.00846 0.319606  1.00939 0.399812  1.00564 0.380893   1.0066
 0.33692  1.00527 0.317132  1.00611 0.396278  1.00243  0.37487  1.00351
0.333853  1.00197 0.314179   1.0028 0.392928 0.999161 0.369973  1.00031
0.330094 0.998661 0.311055  0.99946 0.389792  0.99584 0.363345 0.997148
0.327006  0.99528  0.30759  0.99609 0.386684 0.992475 0.358299 0.993868
0.324728 0.991822 0.304748 0.992652 0.384082 0.989042 0.352653 0.990573
 0.32144 0.988366 0.301631 0.989183 0.381749 0.985554 0.347773 0.987198
0.318673 0.984847 0.299032 0.985653 0.379544 0.982018 0.342267  0.98381
0.315134 0.981318 0.296459  0.98208 0.376715 0.978472 0.337433 0.980347
0.311874 0.977737 0.294031  0.97846 0.373712 0.974895 0.332533 0.976845
0.309177 0.974091 0.291284 0.974813 0.370164 0.971303 0.328438 0.973266
 0.30699 0.970385 0.289015 0.971107 0.367245  0.96764 0.322751 0.969715
0.304302 0.966658 0.286507  0.96737 0.364479 0.963929 0.316776 0.966134
0.301403 0.962901 0.284222 0.963585 0.361874 0.960171 0.311578 0.962477
0.298331 0.959112 0.281752 0.959768 0.359414 0.956366 0.307883 0.958716
0.296481 0.955233  0.27932  0.95591 0.357093 0.952515 0.303946 0.954926
 0.29436 0.951327 0.276777 0.952017  0.35487  0.94862 0.300541 0.951074
0.292263 0.947381 0.274908 0.948061 0.352844 0.944677 0.297909 0.947151
0.289156 0.943438 0.272826 0.944075 0.349934 0.940739 0.296412 0.943143
0.285979  0.93946 0.270545 0.940058 0.347494 0.936741 0.295066 0.939092
0.282869  0.93544 0.268618  0.93599 0.345644 0.932676 0.290735 0.935125
0.280011 0.931374  0.26654 0.931891 0.344176 0.928555 0.286974 0.931096
0.277404  0.92726 0.264072  0.92777 0.341147 0.924473 0.282969  0.92704
0.275341 0.923089 0.262091 0.923594 0.338249 0.920348 0.279674 0.922918
0.272939 0.918894 0.259258 0.919413 0.335707 0.916169  0.27559 0.918791
 0.27106 0.914643 0.256416 0.915196 0.333157 0.911954 0.271886 0.914611
0.270321 0.910313 0.254027 0.910927 0.331054 0.907683 0.267308 0.910429
0.269303 0.905958 0.251493 0.906628 0.329598 0.903345 0.263043 0.906198
0.269194 0.901532  0.24947 0.902275 0.328173 0.898971 0.257154 0.901992
0.268878  0.89708 0.247486 0.897886 0.325307  0.89463 0.251926 0.897724
0.267106 0.892651 0.245294  0.89347  0.32259 0.890249 0.247034 0.893408
0.265602 0.888178 0.243329 0.889013 0.319057 0.885871 0.242666 0.889036
0.262192 0.883745 0.241373 0.884521 0.315612 0.881456 0.238012  0.88464
 0.25923 0.879261  0.23965 0.879988 0.312379 0.876996 0.233673 0.880198
0.256212 0.874746 0.237988  0.87542 0.308818 0.872519 0.229115  0.87573
0.253208 0.870198 0.235937 0.870833 0.305494 0.867998 0.225092 0.871209
0.250615 0.865601 0.233554 0.866226 0.302516 0.863428 0.222053 0.866622
0.248828 0.860942 0.231212 0.861585 0.300094   0.8588 0.219313 0.861992
0.246508 0.856272 0.229157 0.856903 0.298127  0.85412 0.215346 0.857372
0.244573 0.851556 0.226506  0.85221  0.29599 0.849417 0.212083 0.852696
0.243099 0.846792 0.224175 0.847476 0.292868 0.844728 0.209787 0.847958
0.241587    0.842 0.221771 0.842713 0.290195 0.839988 0.207204 0.843198
 0.23937 0.837203 0.219107 0.837929 0.288293 0.835183 0.205867 0.838369
0.237183 0.832376 0.216969 0.833098 0.286603 0.830338  0.20443 0.833513
0.233985 0.827557  0.21464 0.828244 0.283563 0.825525  0.20414 0.828591
0.231354 0.822688 0.212569 0.823352  0.28089 0.820667 0.203752 0.823643
0.228202  0.81781 0.209546 0.818463 0.278036 0.815788 0.202743 0.818688
0.225916 0.812871 0.207103 0.813527  0.27526 0.810878 0.201523 0.813711
0.224101 0.807888 0.204682 0.808562 0.273208 0.805907 0.201921 0.808653
0.221828 0.802894 0.202361 0.803567 0.270907  0.80092 0.201467 0.803597
0.219383  0.79788 0.199944 0.798548 0.270144 0.795838 0.202393 0.798467
0.216775 0.792844 0.198131 0.793482 0.269056 0.790744 0.202453  0.79334
0.214277 0.787779 0.196129 0.788397 0.267894 0.785628 0.203879  0.78814
0.211736 0.782689 0.194221 0.783283 0.266297 0.780504 0.204417 0.782943
 0.20919 0.777574  0.19225 0.778146 0.265677 0.775312 0.207166 0.777645
 0.20669 0.772432 0.190543 0.772975 0.265024 0.770097 0.208364 0.772373
0.204466 0.767256 0.188583 0.767789 0.264846 0.764835 0.210681 0.767036
0.202288 0.762055  0.18656  0.76258 0.264458 0.759558 0.211904 0.761713
0.200349 0.756822 0.184224 0.757358 0.265608 0.754187 0.213823 0.756339
 0.19842 0.751565 0.182343 0.752098 0.265962 0.748829 0.214998 0.750968
0.197377 0.746255 0.180296 0.746821 0.268004 0.743367 0.215991  0.74558
 0.19496 0.740971 0.178206 0.741523 0.269217  0.73792 0.216073 0.740204
0.193167 0.735643 0.176537  0.73619 0.271138 0.732415 0.217361 0.734759
0.190581 0.730321 0.174556 0.730845 0.272404 0.726918 0.217967 0.729318
0.188193 0.724971 0.172902  0.72547  0.27414 0.721375 0.219563 0.723815
0.185757 0.719602 0.171443 0.720067 0.275297 0.715837 0.220552 0.718315
0.183905 0.714194 0.169897 0.714648 0.276716 0.710265 0.222642 0.712749
0.181581 0.708782 0.168125 0.709216 0.277782 0.704689 0.223558  0.70721
0.179683 0.703336 0.166403 0.703764 0.277622 0.699156 0.224773 0.701637
0.178035 0.697864 0.165409 0.698271 0.277299 0.693612 0.224821 0.696094
0.176782  0.69236  0.16423 0.692765 0.276108 0.688094 0.225983 0.690484
 0.17561 0.686836 0.163255 0.687235  0.27493 0.682559 0.226475 0.684885
 0.17374 0.681319 0.162131 0.681693 0.273313 0.677029   0.2278  0.67923
0.172005  0.67578  0.16438 0.676028 0.271374 0.671499 0.228291 0.673594
0.170088 0.670231 0.165973 0.670366 0.268484 0.666003 0.229907  0.66789
 0.16825 0.664663 0.166398 0.664724 0.265399 0.660502 0.230462 0.662216
0.166593 0.659075 0.166106 0.659091 0.262504 0.654975 0.231391 0.656509
0.164414 0.653489 0.163818 0.653508 0.260141 0.649405 0.231483 0.650824
0.162992 0.647864 0.161538 0.647911 0.255314  0.64395 0.231897 0.645109
0.161161 0.642238 0.159736 0.642285 0.250955 0.638456 0.231286 0.639427
0.159618  0.63659 0.157714 0.636652 0.246797 0.632937 0.230848 0.633724
0.157876 0.630936 0.155829 0.631003 0.242919  0.62739 0.229881 0.628033
 0.15632 0.625263 0.154098 0.625336  0.23867 0.621849 0.228702 0.622339
0.154532 0.619587 0.152652 0.619648 0.234505 0.616291 0.226829 0.616667
0.152526 0.613906 0.150579 0.613969 0.230256 0.610726 0.224315 0.611015
0.150394 0.608219 0.148906 0.608267 0.226077 0.605145 0.221481 0.605367
0.148152 0.602525 0.146923 0.602564 0.221947 0.599551 0.218571 0.599713
0.145748 0.596826 0.145472 0.596835 0.217485 0.593962 0.215698 0.594047
0.143523 0.591113  0.14314 0.591125 0.213624 0.588334 0.212861  0.58837
0.141094 0.585397 0.140959 0.585402 0.209206 0.582723 0.210016 0.582685
0.139154 0.579658 0.137805   0.5797 0.205001 0.577093 0.207302 0.576986
0.137071 0.573916 0.134971 0.573981 0.200613 0.571463 0.204452 0.571285
0.135616 0.568147 0.131554 0.568272 0.196647 0.565806 0.202113 0.565554
0.133863 0.562381 0.128397 0.562548 0.192595 0.560145 0.199528 0.559827
0.132064 0.556611 0.124752 0.556832 0.189011 0.554456 0.197131 0.554086
0.130509 0.550828 0.121166 0.551107 0.186111 0.548732 0.194832 0.548335
0.129852 0.545012 0.118083 0.545362 0.182639 0.543027 0.192168 0.542597
   0.129 0.539198 0.115266 0.539605 0.179566 0.537301 0.189114 0.536872
0.127436 0.533403 0.112238  0.53385 0.176315 0.531578 0.186197 0.531136
0.125841 0.527606 0.109445 0.528084 0.173642 0.525827 0.183372 0.525394
0.123506 0.521829 0.105745 0.522339 0.171183 0.520064 0.180619 0.519646
0.121149 0.516051 0.102817 0.516571 0.168829 0.514294 0.177838 0.513896
 0.118864  0.510269 0.0995289   0.51081   0.16629  0.508531  0.175266  0.508136
 0.116973  0.504474 0.0967569  0.505035   0.16401  0.502756  0.172734  0.502374
 0.114606  0.498694 0.0950161  0.499232  0.161638  0.496985  0.170048  0.496618
0.112572 0.492903 0.093443 0.493426 0.159441 0.491207 0.167551 0.490854
 0.110196  0.487124 0.0918342  0.487622  0.156449  0.485464  0.165163  0.485086
0.108181 0.481336  0.09049 0.481813 0.153652 0.479714 0.162747 0.479321
 0.106298  0.475545 0.0888779  0.476013  0.151296  0.473947  0.160273  0.473561
 0.104532  0.469755 0.0877796  0.470203  0.149256   0.46817  0.157526  0.467815
 0.103002   0.46396 0.0867249  0.464396  0.147269  0.462394  0.154962  0.462065
 0.101756  0.458162 0.0888327  0.458513  0.145539  0.456612  0.152142   0.45633
 0.101294  0.452345 0.0905103  0.452644    0.1418  0.450918   0.14965  0.450585
 0.100877  0.446532 0.0915687  0.446794   0.13851  0.445209  0.147273  0.444841
0.0996424  0.440749 0.0921176  0.440963  0.136211  0.439466  0.144849  0.439104
 0.098552  0.434968 0.0906519  0.435193  0.134126   0.43372  0.142649  0.433364
0.0986702  0.429158 0.0896256  0.429417  0.132095   0.42798  0.140315  0.427637
0.0986431  0.423359 0.0862855  0.423713  0.130355  0.422235   0.13827  0.421905
0.0979181   0.41759 0.0837807  0.417993  0.128832   0.41649  0.136322  0.416178
0.0971945   0.41183 0.0821482  0.412259  0.126961  0.410769  0.134564  0.410452
0.0965482  0.406077 0.0806982   0.40653  0.125275  0.405049  0.132521  0.404747
0.0958946  0.400335 0.0793924  0.400807  0.123372  0.399348   0.13071  0.399043
0.0945118  0.394626 0.0781262  0.395095  0.121673  0.393651  0.128742  0.393356
 0.093224  0.388926 0.0775783  0.389375  0.120156  0.387957  0.127025  0.387671
0.0919039  0.383239 0.0768048  0.383673  0.118697  0.382274  0.125217  0.382001
0.0903989   0.37757 0.0764304  0.377974  0.117628  0.376587  0.123639  0.376335
0.0886568  0.371923 0.0757937  0.372295  0.116296  0.370925  0.121741  0.370696
0.0872041  0.366281 0.0751369  0.366631  0.114697  0.365288  0.120035  0.365063
0.0858927  0.360649 0.0743079  0.360986  0.113027  0.359668  0.117387  0.359485
0.0844213  0.355038 0.0733387   0.35536  0.111238  0.354069  0.115052   0.35391
0.0829353  0.349443 0.0722319  0.349754  0.109444  0.348487  0.112058  0.348378
0.0814629  0.343865 0.0712207  0.344163  0.107601  0.342923  0.109323  0.342852
0.0801776  0.338299 0.0702062  0.338589  0.105783  0.337377  0.106301  0.337355
0.0787376  0.332756 0.0690686  0.333037  0.104004  0.331847  0.103522  0.331866
0.0774627  0.327227 0.0678965  0.327505  0.102116   0.32634  0.100606  0.326401
0.0761601  0.321718 0.0665322  0.321997  0.100392  0.320846 0.0979422  0.320945
0.0742541  0.316248 0.0651637   0.31651 0.0985836  0.315376 0.0952067  0.315512
0.0723684  0.310798 0.0634011  0.311054 0.0967049   0.30993  0.092574  0.310095
0.0710973  0.305351 0.0616637   0.30562 0.0947664  0.304509 0.0899305    0.3047
0.0698606  0.299926 0.0593846  0.300221 0.0926861  0.299115  0.087406  0.299323
0.0686078  0.294524 0.0573878  0.294838 0.0907785  0.293738 0.0846316  0.293978
0.0672399  0.289149 0.0549582  0.289489 0.0888708  0.288384 0.0819764  0.288651
0.0661412  0.283791 0.0527783  0.284157 0.0871125  0.283049 0.0791313  0.283356
 0.064918  0.278462 0.0502475  0.278859 0.0854626  0.277735 0.0764267  0.278079
0.0634338  0.273167 0.0479748  0.273579 0.0839847   0.27244 0.0738824  0.272823
0.0619241  0.267899 0.0453505  0.268333 0.0820432   0.26719 0.0714321  0.267589
0.0604002  0.262659 0.0430077  0.263107 0.0802679  0.261962 0.0690162  0.262381
0.0590086  0.257443 0.0403908  0.257913 0.0781749  0.256774  0.066779  0.257194
0.0572267  0.252268 0.0380561  0.252741 0.0765281  0.251597 0.0644341   0.25204
0.0555791  0.247118 0.0355291  0.247601 0.0746513  0.246459 0.0622145  0.246911
0.0538681     0.242 0.0332797  0.242485 0.0735234  0.241322 0.0599414  0.241813
 0.052342  0.236907 0.0307957  0.237402 0.0721613  0.236225 0.0578209  0.236741
0.0508989  0.231844 0.0286903  0.232343  0.071053  0.231149 0.0558453  0.231695
0.0496965  0.226807 0.0263659  0.227319 0.0697903  0.226113 0.0540753  0.226676
0.0485847    0.2218 0.0243682  0.222321 0.0683406  0.221118 0.0520256  0.221698
0.0476301  0.216823 0.0221492  0.217359 0.0667576  0.216162 0.0502265  0.216747
0.0465844  0.211884  0.020319  0.212426 0.0650891  0.211244 0.0482812  0.211834
0.0458715   0.20697 0.0183321  0.207528 0.0635307  0.206358 0.0465199  0.206951
0.0450555  0.202096 0.0166954  0.202662 0.0618813  0.201512 0.0447473  0.202105
0.0447806  0.197242 0.0148551  0.197834 0.0603244  0.196699 0.0431163  0.197291
0.0442104  0.192435 0.0134336  0.193038 0.0586976  0.191928 0.0415365  0.192513
0.0436955  0.187665 0.0117681  0.188282 0.0571031  0.187193 0.0401283   0.18777
0.0430557  0.182938  0.010427  0.183562 0.0554628    0.1825 0.0388272  0.183062
 0.0419867   0.178265 0.00896403   0.178881  0.0539761   0.177842   0.037634   0.178392
 0.0409606   0.173631 0.00784976   0.174239    0.05252   0.173223  0.0364205   0.173763
  0.040301   0.169027 0.00661363   0.169638  0.0503973   0.168672  0.0352927   0.169174
 0.0396088   0.164467 0.00565908   0.165078  0.0485109   0.164155  0.0340428    0.16463
 0.0384627   0.159965 0.00453116   0.160561  0.0465842   0.159682  0.0329049   0.160127
 0.0374069   0.155504 0.00371921   0.156086  0.0449631   0.155242  0.0315742   0.155673
 0.0356577    0.15111 0.00275773   0.151656  0.0433476   0.150846   0.030412    0.15126
  0.034112   0.146755 0.00207236   0.147271  0.0418883   0.146491  0.0293359    0.14689
0.0326713  0.142443 0.0012969  0.142932 0.0401191  0.142193 0.0283728  0.142563
 0.0314439   0.138172 0.00074129   0.138639  0.0385656   0.137935  0.0271092   0.138292
  0.0303013    0.133947 0.000111612    0.134395   0.0372843    0.133716   0.0259774    0.134065
   0.0293009     0.129766 -0.000365326     0.130198    0.0361189     0.129541    0.0250048     0.129884
   0.0281988     0.125639 -0.000842633     0.126052    0.0344705     0.125434    0.0241367     0.125749
  0.0271774    0.121559 -0.00119047    0.121956   0.0330136     0.12137   0.0232003    0.121667
 0.0261735   0.117531 -0.0015035   0.117911  0.0315554   0.117358  0.0223801   0.117634
 0.0252387   0.113553 -0.0017383   0.113918  0.0302762   0.113392  0.0213586   0.113658
  0.0243121    0.109629 -0.00206199    0.109978   0.0288646    0.109484   0.0204428    0.109732
  0.0234097    0.105757 -0.00228186    0.106092   0.0275898    0.105625   0.0194626    0.105862
  0.0225548    0.101939 -0.00253259    0.102261   0.0262406    0.101823   0.0185652    0.102044
  0.0217061   0.0981766 -0.00270109   0.0984853   0.0249982    0.098074   0.0177411   0.0982808
  0.0209641   0.0944676 -0.00285882    0.094766   0.0239483   0.0943747   0.0169773   0.0945723
  0.0201988   0.0908167 -0.00297791   0.0911039   0.0230011   0.0907294   0.0163041   0.0909191
 0.0194279  0.0872243 -0.0030554  0.0875001  0.0220884  0.0871414  0.0156413  0.0873239
  0.0186129   0.0836924 -0.00311106   0.0839553   0.0212344   0.0836106    0.015001   0.0837873
  0.0178222   0.0802197 -0.00311569   0.0804706   0.0203788     0.08014   0.0143736   0.0803102
  0.0170336   0.0768079 -0.00311275   0.0770465   0.0195305     0.07673   0.0137293   0.0768944
  0.0162629   0.0734573 -0.00305945   0.0736842   0.0187154   0.0733808   0.0131021   0.0735399
   0.015523   0.0701684 -0.00300288   0.0703844   0.0178547   0.0700958   0.0124854   0.0702477
 0.0146388  0.0669472 -0.0028894  0.0671482  0.0170554  0.0668723  0.0118954  0.0670183
  0.0138405   0.0637878 -0.00276227   0.0639763   0.0162103   0.0637147   0.0113268   0.0638527
  0.0130899   0.0606924 -0.00264495   0.0608694   0.0154287   0.0606204   0.0107583   0.0607523
  0.0123842   0.0576618 -0.00252114   0.0578284    0.014591   0.0575942   0.0102132   0.0577175
  0.0117287   0.0546968 -0.00230797   0.0548548   0.0138265   0.0546326  0.00967847   0.0547493
 0.0110848  0.0517994 -0.0021131  0.0519489  0.0130392  0.0517398 0.00912746  0.0518494
  0.0104678   0.0489701 -0.00193352   0.0491114   0.0123176   0.0489138  0.00859967   0.0490177
0.00984313  0.0462107  -0.001784  0.0463433  0.0115757  0.0461582 0.00811526  0.0462547
 0.00928364   0.0435202 -0.00165218   0.0436455   0.0108931   0.0434713  0.00764033    0.043562
 0.00870873   0.0409015 -0.00153882   0.0410189    0.010213    0.040856  0.00717587   0.0409405
 0.0082079  0.0383533 -0.0013896  0.0384648 0.00961093  0.0383106 0.00672051  0.0383912
 0.00767638   0.0358792 -0.00125935   0.0359837   0.0089878   0.0358393  0.00628747   0.0359146
 0.00721344   0.0334775 -0.00114246   0.0335766  0.00842897   0.0334403  0.00586058   0.0335121
 0.00672302   0.0311518 -0.00104568   0.0312443  0.00786099   0.0311169  0.00543127   0.0311847
  0.00627966    0.0289008 -0.000953671    0.0289879   0.00734226     0.028868    0.0050146    0.0289332
  0.00581065    0.0267276 -0.000878765    0.0268083   0.00681252    0.0266966   0.00461391    0.0267582
     0.00537    0.0246316 -0.000812006    0.0247064   0.00631265    0.0246023   0.00423406    0.0246606
  0.00491609    0.0226149 -0.000750509    0.0226831   0.00580606    0.0225872   0.00387287    0.0226414
  0.00449091    0.0206772 -0.000694932    0.0207394   0.00532768    0.0206511   0.00352487    0.0207017
 0.00407062   0.0188201 -0.00063932   0.0188762  0.00485532   0.0187957  0.00319464   0.0188422
  0.00368192    0.0170439 -0.000588242    0.0170946   0.00440435    0.0170215   0.00287702    0.0170642
  0.00331574    0.0153497 -0.000528954    0.0153954   0.00396204    0.0153297   0.00257874    0.0153682
  0.00297049    0.0137386 -0.000480773    0.0137795    0.0035428    0.0137208   0.00229376    0.0137556
  0.00264025    0.0122116 -0.000423746     0.012248   0.00314585    0.0121959   0.00202898    0.0122269
  0.00232497    0.0107698 -0.000374578    0.0108017   0.00277329    0.0107559   0.00177875    0.0107834
  0.00202788   0.00941388 -0.000315756   0.00944174   0.00242073   0.00940172   0.00154427   0.00942588
  0.00174736   0.00814499 -0.000270161   0.00816891   0.00208584   0.00813456   0.00132707   0.00815537
  0.00148775   0.00696395 -0.000234401   0.00698421   0.00177798   0.00695504   0.00112366   0.00697288
  0.00124243   0.00587191 -0.000201008   0.00588864   0.00149578   0.00586417  0.000938392    0.0058793
   0.0010206   0.00486958 -0.000167966   0.00488318   0.00123684   0.00486301  0.000773851   0.00487552
 0.000822535   0.00395793 -0.000138213   0.00396879   0.00100453   0.00395243  0.000625161   0.00396265
 0.000646942   0.00313798 -0.000110769   0.00314645  0.000794245   0.00313355    0.0004915   0.00314167
 0.000491857   0.00241078 -8.78094e-05   0.00241713  0.000608931   0.00240728  0.000374428   0.00241354
 0.000359924   0.00177724 -6.66751e-05   0.00178184  0.000448042   0.00177461  0.000274947   0.00177922
 0.000247484   0.00123844 -4.74072e-05   0.00124155  0.000311565   0.00123654  0.000190559   0.00123975
 0.000157149  0.000795312 -3.11971e-05  0.000797262  0.000199538  0.000794067  0.000122181  0.000796116
 8.81289e-05   0.00044888 -1.80552e-05  0.000449964  0.000112296  0.000448173  6.87456e-05  0.000449323
3.90595e-05 0.000200177 -8.2805e-06 0.000200653 4.99489e-05  0.00019986 3.05507e-05 0.000200371
9.75461e-06  5.0213e-05 -2.0977e-06 5.03311e-05 1.25028e-05 5.01332e-05 7.64505e-06 5.02608e-05
 4.60353e-39 -1.16869e-40  4.61431e-39  2.54965e-41  4.59621e-39 -1.49934e-40  4.60789e-39 -9.16622e-41
 0  0 -0  0  0  0  0  0
 0  0 -0  0  0  0  0  0
 0  0 -0  0  0  0  0  0
 0  0 -0  0  0  0  0  0
 0  0 -0  0  0  0  0  0
 0  0 -0  0  0  0  0  0
 0  0 -0  0  0  0  0  0
 0  0 -0  0  0  0  0  0
 0  0 -0  0  0  0  0  0
 0  0 -0  0  0  0  0  0
 0  0 -0  0  0  0  0  0
 0  0 -0  0  0  0  0  0
 0  0 -0  0  0  0  0  0
 0  0 -0  0  0  0  0  0
 0  0 -0  0  0  0  0  0
 0  0 -0  0  0  0  0  0
 0  0 -0  0  0  0  0  0
 0  0 -0  0  0  0  0  0
 0  0 -0  0  0  0  0  0
 0  0 -0  0  0  0  0  0
 0  0 -0  0  0  0  0  0
 0  0 -0  0  0  0  0  0
 0  0 -0  0  0  0  0  0
 0  0 -0  0  0  0  0  0
 0  0 -0  0  0  0  0  0
 0  0 -0  0  0  0  0  0
 0  0 -0  0  0  0  0  0
 0  0 -0  0  0  0  0  0
 0  0 -0  0  0  0  0  0
 0  0 -0  0  0  0  0  0
 0  0 -0  0  0  0  0  0
 0  0 -0  0  0  0  0  0
 0  0 -0  0  0  0  0  0
 0  0 -0  0  0  0  0  0
 0  0 -0  0  0  0  0  0
 0  0 -0  0  0  0  0  0
 0  0 -0  0  0  0  0  0
 0  0 -0  0  0  0  0  0
 0  0 -0  0  0  0  0  0
 0  0 -0  0  0  0  0  0
 0  0 -0  0  0  0  0  0
 0  0 -0  0  0  0  0  0
 0  0 -0  0  0  0  0  0
 0  0 -0  0  0  0  0  0
 0  0 -0  0  0  0  0  0
 0  0 -0  0  0  0  0  0
 0  0 -0  0  0  0  0  0
 0  0 -0  0  0  0  0  0
 0  0 -0  0  0  0  0  0
 0  0 -0  0  0  0  0  0
 0  0 -0  0  0  0  0  0
 0  0 -0  0  0  0  0  0
 0  0 -0  0  0  0  0  0
 0  0 -0  0  0  0  0  0
 0  0 -0  0  0  0  0  0
 0  0 -0  0  0  0  0  0
 0  0 -0  0  0  0  0  0
 0  0 -0  0  0  0  0  0
 0  0 -0  0  0  0  0  0
 0  0 -0  0  0  0  0  0
 0  0 -0  0  0  0  0  0
 0  0 -0  0  0  0  0  0
 0  0 -0  0  0  0  0  0
 0  0 -0  0  0  0  0  0
 0  0 -0  0  0  0  0  0
 0  0 -0  0  0  0  0  0
 0  0 -0  0  0  0  0  0
 0  0 -0  0  0  0  0  0
 0  0 -0  0  0  0  0  0
 0  0 -0  0  0  0  0  0
 0  0 -0  0  0  0  0  0
 0  0 -0  0  0  0  0  0
 0  0 -0  0  0  0  0  0
 0  0 -0  0  0  0  0  0
 0  0 -0  0  0  0  0  0
 0  0 -0  0  0  0  0  0
 0  0 -0  0  0  0  0  0
 0  0 -0  0  0  0  0  0
 0  0 -0  0  0  0  0  0
 0  0 -0  0  0  0  0  0
 0  0 -0  0  0  0  0  0
 0  0 -0  0  0  0  0  0
 0  0 -0  0  0  0  0  0
 0  0 -0  0  0  0  0  0
 0  0 -0  0  0  0  0  0
 0  0 -0  0  0  0  0  0
 0  0 -0  0  0  0  0  0
 0  0 -0  0  0  0  0  0
 0  0 -0  0  0  0  0  0
 0  0 -0  0  0  0  0  0
 0  0 -0  0  0  0  0  0
 0  0 -0  0  0  0  0  0
 0  0 -0  0  0  0  0  0
 0  0 -0  0  0  0  0  0
 0  0 -0  0  0  0  0  0
 0  0 -0  0  0  0  0  0
 0  0 -0  0  0  0  0  0
 0  0 -0  0  0  0  0  0
 0  0 -0  0  0  0  0  0
 0  0 -0  0  0  0  0  0
 0  0 -0  0  0  0  0  0
 0  0 -0  0  0  0  0  0
 0  0 -0  0  0  0  0  0
 0  0 -0  0  0  0  0  0
 0  0 -0  0  0  0  0  0
 0  0 -0  0  0  0  0  0
 0  0 -0  0  0  0  0  0
 0  0 -0  0  0  0  0  0
