-1.16391e-27  2.18649e-42  2.18649e-42
 3.0836e-06 1.52288e-06 -4.1374e-07
 2.48471e-06 -2.48017e-06 -3.49362e-07
 4.11348e-06 -5.94953e-06 -2.59928e-07
 5.32227e-06 -8.85112e-06  2.56203e-07
 1.10393e-05 -9.99573e-06  6.83162e-07
 1.54028e-05 -9.51229e-06  9.70774e-07
 1.70368e-05 -8.54993e-06  1.28676e-06
 1.68581e-05 -2.29141e-06  1.78812e-06
1.39784e-05 4.55049e-06 2.42897e-06
9.40138e-06 1.54331e-05 2.92688e-06
3.17236e-06  2.6642e-05 3.48856e-06
-6.37097e-06  4.52444e-05   4.1236e-06
-2.10532e-05  6.53414e-05  4.75484e-06
-3.66239e-05  9.12323e-05   5.5903e-06
-5.4874e-05 0.000120303 6.51185e-06
-7.49373e-05  0.000157913  7.59046e-06
-9.90493e-05  0.000195108  8.61231e-06
-0.000125339  0.000245828  9.42032e-06
-0.000152366  0.000301841  1.04262e-05
-0.000179741  0.000364117   1.1219e-05
-0.000205828  0.000431982   1.2296e-05
-0.000231619  0.000504208  1.31141e-05
-0.000257135  0.000591561  1.41263e-05
-0.000285252  0.000676278  1.50296e-05
-0.000314389  0.000770957  1.59359e-05
-0.000346634  0.000875078  1.68214e-05
-0.00037984 0.000985443 1.78014e-05
-0.000414565   0.00110529  1.82528e-05
-0.000449211   0.00123399  1.89838e-05
-0.000484139   0.00136929  1.92295e-05
-0.000515425   0.00150517  1.93398e-05
-0.000549655   0.00166016  1.89532e-05
-0.000580075   0.00182936   1.8005e-05
-0.000609021   0.00200791  1.70315e-05
-0.000630966   0.00219473  1.62784e-05
-0.000650338   0.00237816  1.52679e-05
-0.000664671   0.00258142  1.40343e-05
-0.000675518     0.002791  1.34118e-05
-0.000681042   0.00300367   1.2872e-05
-0.000684276   0.00321279  1.25811e-05
 -0.0006843  0.00342958 1.23822e-05
-0.000680591   0.00364278   1.2411e-05
-0.000673422    0.0038695   1.3314e-05
-0.000666761   0.00410711  1.52997e-05
-0.000657766   0.00435301  1.76984e-05
-0.000642553   0.00459062  2.00657e-05
-0.000619972   0.00482689  2.23319e-05
-0.000589334   0.00504922  2.47855e-05
-0.000550244   0.00525758  2.65083e-05
-0.000506875   0.00546041  2.82101e-05
-0.000459891   0.00564373  3.01021e-05
-0.000409347   0.00582159  3.19999e-05
-0.000354504   0.00598894   3.3795e-05
-0.000297857   0.00616229  3.58144e-05
-0.000240263   0.00632489  3.76446e-05
-0.00018391  0.00649452 3.97666e-05
-0.000129502   0.00666294  4.19527e-05
-7.61953e-05   0.00683146  4.38694e-05
-2.70516e-05   0.00699867  4.56363e-05
 2.0498e-05  0.00716172 4.72957e-05
6.61209e-05  0.00733097 4.85084e-05
 0.00010805  0.00749437 4.97029e-05
0.000145629  0.00766213 5.09764e-05
0.000177832  0.00782917 5.22699e-05
0.000197468  0.00801194  5.3555e-05
0.000206179  0.00819786  5.4757e-05
0.00020293 0.00840154 5.6159e-05
 0.00019362  0.00860934 5.76975e-05
 0.00017594  0.00882668 5.91043e-05
0.000152442  0.00904138 6.03716e-05
0.000123644  0.00927011 6.21001e-05
8.78163e-05  0.00952166 6.31331e-05
4.75367e-05  0.00978365 6.42045e-05
3.64848e-06   0.0100449  6.4828e-05
-4.09636e-05    0.0102995  6.53022e-05
-8.84245e-05    0.0105685  6.56406e-05
-0.000131842    0.0108319  6.59261e-05
-0.000175826    0.0111066  6.58405e-05
-0.00021884    0.011387 6.58209e-05
 -0.0002595    0.011668 6.55788e-05
-0.000298317    0.0119597   6.5484e-05
-0.000332967    0.0122468  6.56659e-05
-0.000366656    0.0125433  6.59688e-05
-0.000397434    0.0128396   6.6424e-05
-0.000422046    0.0131275  6.71541e-05
-0.000444949    0.0134331  6.78117e-05
-0.000458465    0.0137269  6.82528e-05
-0.000465693    0.0140204  6.82045e-05
-0.000472275     0.014321  6.80549e-05
-0.000475304    0.0146137  6.79941e-05
-0.00047016   0.0149069 6.81476e-05
-0.000454973    0.0151889  6.82871e-05
-0.000432726    0.0154711  6.76692e-05
-0.000400215    0.0157464  6.72458e-05
-0.000361488    0.0160204  6.61872e-05
-0.000314479    0.0162865  6.55908e-05
-0.000267393    0.0165767  6.46828e-05
-0.000210464    0.0168573  6.37614e-05
-0.000147078    0.0171331  6.28501e-05
-7.3665e-05   0.0173967 6.15391e-05
2.12541e-06   0.0176693 6.03957e-05
8.95303e-05   0.0179233  5.8773e-05
0.000176776   0.0181821 5.78894e-05
0.000266311   0.0184464 5.66466e-05
0.000356625   0.0187102 5.49752e-05
 0.00044509   0.0189756 5.29663e-05
0.000535392   0.0192389 5.13607e-05
 0.00062375   0.0195107 5.05257e-05
0.000705885   0.0198051 4.89135e-05
0.000782504   0.0201029 4.74123e-05
0.000854885   0.0204064 4.54411e-05
0.000912554   0.0207425 4.34575e-05
0.000964537   0.0210876 4.12699e-05
0.00100461  0.0214508 3.9599e-05
 0.00105044   0.0217816 3.82181e-05
 0.00108259   0.0221373 3.67524e-05
 0.00112319   0.0224659 3.58322e-05
 0.00114803   0.0228282 3.42707e-05
 0.00116857   0.0231862 3.30537e-05
 0.00117962   0.0235529 3.14886e-05
 0.00118391   0.0239107 3.05766e-05
  0.0011762   0.0242663 2.93403e-05
  0.0011574   0.0246198 2.93268e-05
 0.00113989   0.0249547 2.83204e-05
 0.00110722   0.0253101 2.75227e-05
 0.00108755   0.0256314 2.66357e-05
 0.00105477   0.0259738 2.58061e-05
 0.00102833   0.0263024 2.47752e-05
 0.00101145   0.0266126 2.39999e-05
0.000994541   0.0269156 2.33433e-05
 0.00096543   0.0272357 2.17679e-05
0.000936301   0.0275495 2.00396e-05
0.000912216   0.0278539 1.78262e-05
0.000895595   0.0281363 1.63239e-05
0.000875586   0.0284191 1.37695e-05
0.000855736   0.0287036 1.16661e-05
0.000845473   0.0289815 9.70555e-06
0.000843278   0.0292591 7.29171e-06
0.000840892   0.0295464 4.47159e-06
0.000845748   0.0298329 2.54342e-06
0.000863416   0.0301219 2.69506e-08
 0.000891786    0.0304169 -2.42967e-06
  0.00093029    0.0307207 -4.94531e-06
 0.000965327    0.0310478 -6.57967e-06
  0.00100848    0.0313807 -8.68614e-06
 0.00106433    0.031707 -9.1918e-06
0.00111469   0.032042 -1.069e-05
   0.0011832     0.032362 -1.15191e-05
 0.00124708   0.0326962 -1.2982e-05
  0.00130865    0.0330478 -1.31481e-05
  0.00135766    0.0334173 -1.36788e-05
  0.00141936     0.033776 -1.35697e-05
  0.00147132    0.0341528 -1.34918e-05
    0.001532    0.0345232 -1.32895e-05
  0.00159272    0.0348992 -1.21059e-05
  0.00167278    0.0352462 -1.19345e-05
  0.00173827    0.0356073 -1.08308e-05
 0.00180031    0.035964 -1.0304e-05
  0.00185077    0.0363313 -1.07188e-05
 0.00190785   0.0366828 -1.0351e-05
 0.00195443   0.0370358 -9.8728e-06
   0.0019983    0.0373821 -8.82619e-06
  0.00202895    0.0377346 -8.52422e-06
  0.00205098     0.038086 -8.43593e-06
  0.00206556    0.0384334 -8.67648e-06
  0.00206764    0.0387903 -9.63445e-06
  0.00209437    0.0391154 -1.06519e-05
  0.00210038    0.0394556 -1.15464e-05
  0.00212324    0.0397531 -1.30332e-05
  0.00213045    0.0400537 -1.43514e-05
  0.00212837    0.0403475 -1.48893e-05
  0.00210846    0.0406443 -1.45798e-05
  0.00208998    0.0409216 -1.46949e-05
  0.00204848    0.0412079 -1.43167e-05
  0.00200006    0.0414824 -1.38971e-05
  0.00192928    0.0417609 -1.29335e-05
  0.00187698    0.0420167 -1.19517e-05
  0.00181158    0.0422782 -1.03215e-05
 0.00176158   0.0425279 -9.0544e-06
  0.00171152    0.0427863 -7.66901e-06
  0.00168146    0.0430327 -6.18861e-06
  0.00166566    0.0432722 -5.41826e-06
  0.00165625    0.0435132 -4.05387e-06
  0.00164643    0.0437583 -3.28561e-06
  0.00164031    0.0440136 -1.74041e-06
  0.00164639    0.0442654 -8.06233e-07
 0.00163561   0.0445288 5.49938e-07
0.00162023   0.044802 1.8433e-06
 0.00160238    0.045081 3.70876e-06
 0.00157562   0.0453673 5.31549e-06
 0.00155884   0.0456362 6.86603e-06
 0.00152792   0.0459037 8.46364e-06
 0.00151189   0.0461496 1.00903e-05
 0.00147526   0.0464122 1.17331e-05
0.00144752    0.04667 1.3408e-05
 0.00141604   0.0469391 1.43624e-05
 0.00139232   0.0472058 1.57302e-05
0.00138224  0.0474625 1.7114e-05
 0.00137258   0.0477233 1.82626e-05
 0.00136793   0.0479785 1.84448e-05
  0.0013609   0.0482367 1.89511e-05
 0.00135218   0.0484951 2.00628e-05
 0.00133843   0.0487586 2.11559e-05
 0.00132908   0.0490166 2.22523e-05
  0.0013196   0.0492708 2.35288e-05
 0.00130698   0.0495203 2.55673e-05
 0.00130623   0.0497596 2.77092e-05
 0.00129617    0.049999 2.95604e-05
 0.00126991    0.050251 3.17756e-05
 0.00125084   0.0505031 3.39199e-05
  0.0012246   0.0507603 3.61864e-05
 0.00120224   0.0510105 3.73314e-05
 0.00119383   0.0512511 3.88189e-05
 0.00120204   0.0514821 4.00861e-05
 0.00121124   0.0517154 4.16536e-05
 0.00122771   0.0519544 4.30192e-05
0.00122527  0.0522093 4.3332e-05
 0.00123031   0.0524632 4.26225e-05
  0.0012243   0.0527246 4.21133e-05
 0.00123084    0.052979 4.07003e-05
 0.00122878   0.0532402 3.94942e-05
 0.00122821   0.0535112 3.79733e-05
 0.00124933    0.053778 3.62986e-05
 0.00126049   0.0540415 3.46905e-05
 0.00126651   0.0543031 3.40747e-05
 0.00125673   0.0545706 3.34383e-05
 0.00125336   0.0548365 3.32425e-05
 0.00125374   0.0551021 3.27409e-05
 0.00125525    0.055364 3.25024e-05
 0.00124632   0.0556203 3.17617e-05
 0.00124954   0.0558615 3.07638e-05
0.00124297  0.0560985 2.9609e-05
0.00123397  0.0563302 2.8215e-05
 0.00121857   0.0565537 2.77322e-05
 0.00119632   0.0567777 2.80547e-05
 0.00117553   0.0570072 2.95121e-05
  0.0011409   0.0572393 3.17231e-05
 0.00111617   0.0574629 3.41797e-05
 0.00107366   0.0576806 3.66269e-05
 0.00102393   0.0578835 3.90279e-05
 0.00097694   0.0580563 4.11007e-05
0.000936416   0.0582095 4.27416e-05
0.000898892    0.058347 4.39812e-05
0.000866256   0.0584754 4.48121e-05
0.000825415   0.0586044 4.56632e-05
0.000798258   0.0587279 4.64088e-05
0.000756527   0.0588511 4.74145e-05
0.000733235   0.0589655 4.84398e-05
0.000704949   0.0590716 4.96155e-05
0.000698528   0.0591726 5.07559e-05
0.000700592   0.0592655 5.19884e-05
0.000703133   0.0593548 5.35838e-05
0.000691583   0.0594429 5.55015e-05
0.000689104   0.0595172   5.668e-05
0.000695804   0.0595775 5.75746e-05
0.000692925   0.0596361 5.81326e-05
0.000686079    0.059687 5.85387e-05
0.000676369   0.0597348 5.84843e-05
0.000657057   0.0597852 5.86195e-05
0.000635788   0.0598425 5.87282e-05
0.000606415   0.0599154 5.89563e-05
0.000572968   0.0599894 5.95679e-05
0.000537155   0.0600658 6.02082e-05
0.000504357     0.06015 6.06504e-05
0.000471952   0.0602378 6.11853e-05
0.000436532   0.0603347 6.18087e-05
0.000400471   0.0604382 6.26716e-05
0.000370797   0.0605456  6.3944e-05
0.000340884   0.0606454 6.45052e-05
0.000311154   0.0607457 6.50587e-05
0.000270318     0.06085 6.47762e-05
0.000250019   0.0609586 6.46455e-05
0.000219145   0.0610711 6.41039e-05
0.000204089   0.0611751 6.32285e-05
0.000173433   0.0612801 6.13547e-05
0.000151549   0.0613725 5.96081e-05
0.000141924   0.0614651 5.74735e-05
0.000129984   0.0615539 5.61467e-05
0.000115877   0.0616375 5.48186e-05
0.000103272   0.0617164 5.35816e-05
8.38799e-05   0.0617875 5.21657e-05
7.28924e-05   0.0618424 5.04171e-05
6.46866e-05   0.0618897 4.79398e-05
6.74614e-05   0.0619335 4.56338e-05
7.41553e-05   0.0619848 4.33918e-05
9.46872e-05   0.0620383  4.1021e-05
0.000119899   0.0621024 3.85152e-05
0.000150112   0.0621761 3.61736e-05
0.000182226    0.062253 3.42048e-05
  0.0002067    0.062326 3.25625e-05
0.000233218    0.062395 3.10777e-05
0.000245834   0.0624642 3.00598e-05
0.000269578   0.0625282 2.90473e-05
0.000293439   0.0625892 2.85125e-05
0.000323531   0.0626541 2.79829e-05
0.000349924   0.0627195 2.73917e-05
0.000376101   0.0627817 2.63199e-05
0.000409736    0.062835 2.45989e-05
0.000436957   0.0628826 2.28884e-05
0.000456737   0.0629176 2.14156e-05
0.000478648    0.062937 2.02127e-05
 0.00048433   0.0629486 1.90433e-05
0.000471612   0.0629505 1.83096e-05
0.000458728   0.0629404 1.75497e-05
0.000434237   0.0629252 1.75882e-05
0.000406349   0.0628962 1.77814e-05
0.000369032   0.0628532 1.78742e-05
 0.00031918   0.0628006 1.81493e-05
 0.00027556   0.0627351 1.80347e-05
0.000221166   0.0626662 1.75971e-05
0.000163067   0.0625803 1.71747e-05
9.74034e-05   0.0624876 1.67729e-05
4.60227e-05   0.0623918 1.62401e-05
-7.99029e-06    0.0623005   1.6153e-05
-5.26991e-05    0.0622122  1.64967e-05
-0.000100748    0.0621261  1.66539e-05
-0.000144312    0.0620341  1.66258e-05
-0.000194889    0.0619414  1.65396e-05
-0.000234283    0.0618517  1.65039e-05
-0.000272232    0.0617584    1.625e-05
-0.000295314    0.0616632  1.56489e-05
-0.000318548     0.061567  1.52194e-05
-0.000328548    0.0614747  1.53357e-05
-0.000327356    0.0613895   1.5729e-05
-0.000324701     0.061318  1.66343e-05
-0.000321475    0.0612642   1.7934e-05
-0.000311607    0.0612225  1.95604e-05
-0.000294919    0.0611858  2.12691e-05
-0.000283355    0.0611541  2.31593e-05
-0.000264802    0.0611183  2.45138e-05
-0.000235872    0.0610773  2.54662e-05
-0.000208663    0.0610262  2.62844e-05
-0.000176937    0.0609743  2.68008e-05
-0.000144261    0.0609328    2.725e-05
-0.000110243    0.0608933  2.77174e-05
-7.61708e-05    0.0608531  2.86886e-05
-4.25933e-05    0.0608085  3.00308e-05
-1.44027e-05    0.0607581  3.10596e-05
1.54441e-05    0.060701  3.1719e-05
4.60188e-05   0.0606396 3.22915e-05
7.40555e-05   0.0605817 3.28556e-05
0.000101177   0.0605282 3.36935e-05
0.000132876   0.0604783 3.48773e-05
0.000154628   0.0604268 3.65765e-05
0.000174773   0.0603755 3.88072e-05
0.000201377   0.0603186 4.11971e-05
0.000221918   0.0602574 4.42252e-05
0.000233447   0.0601931 4.73742e-05
0.000239108   0.0601307  5.0705e-05
0.000239626   0.0600733 5.39704e-05
0.000234882   0.0600166 5.68052e-05
 0.00023484   0.0599567 5.92513e-05
0.000236227   0.0598932 6.09899e-05
0.000236194    0.059822 6.26492e-05
0.000233846   0.0597295 6.39512e-05
0.000217409    0.059619 6.51184e-05
0.000201785   0.0594887 6.63841e-05
0.000176279   0.0593436 6.75143e-05
0.000150126   0.0591824 6.86272e-05
0.000102865   0.0590126  6.9403e-05
6.07224e-05   0.0588314 7.00391e-05
1.63798e-05   0.0586494 7.06031e-05
-3.0112e-05   0.0584691 7.08593e-05
-7.49066e-05    0.0582831  7.07241e-05
-0.000105463    0.0580852  6.98984e-05
-0.000133142     0.057872  6.86952e-05
-0.000157907    0.0576502  6.76248e-05
-0.000183749    0.0574206  6.69614e-05
-0.000198607     0.057197  6.64918e-05
-0.000221883    0.0569663  6.64903e-05
-0.000239699    0.0567317   6.6286e-05
-0.000261874    0.0564947  6.60333e-05
 -0.0002732   0.0562595 6.58307e-05
-0.000285181    0.0560327  6.57793e-05
-0.000301591    0.0558065  6.56784e-05
-0.000312415    0.0555749  6.53335e-05
-0.000318723    0.0553481  6.48452e-05
-0.000318829    0.0551198   6.3641e-05
-0.000315725    0.0548897  6.21958e-05
-0.000312704    0.0546557  6.06503e-05
-0.000304451    0.0544205  5.91828e-05
-0.000291201    0.0541843   5.7774e-05
-0.00027821   0.0539552 5.65499e-05
-0.00026892   0.0537349 5.54721e-05
-0.000263445    0.0535125  5.42942e-05
-0.000258391    0.0532921   5.3166e-05
-0.000256934    0.0530761  5.19632e-05
-0.000249743    0.0528571  5.04096e-05
-0.000241395    0.0526401   4.8896e-05
-0.000226694    0.0524271  4.74461e-05
-0.000218404    0.0522006  4.63398e-05
-0.000206127    0.0519696  4.52584e-05
-0.000195781    0.0517424   4.4298e-05
-0.000182694    0.0515215   4.3368e-05
-0.000170105    0.0513052  4.22925e-05
-0.000164268    0.0510868  4.11607e-05
-0.000164343    0.0508647  4.00461e-05
-0.000167582    0.0506369  3.89487e-05
-0.000168776    0.0504034  3.75971e-05
-0.000169962    0.0501696  3.62242e-05
-0.00017303   0.0499377 3.49527e-05
-0.000170155    0.0497117  3.35819e-05
-0.000173413    0.0494923  3.23504e-05
-0.000177434     0.049277  3.12098e-05
-0.000181886    0.0490531  3.00948e-05
-0.00018841   0.0488307 2.87641e-05
-0.000202023    0.0486049  2.75124e-05
-0.000214286    0.0483752   2.6588e-05
-0.000224323    0.0481407  2.57945e-05
-0.000238843    0.0479042  2.47493e-05
-0.000251885    0.0476637  2.33732e-05
 -0.0002697   0.0474159 2.20445e-05
-0.000288919    0.0471663  2.06986e-05
-0.000301969    0.0469238  1.88604e-05
-0.000315507    0.0466846  1.69664e-05
-0.000317625      0.04645   1.4962e-05
-0.000322039    0.0462146  1.34176e-05
-0.000338215    0.0459651     1.17e-05
-0.000346319    0.0457043  9.97548e-06
-0.00036689   0.0454344 8.45932e-06
-0.000382425    0.0451564  6.96708e-06
-0.000399118     0.044876  5.16682e-06
-0.00040962   0.0445869  3.3324e-06
-0.000431152    0.0442922    1.514e-06
-0.000444873    0.0439929  1.71438e-07
-0.000459141    0.0436947 -1.07013e-06
-0.000464911    0.0433926 -2.11273e-06
-0.000478121     0.043089  -2.7978e-06
-0.000483606    0.0427827 -3.23777e-06
-0.000492236    0.0424726 -3.25723e-06
-0.000480808    0.0421562 -2.86364e-06
 -0.00047603    0.0418377 -2.57373e-06
-0.000456731    0.0415155 -2.02232e-06
-0.000441832    0.0411957 -1.59186e-06
-0.000420461    0.0408737 -8.84477e-07
-0.000403869      0.04055 -4.76855e-07
-0.000377947    0.0402225  1.12538e-07
-0.00034188   0.0398979 1.15186e-07
-0.000306592    0.0395736   4.3565e-07
-0.000272794    0.0392528  3.22189e-07
-0.000237156    0.0389304  1.60038e-07
-0.000197159    0.0386109 -4.33387e-07
-0.00017367   0.0382886 -1.3372e-06
-0.000147413     0.037958 -2.89554e-06
-0.000109388    0.0376225 -4.23602e-06
-7.61841e-05    0.0372843 -5.98114e-06
-3.41265e-05    0.0369368 -7.22548e-06
1.04453e-05   0.0365848 -8.6807e-06
 4.76149e-05    0.0362262 -9.97362e-06
 7.2316e-05   0.0358695 -1.1035e-05
 9.04064e-05     0.035518 -1.19571e-05
 0.000101898    0.0351749 -1.29729e-05
 0.000110976      0.03484 -1.38579e-05
0.000123134   0.0345132 -1.4498e-05
 0.000128329    0.0341888 -1.52852e-05
 0.000130132    0.0338763 -1.59682e-05
 0.000126086    0.0335675 -1.70947e-05
 0.000118135      0.03327 -1.83009e-05
0.000111183   0.0329805 -1.9893e-05
 9.93508e-05    0.0327005 -2.12929e-05
 8.56508e-05     0.032429 -2.27346e-05
5.94877e-05   0.0321688 -2.4172e-05
 3.39418e-05    0.0319175 -2.55837e-05
 2.10185e-06    0.0316756 -2.68305e-05
-3.65716e-05    0.0314333 -2.73643e-05
-8.28764e-05    0.0311893 -2.75131e-05
-0.000129517    0.0309404 -2.73305e-05
-0.000171708    0.0306923 -2.71499e-05
 -0.00021656    0.0304401 -2.67595e-05
-0.000254753    0.0301803 -2.64221e-05
-0.000296946    0.0299111 -2.63256e-05
-0.000336311    0.0296391 -2.64454e-05
-0.000379259    0.0293611 -2.68826e-05
-0.000420978     0.029082 -2.80592e-05
-0.000463009    0.0287993  -2.9665e-05
-0.000491001    0.0285112 -3.16795e-05
-0.000519349    0.0282122 -3.33238e-05
-0.000546552     0.027902 -3.44254e-05
-0.000567833    0.0275825 -3.51476e-05
-0.000585571    0.0272567 -3.55952e-05
-0.000623268    0.0269245 -3.61385e-05
-0.000645777    0.0265789 -3.70711e-05
-0.000659392    0.0262261 -3.74131e-05
-0.000666041    0.0258662  -3.7752e-05
-0.000654831    0.0255032  -3.7751e-05
-0.000649613     0.025136 -3.77221e-05
-0.000623104    0.0247715 -3.73202e-05
-0.000588969     0.024402 -3.76035e-05
  -0.0005548    0.0240324 -3.83678e-05
 -0.00051622    0.0236669 -3.92882e-05
-0.000475108    0.0233056 -4.03746e-05
-0.000422824    0.0229436  -4.1269e-05
-0.000380144    0.0225821 -4.20424e-05
-0.000335252    0.0222209 -4.24879e-05
-0.000299042     0.021864 -4.26095e-05
-0.000257196    0.0215074 -4.23445e-05
 -0.00021905    0.0211505 -4.19758e-05
-0.000174319    0.0207924 -4.13416e-05
-0.000130388    0.0204339 -4.06214e-05
-8.35731e-05    0.0200803 -3.96314e-05
-4.49149e-05    0.0197342 -3.86507e-05
-1.15857e-05    0.0193885 -3.75956e-05
 1.72222e-05    0.0190466 -3.65122e-05
 3.77205e-05    0.0187108 -3.53175e-05
 5.29675e-05    0.0183806 -3.40093e-05
 7.01738e-05    0.0180612 -3.30768e-05
 8.57214e-05      0.01775 -3.22654e-05
8.62694e-05   0.0174493 -3.1517e-05
9.06829e-05    0.017155 -3.0936e-05
 8.92801e-05    0.0168696 -3.07696e-05
 8.63209e-05    0.0165928 -3.06998e-05
 6.97096e-05    0.0163244 -3.09851e-05
  5.2092e-05    0.0160645 -3.14276e-05
 2.53688e-05    0.0158124 -3.23737e-05
 6.98673e-06    0.0155695 -3.34574e-05
-2.06742e-05    0.0153393  -3.4916e-05
-4.22909e-05    0.0151206  -3.6488e-05
-6.64666e-05    0.0149134 -3.85418e-05
-8.65513e-05    0.0147201 -4.07346e-05
-0.000118598    0.0145394 -4.31287e-05
-0.000145505     0.014373 -4.54156e-05
-0.000183707    0.0142139 -4.77842e-05
-0.000218885    0.0140635 -4.98614e-05
-0.000251555    0.0139098   -5.171e-05
-0.000281407    0.0137501 -5.32056e-05
-0.000311523    0.0135802 -5.47633e-05
-0.000346889    0.0134024 -5.58008e-05
-0.000378565    0.0132162 -5.74285e-05
-0.000413739    0.0130205 -5.89125e-05
-0.000449356    0.0128095 -6.12101e-05
-0.000477792    0.0125853 -6.33899e-05
-0.000508314    0.0123457 -6.59639e-05
 -0.00052447    0.0120976 -6.86775e-05
-0.000542067     0.011836 -7.15752e-05
-0.000543784    0.0115671 -7.42449e-05
-0.000549326    0.0112738 -7.70661e-05
-0.000540268    0.0109653  -7.9948e-05
-0.000536751     0.010635 -8.25575e-05
-0.000511478    0.0102936 -8.48704e-05
-0.000497726   0.00992562 -8.74307e-05
-0.000478905   0.00954408 -8.97978e-05
-0.000459591    0.0091502 -9.18483e-05
-0.000447966   0.00874882 -9.29768e-05
-0.000445112   0.00834164 -9.37953e-05
-0.000421193   0.00793655 -9.46821e-05
-0.000399787   0.00753073 -9.51091e-05
-0.000380779    0.0071287 -9.50099e-05
-0.000360431   0.00673041 -9.43591e-05
-0.00033344  0.00633598 -9.3527e-05
-0.000310899   0.00594571 -9.23466e-05
-0.000286539   0.00556239 -9.08645e-05
-0.000268195   0.00518426 -8.91523e-05
-0.000262177   0.00481698 -8.68884e-05
-0.000258397   0.00446214  -8.4456e-05
 -0.00025654   0.00412165 -8.17686e-05
 -0.00025339    0.0037961 -7.88844e-05
-0.000253037   0.00348959 -7.59355e-05
-0.000249799   0.00320223 -7.28637e-05
-0.000249212   0.00293543 -6.97557e-05
-0.000244335   0.00268878  -6.6662e-05
 -0.00023507   0.00246197 -6.39305e-05
-0.000223685   0.00225902  -6.1205e-05
-0.000216609   0.00207715 -5.84255e-05
 -0.00020561   0.00191658 -5.56753e-05
-0.000203712   0.00177642 -5.29765e-05
-0.000193495   0.00165784 -5.02387e-05
-0.000185145   0.00155853 -4.74215e-05
-0.000172035   0.00147687  -4.4788e-05
-0.000159355   0.00141292 -4.20254e-05
-0.000140134   0.00136544 -3.93963e-05
-0.000135475   0.00133178 -3.66639e-05
-0.000124525   0.00131229 -3.41829e-05
-0.000123659   0.00130436 -3.14861e-05
 -0.00011486   0.00130867 -2.90531e-05
-0.000114914   0.00132327 -2.64802e-05
 -0.00010543   0.00134619 -2.42012e-05
-0.000100647   0.00137404 -2.18786e-05
-8.85741e-05   0.00140696 -1.98496e-05
-8.04569e-05   0.00144335 -1.77998e-05
-7.04517e-05   0.00148254 -1.59609e-05
-6.25777e-05   0.00152349 -1.41412e-05
-5.80845e-05   0.00156263 -1.25626e-05
-5.56201e-05   0.00159863 -1.10125e-05
-5.99088e-05   0.00162831 -9.73846e-06
-6.39466e-05   0.00165217 -8.56213e-06
-7.61148e-05   0.00166921 -7.64608e-06
-8.47627e-05   0.00167537 -6.86122e-06
-9.17166e-05   0.00167244 -6.02748e-06
-9.53407e-05   0.00165815 -5.31402e-06
-0.000106334   0.00163326 -4.76907e-06
-0.000119719   0.00159799 -4.15443e-06
-0.000133799   0.00155284 -3.66159e-06
-0.000146927   0.00149741 -3.14215e-06
-0.000164616   0.00143051 -2.76023e-06
-0.000179544   0.00135479 -2.57634e-06
-0.000198635   0.00126828 -2.46831e-06
-0.000221613   0.00117489 -2.29175e-06
-0.000243458   0.00107495 -2.08683e-06
-0.000270157  0.000970048 -1.90834e-06
-0.000295478  0.000862051 -1.69862e-06
-0.000317443  0.000751888 -1.46679e-06
-0.000338447  0.000642004 -1.19357e-06
-0.000351327  0.000533307 -1.02085e-06
-0.000362661  0.000426523 -7.30756e-07
-0.000373614  0.000323901 -3.72033e-07
-0.000384753  0.000227869  2.41575e-08
-0.000387053  0.000135062  2.83558e-07
-0.000389687  5.05058e-05  5.74816e-07
-0.000386123 -2.90305e-05  7.91875e-07
-0.000379889 -9.58386e-05  1.11117e-06
 -0.00036456 -0.000153718  1.14512e-06
-0.000345501 -0.000199191  1.35246e-06
-0.000320595 -0.000232848  1.41915e-06
-0.000299535 -0.000253123  1.65446e-06
-0.000276055 -0.000258667   1.7912e-06
-0.000255151  -0.00025004  2.11711e-06
-0.000230167 -0.000230611  2.31629e-06
-0.000209633 -0.000196781  2.58092e-06
-0.000192609 -0.000154345  2.88728e-06
-0.000170919 -0.000100163  3.39915e-06
-0.000154842 -3.70655e-05  4.01995e-06
-0.000144242  3.19676e-05  4.55209e-06
-0.000132263   0.00011006  4.93804e-06
-0.000113813  0.000190536  5.40978e-06
-9.45416e-05  0.000280024  5.64195e-06
-7.80599e-05  0.000373197  5.89017e-06
-7.00387e-05  0.000466972  6.44206e-06
-6.33092e-05  0.000559829  7.03047e-06
-5.4538e-05 0.000647696 7.61902e-06
-4.83216e-05  0.000730528  8.19413e-06
-4.37876e-05  0.000808635  8.85934e-06
-4.2554e-05 0.000881533 9.54315e-06
-4.47235e-05  0.000946772  1.03022e-05
 -4.668e-05  0.00100614 1.10287e-05
-4.78321e-05   0.00105792  1.18173e-05
-4.96455e-05   0.00110064  1.25385e-05
-5.51484e-05   0.00113331  1.34517e-05
-5.90459e-05   0.00115512  1.42873e-05
-6.30939e-05   0.00116739  1.52317e-05
-7.21827e-05   0.00116941  1.60136e-05
-8.29986e-05   0.00116382  1.70112e-05
-9.51099e-05   0.00114885  1.78417e-05
-0.000104151   0.00112643  1.87937e-05
-0.000116897   0.00109585  1.96688e-05
-0.000127671   0.00105963  2.06533e-05
-0.000143976   0.00101648  2.14363e-05
-0.000158164  0.000968931   2.2326e-05
-0.000173222  0.000915624  2.30031e-05
-0.000187007  0.000861025  2.38832e-05
-0.000200708  0.000802426  2.47133e-05
-0.000212299  0.000742644  2.56571e-05
-0.000224633  0.000680813  2.64405e-05
-0.000235101  0.000619158  2.74009e-05
-0.000248546   0.00055824  2.83468e-05
-0.000259935  0.000499088  2.94312e-05
-0.000278211  0.000441475  3.04094e-05
-0.000292453  0.000387812  3.14937e-05
-0.000314491  0.000336065  3.25937e-05
-0.000330864  0.000289763  3.38075e-05
-0.000353888  0.000245027  3.49684e-05
-0.000372135  0.000205331  3.60948e-05
-0.000387361  0.000168163  3.70253e-05
-0.000397929  0.000136952  3.80396e-05
-0.000413329  0.000107369  3.91828e-05
-0.000423529  8.58654e-05  4.03628e-05
-0.000426084  6.84364e-05  4.13667e-05
-0.00041977 5.58111e-05 4.21614e-05
-0.000413691  4.60577e-05  4.28409e-05
-0.00040427  4.1239e-05  4.3484e-05
-0.000393278   3.7927e-05  4.40981e-05
-0.00037808 4.34296e-05   4.465e-05
-0.000360389  5.05151e-05  4.50778e-05
-0.000339199  6.51396e-05  4.54429e-05
 -0.0003169 8.43185e-05 4.56689e-05
-0.000292222  0.000108615  4.58223e-05
-0.000269566  0.000134949  4.59831e-05
-0.000243426  0.000166556  4.61313e-05
-0.000220051  0.000199355  4.61611e-05
-0.000190856  0.000236339  4.61592e-05
-0.000158519  0.000274329  4.58456e-05
-0.000128548  0.000314697  4.54764e-05
-9.58883e-05  0.000354704  4.48822e-05
-6.51387e-05  0.000394793  4.43504e-05
-3.54698e-05  0.000431269  4.34189e-05
-6.91489e-06  0.000465867  4.25172e-05
2.23059e-05 0.000496405  4.1286e-05
 5.0622e-05 0.000523785 4.00158e-05
7.64571e-05 0.000544611 3.85196e-05
9.82829e-05 0.000558271 3.69629e-05
0.000113645  0.00056447 3.52769e-05
0.000123489 0.000566399 3.33834e-05
0.000125796 0.000562347  3.1422e-05
0.000121799 0.000552031 2.93013e-05
0.000116229 0.000537381 2.71411e-05
0.000104549 0.000515907 2.50164e-05
8.80578e-05 0.000488998 2.29455e-05
6.98698e-05 0.000456772 2.07993e-05
5.06719e-05 0.000421823 1.87798e-05
3.11171e-05 0.000383713  1.6838e-05
3.58656e-06 0.000344082 1.50463e-05
-2.14677e-05  0.000302933  1.32859e-05
-4.96297e-05  0.000259699  1.15386e-05
-7.98377e-05  0.000212279  9.70112e-06
-0.000110291  0.000163427  7.84283e-06
-0.000142956  0.000111864  5.98409e-06
-0.000181285  6.10532e-05  4.22058e-06
-0.000220222  1.10298e-05  2.45017e-06
-0.000258575 -3.71791e-05  5.74288e-07
