-2.44411e-26  4.59163e-41  4.59163e-41
-2.45633e-26  4.61806e-09  4.61459e-41
-2.46855e-26  3.68521e-08  4.63755e-41
-2.48077e-26  1.24064e-07  4.66049e-41
-2.49298e-26  2.93341e-07  4.68343e-41
-2.50518e-26  5.71494e-07  4.70635e-41
-2.51737e-26   9.8506e-07  4.72926e-41
-2.52955e-26   1.5603e-06  4.75214e-41
-2.54172e-26  2.32322e-06    4.775e-41
-2.55388e-26  3.29952e-06  4.79783e-41
-2.56601e-26  4.51466e-06  4.82063e-41
-2.57813e-26  5.99382e-06   4.8434e-41
-2.59023e-26  7.76192e-06  4.86613e-41
-2.60231e-26  9.84359e-06  4.88882e-41
-2.61437e-26  1.22632e-05  4.91147e-41
-2.6264e-26 1.50449e-05 4.93407e-41
-2.6384e-26 1.82125e-05 4.95662e-41
-2.65038e-26  2.17896e-05  4.97911e-41
-2.66232e-26  2.57996e-05  5.00155e-41
-2.67424e-26  3.02654e-05  5.02394e-41
-2.68612e-26  3.52099e-05  5.04625e-41
-2.69796e-26  4.06556e-05  5.06851e-41
-2.70977e-26  4.66248e-05   5.0907e-41
-2.72155e-26  5.31395e-05  5.11281e-41
-2.73328e-26  6.02214e-05  5.13485e-41
-2.74497e-26  6.78922e-05  5.15682e-41
-2.75662e-26   7.6173e-05  5.17871e-41
-2.76823e-26  8.50848e-05  5.20051e-41
-2.77979e-26  9.46484e-05  5.22223e-41
-2.79131e-26  0.000104884  5.24386e-41
-2.80278e-26  0.000115812  5.26541e-41
-2.81419e-26  0.000127453  5.28686e-41
-2.82556e-26  0.000139826  5.30821e-41
-2.83688e-26  0.000152951  5.32947e-41
-2.84814e-26  0.000166847  5.35062e-41
-2.85935e-26  0.000181532  5.37168e-41
-2.8705e-26 0.000197027 5.39263e-41
-2.88159e-26  0.000213348  5.41347e-41
-2.89263e-26  0.000230515   5.4342e-41
-2.9036e-26 0.000248545 5.45481e-41
-2.91451e-26  0.000267457  5.47531e-41
-2.92537e-26  0.000287267   5.4957e-41
-2.93615e-26  0.000307993  5.51596e-41
-2.94688e-26  0.000329653  5.53611e-41
-2.95753e-26  0.000352262  5.55612e-41
-2.96812e-26  0.000375838  5.57602e-41
-2.97864e-26  0.000400396  5.59578e-41
-2.98909e-26  0.000425954  5.61541e-41
-2.99947e-26  0.000452526  5.63491e-41
-3.00978e-26  0.000480129  5.65427e-41
-3.02001e-26  0.000508777   5.6735e-41
-3.03017e-26  0.000538486  5.69259e-41
-3.04026e-26  0.000569271  5.71153e-41
-3.05027e-26  0.000601147  5.73034e-41
-3.0602e-26 0.000634128 5.74899e-41
-3.07005e-26  0.000668228   5.7675e-41
-3.07983e-26  0.000703461  5.78586e-41
-3.08952e-26  0.000739842  5.80407e-41
-3.09913e-26  0.000777383  5.82213e-41
-3.10866e-26  0.000816098  5.84003e-41
-3.11811e-26     0.000856  5.85778e-41
-3.12747e-26  0.000897102  5.87536e-41
-3.13675e-26  0.000939417  5.89279e-41
-3.14594e-26  0.000982957  5.91006e-41
-3.15504e-26   0.00102773  5.92716e-41
-3.16406e-26   0.00107376  5.94409e-41
-3.17298e-26   0.00112105  5.96086e-41
-3.18182e-26   0.00116961  5.97746e-41
-3.19056e-26   0.00121945  5.99389e-41
-3.19922e-26   0.00127059  6.01015e-41
-3.20778e-26   0.00132304  6.02624e-41
-3.21625e-26    0.0013768  6.04215e-41
-3.22463e-26   0.00143189  6.05788e-41
-3.23291e-26   0.00148832  6.07344e-41
-3.24109e-26   0.00154609  6.08881e-41
-3.24918e-26   0.00160522  6.10401e-41
-3.25718e-26   0.00166572  6.11902e-41
-3.26507e-26    0.0017276  6.13386e-41
-3.27287e-26   0.00179086   6.1485e-41
-3.28056e-26   0.00185552  6.16296e-41
-3.28816e-26   0.00192158  6.17723e-41
-3.29566e-26   0.00198905  6.19132e-41
-3.30306e-26   0.00205795  6.20521e-41
-3.31035e-26   0.00212827  6.21891e-41
-3.31754e-26   0.00220003  6.23243e-41
-3.32463e-26   0.00227323  6.24574e-41
-3.33162e-26   0.00234789  6.25887e-41
-3.3385e-26  0.00242401 6.27179e-41
-3.34527e-26   0.00250159  6.28452e-41
-3.35194e-26   0.00258065  6.29705e-41
-3.35851e-26   0.00266119  6.30939e-41
-3.36497e-26   0.00274321  6.32152e-41
-3.37132e-26   0.00282673  6.33345e-41
-3.37756e-26   0.00291175  6.34518e-41
-3.3837e-26  0.00299828 6.35671e-41
-3.38973e-26   0.00308632  6.36803e-41
-3.39565e-26   0.00317587  6.37915e-41
-3.40146e-26   0.00326695  6.39006e-41
-3.40716e-26   0.00335956  6.40077e-41
-3.41274e-26    0.0034537  6.41127e-41
-3.41822e-26   0.00354938  6.42156e-41
-3.42359e-26   0.00364661  6.43164e-41
-3.42884e-26   0.00374538  6.44151e-41
-3.43399e-26    0.0038457  6.45117e-41
-3.43902e-26   0.00394758  6.46062e-41
-3.44393e-26   0.00405102  6.46986e-41
-3.44874e-26   0.00415602  6.47888e-41
-3.45343e-26   0.00426259  6.48769e-41
-3.45801e-26   0.00437073  6.49629e-41
-3.46247e-26   0.00448045  6.50467e-41
-3.46682e-26   0.00459174  6.51284e-41
-3.47105e-26   0.00470462  6.52079e-41
-3.47517e-26   0.00481908  6.52853e-41
-3.47917e-26   0.00493512  6.53605e-41
-3.48306e-26   0.00505275  6.54335e-41
-3.48683e-26   0.00517197  6.55043e-41
-3.49048e-26   0.00529279   6.5573e-41
-3.49402e-26   0.00541519  6.56395e-41
-3.49744e-26    0.0055392  6.57037e-41
-3.50075e-26    0.0056648  6.57658e-41
-3.50393e-26     0.005792  6.58257e-41
 -3.507e-26   0.0059208 6.58833e-41
-3.50996e-26    0.0060512  6.59388e-41
-3.51279e-26    0.0061832  6.59921e-41
-3.51551e-26   0.00631681  6.60431e-41
-3.51811e-26   0.00645202  6.60919e-41
-3.52059e-26   0.00658883  6.61385e-41
-3.52295e-26   0.00672725  6.61829e-41
-3.52519e-26   0.00686727  6.62251e-41
-3.52732e-26   0.00700889   6.6265e-41
-3.52933e-26   0.00715212  6.63027e-41
-3.53122e-26   0.00729695  6.63382e-41
-3.53299e-26   0.00744338  6.63714e-41
-3.53464e-26   0.00759141  6.64024e-41
-3.53617e-26   0.00774105  6.64312e-41
-3.53758e-26   0.00789228  6.64577e-41
-3.53888e-26   0.00804511   6.6482e-41
-3.54005e-26   0.00819954  6.65041e-41
-3.54111e-26   0.00835557  6.65239e-41
-3.54204e-26   0.00851318  6.65415e-41
-3.54286e-26    0.0086724  6.65569e-41
-3.54356e-26    0.0088332    6.657e-41
-3.54414e-26   0.00899558  6.65809e-41
-3.5446e-26  0.00915956 6.65896e-41
-3.54494e-26   0.00932512   6.6596e-41
-3.54517e-26   0.00949226  6.66002e-41
-3.54527e-26   0.00966097  6.66021e-41
-3.54526e-26   0.00983127  6.66019e-41
-3.54512e-26    0.0100031  6.65994e-41
-3.54487e-26    0.0101766  6.65946e-41
-3.5445e-26   0.0103516 6.65877e-41
-3.54401e-26    0.0105281  6.65785e-41
-3.5434e-26   0.0107062 6.65671e-41
-3.54268e-26    0.0108859  6.65535e-41
-3.54184e-26    0.0110671  6.65376e-41
-3.54088e-26    0.0112499  6.65196e-41
-3.5398e-26   0.0114342 6.64993e-41
-3.5386e-26   0.0116201 6.64768e-41
-3.53729e-26    0.0118075  6.64521e-41
-3.53586e-26    0.0119964  6.64253e-41
-3.53431e-26    0.0121869  6.63962e-41
-3.53264e-26    0.0123788  6.63649e-41
-3.53086e-26    0.0125723  6.63314e-41
-3.52896e-26    0.0127673  6.62958e-41
-3.52695e-26    0.0129638  6.62579e-41
-3.52482e-26    0.0131618  6.62179e-41
-3.52257e-26    0.0133613  6.61757e-41
-3.52021e-26    0.0135623  6.61314e-41
-3.51774e-26    0.0137648  6.60848e-41
-3.51515e-26    0.0139687  6.60362e-41
-3.51244e-26    0.0141742  6.59853e-41
-3.50962e-26     0.014381  6.59323e-41
-3.50668e-26    0.0145894  6.58772e-41
-3.50364e-26    0.0147992  6.58199e-41
-3.50047e-26    0.0150105  6.57605e-41
-3.4972e-26   0.0152231  6.5699e-41
-3.49381e-26    0.0154373  6.56353e-41
-3.49031e-26    0.0156528  6.55696e-41
-3.4867e-26   0.0158698 6.55017e-41
-3.48297e-26    0.0160882  6.54317e-41
-3.47914e-26     0.016308  6.53596e-41
-3.47519e-26    0.0165292  6.52855e-41
-3.47113e-26    0.0167518  6.52092e-41
-3.46696e-26    0.0169758  6.51309e-41
-3.46268e-26    0.0172011  6.50505e-41
-3.45829e-26    0.0174278   6.4968e-41
-3.45379e-26    0.0176559  6.48835e-41
-3.44919e-26    0.0178854   6.4797e-41
-3.44447e-26    0.0181162  6.47084e-41
-3.43965e-26    0.0183483  6.46178e-41
-3.43472e-26    0.0185818  6.45251e-41
-3.42968e-26    0.0188165  6.44305e-41
-3.42453e-26    0.0190526  6.43338e-41
-3.41928e-26      0.01929  6.42351e-41
-3.41392e-26    0.0195287  6.41345e-41
-3.40846e-26    0.0197687  6.40319e-41
-3.40289e-26      0.02001  6.39272e-41
-3.39722e-26    0.0202525  6.38207e-41
-3.39144e-26    0.0204963  6.37121e-41
-3.38556e-26    0.0207414  6.36017e-41
-3.37958e-26    0.0209877  6.34893e-41
-3.37349e-26    0.0212352  6.33749e-41
-3.3673e-26   0.0214839 6.32587e-41
-3.36101e-26    0.0217339  6.31405e-41
-3.35462e-26    0.0219851  6.30205e-41
-3.34813e-26    0.0222375  6.28985e-41
-3.34154e-26     0.022491  6.27747e-41
-3.33485e-26    0.0227458   6.2649e-41
-3.32806e-26    0.0230017  6.25214e-41
-3.32117e-26    0.0232587   6.2392e-41
-3.31418e-26    0.0235169  6.22608e-41
-3.3071e-26   0.0237763 6.21277e-41
-3.29992e-26    0.0240368  6.19928e-41
-3.29264e-26    0.0242984  6.18561e-41
-3.28527e-26    0.0245611  6.17176e-41
-3.27781e-26    0.0248248  6.15773e-41
-3.27024e-26    0.0250897  6.14353e-41
-3.26259e-26    0.0253557  6.12915e-41
-3.25484e-26    0.0256227  6.11459e-41
 -3.247e-26   0.0258908 6.09986e-41
-3.23907e-26    0.0261599  6.08496e-41
-3.23104e-26    0.0264301  6.06988e-41
-3.22293e-26    0.0267012  6.05463e-41
-3.21472e-26    0.0269734  6.03922e-41
-3.20642e-26    0.0272466  6.02363e-41
-3.19804e-26    0.0275208  6.00788e-41
-3.18957e-26    0.0277959  5.99197e-41
-3.18101e-26     0.028072  5.97589e-41
-3.17236e-26    0.0283491  5.95964e-41
-3.16363e-26    0.0286271  5.94323e-41
-3.15481e-26     0.028906  5.92666e-41
-3.1459e-26   0.0291859 5.90994e-41
-3.13691e-26    0.0294666  5.89305e-41
-3.12784e-26    0.0297483  5.87601e-41
-3.11869e-26    0.0300308  5.85881e-41
-3.10945e-26    0.0303143  5.84145e-41
-3.10013e-26    0.0305985  5.82394e-41
-3.09073e-26    0.0308837  5.80628e-41
-3.08125e-26    0.0311696  5.78847e-41
-3.07169e-26    0.0314564  5.77051e-41
-3.06205e-26     0.031744   5.7524e-41
-3.05233e-26    0.0320324  5.73414e-41
-3.04253e-26    0.0323216  5.71574e-41
-3.03266e-26    0.0326115   5.6972e-41
-3.02271e-26    0.0329023  5.67851e-41
-3.01269e-26    0.0331937  5.65968e-41
-3.00259e-26     0.033486  5.64071e-41
-2.99242e-26    0.0337789   5.6216e-41
-2.98217e-26    0.0340725  5.60235e-41
-2.97186e-26    0.0343669  5.58297e-41
-2.96147e-26    0.0346619  5.56345e-41
-2.95101e-26    0.0349577   5.5438e-41
-2.94048e-26     0.035254  5.52401e-41
-2.92988e-26    0.0355511   5.5041e-41
-2.91921e-26    0.0358487  5.48406e-41
-2.90847e-26     0.036147  5.46389e-41
-2.89767e-26    0.0364459  5.44359e-41
-2.8868e-26   0.0367454 5.42317e-41
-2.87586e-26    0.0370455  5.40263e-41
-2.86486e-26    0.0373461  5.38196e-41
-2.85379e-26    0.0376474  5.36117e-41
-2.84267e-26    0.0379491  5.34027e-41
-2.83147e-26    0.0382514  5.31924e-41
-2.82022e-26    0.0385542   5.2981e-41
-2.80891e-26    0.0388575  5.27685e-41
-2.79753e-26    0.0391613  5.25548e-41
-2.7861e-26   0.0394656   5.234e-41
-2.77461e-26    0.0397704  5.21241e-41
-2.76306e-26    0.0400756  5.19072e-41
-2.75145e-26    0.0403812  5.16891e-41
-2.73979e-26    0.0406873    5.147e-41
-2.72807e-26    0.0409938  5.12499e-41
-2.7163e-26   0.0413007 5.10287e-41
-2.70447e-26     0.041608  5.08065e-41
-2.69259e-26    0.0419156  5.05833e-41
-2.68066e-26    0.0422236  5.03591e-41
-2.66867e-26    0.0425319   5.0134e-41
-2.65664e-26    0.0428406  4.99079e-41
-2.64455e-26    0.0431496  4.96809e-41
-2.63242e-26    0.0434589   4.9453e-41
-2.62024e-26    0.0437685  4.92241e-41
-2.60801e-26    0.0440784  4.89944e-41
-2.59574e-26    0.0443885  4.87638e-41
-2.58342e-26    0.0446989  4.85323e-41
-2.57105e-26    0.0450095     4.83e-41
-2.55864e-26    0.0453203  4.80669e-41
-2.54619e-26    0.0456313   4.7833e-41
-2.53369e-26    0.0459426  4.75982e-41
-2.52116e-26     0.046254  4.73627e-41
-2.50858e-26    0.0465656  4.71264e-41
-2.49596e-26    0.0468773  4.68894e-41
-2.48331e-26    0.0471892  4.66517e-41
-2.47061e-26    0.0475012  4.64132e-41
-2.45788e-26    0.0478133   4.6174e-41
-2.44511e-26    0.0481255  4.59341e-41
-2.43231e-26    0.0484378  4.56936e-41
-2.41947e-26    0.0487501  4.54524e-41
-2.4066e-26   0.0490626 4.52106e-41
-2.39369e-26     0.049375  4.49682e-41
-2.38075e-26    0.0496875  4.47251e-41
-2.36778e-26         0.05  4.44815e-41
-2.35478e-26    0.0503125  4.42372e-41
-2.34176e-26     0.050625  4.39925e-41
-2.3287e-26   0.0509374 4.37472e-41
-2.31561e-26    0.0512499  4.35013e-41
-2.3025e-26   0.0515622  4.3255e-41
-2.28936e-26    0.0518745  4.30081e-41
-2.27619e-26    0.0521867  4.27608e-41
-2.263e-26  0.0524988 4.2513e-41
-2.24979e-26    0.0528108  4.22648e-41
-2.23655e-26    0.0531227  4.20161e-41
-2.22329e-26    0.0534344   4.1767e-41
-2.21001e-26     0.053746  4.15176e-41
-2.19671e-26    0.0540574  4.12677e-41
-2.1834e-26   0.0543687 4.10175e-41
-2.17006e-26    0.0546797  4.07669e-41
-2.1567e-26   0.0549905  4.0516e-41
-2.14333e-26    0.0553011  4.02648e-41
-2.12994e-26    0.0556115  4.00133e-41
-2.11654e-26    0.0559216  3.97615e-41
-2.10312e-26    0.0562315  3.95094e-41
-2.08968e-26    0.0565411   3.9257e-41
-2.07624e-26    0.0568504  3.90045e-41
-2.06278e-26    0.0571594  3.87517e-41
-2.04932e-26    0.0574681  3.84987e-41
-2.03584e-26    0.0577764  3.82455e-41
-2.02235e-26    0.0580844  3.79921e-41
-2.00886e-26     0.058392  3.77386e-41
-1.99535e-26    0.0586993  3.74849e-41
-1.98184e-26    0.0590062  3.72311e-41
-1.96833e-26    0.0593127  3.69772e-41
-1.95481e-26    0.0596188  3.67232e-41
-1.94128e-26    0.0599244  3.64691e-41
-1.92776e-26    0.0602296   3.6215e-41
-1.91422e-26    0.0605344  3.59608e-41
-1.90069e-26    0.0608387  3.57066e-41
-1.88716e-26    0.0611425  3.54524e-41
-1.87363e-26    0.0614458  3.51981e-41
-1.86009e-26    0.0617486  3.49439e-41
-1.84656e-26    0.0620509  3.46897e-41
-1.83304e-26    0.0623526  3.44356e-41
-1.81951e-26    0.0626539  3.41815e-41
-1.80599e-26    0.0629545  3.39275e-41
-1.79247e-26    0.0632546  3.36736e-41
-1.77896e-26    0.0635541  3.34198e-41
-1.76546e-26     0.063853  3.31661e-41
-1.75197e-26    0.0641513  3.29126e-41
-1.73848e-26    0.0644489  3.26592e-41
-1.725e-26   0.064746 3.2406e-41
-1.71153e-26    0.0650423   3.2153e-41
-1.69807e-26    0.0653381  3.19002e-41
-1.68463e-26    0.0656331  3.16476e-41
-1.67119e-26    0.0659275  3.13952e-41
-1.65777e-26    0.0662211  3.11431e-41
-1.64437e-26     0.066514  3.08912e-41
-1.63098e-26    0.0668063  3.06397e-41
-1.6176e-26   0.0670977 3.03884e-41
-1.60424e-26    0.0673885  3.01374e-41
-1.5909e-26   0.0676784 2.98867e-41
-1.57757e-26    0.0679676  2.96364e-41
-1.56427e-26     0.068256  2.93865e-41
-1.55098e-26    0.0685436  2.91369e-41
-1.53771e-26    0.0688304  2.88876e-41
-1.52447e-26    0.0691163  2.86388e-41
-1.51125e-26    0.0694015  2.83904e-41
-1.49805e-26    0.0696857  2.81424e-41
-1.48487e-26    0.0699692  2.78949e-41
-1.47172e-26    0.0702517  2.76478e-41
-1.45859e-26    0.0705334  2.74012e-41
-1.44549e-26    0.0708141  2.71551e-41
-1.43241e-26     0.071094  2.69094e-41
-1.41936e-26    0.0713729  2.66643e-41
-1.40634e-26    0.0716509  2.64197e-41
-1.39335e-26     0.071928  2.61757e-41
-1.38039e-26    0.0722041  2.59322e-41
-1.36746e-26    0.0724792  2.56892e-41
-1.35456e-26    0.0727534  2.54469e-41
-1.34169e-26    0.0730266  2.52051e-41
-1.32885e-26    0.0732988   2.4964e-41
-1.31605e-26    0.0735699  2.47235e-41
-1.30328e-26    0.0738401  2.44836e-41
-1.29055e-26    0.0741092  2.42444e-41
-1.27785e-26    0.0743773  2.40058e-41
-1.26519e-26    0.0746443  2.37679e-41
-1.25256e-26    0.0749103  2.35307e-41
-1.23997e-26    0.0751752  2.32942e-41
-1.22742e-26    0.0754389  2.30585e-41
-1.21491e-26    0.0757016  2.28234e-41
-1.20244e-26    0.0759632  2.25891e-41
-1.19001e-26    0.0762237  2.23556e-41
-1.17762e-26    0.0764831  2.21229e-41
-1.16527e-26    0.0767413  2.18909e-41
-1.15296e-26    0.0769983  2.16597e-41
-1.1407e-26   0.0772542 2.14293e-41
-1.12848e-26     0.077509  2.11998e-41
-1.11631e-26    0.0777625   2.0971e-41
-1.10418e-26    0.0780149  2.07432e-41
-1.09209e-26    0.0782661  2.05162e-41
-1.08006e-26    0.0785161    2.029e-41
-1.06806e-26    0.0787648  2.00648e-41
-1.05612e-26    0.0790123  1.98404e-41
-1.04423e-26    0.0792586  1.96169e-41
-1.03238e-26    0.0795037  1.93944e-41
-1.02058e-26    0.0797475  1.91728e-41
-1.00884e-26      0.07999  1.89521e-41
-9.97143e-27    0.0802313  1.87324e-41
-9.85499e-27    0.0804713  1.85137e-41
-9.73907e-27      0.08071  1.82959e-41
-9.62367e-27    0.0809474  1.80791e-41
-9.50881e-27    0.0811835  1.78633e-41
-9.39449e-27    0.0814182  1.76486e-41
-9.2807e-27   0.0816517 1.74348e-41
-9.16747e-27    0.0818838  1.72221e-41
-9.05479e-27    0.0821146  1.70104e-41
-8.94268e-27    0.0823441  1.67998e-41
-8.83113e-27    0.0825722  1.65902e-41
-8.72015e-27    0.0827989  1.63817e-41
-8.60975e-27    0.0830242  1.61743e-41
-8.49993e-27    0.0832482   1.5968e-41
-8.3907e-27   0.0834708 1.57628e-41
-8.28206e-27     0.083692  1.55588e-41
-8.17403e-27    0.0839118  1.53558e-41
-8.06659e-27    0.0841302   1.5154e-41
-7.95977e-27    0.0843472  1.49533e-41
-7.85356e-27    0.0845627  1.47538e-41
-7.74797e-27    0.0847769  1.45554e-41
 -7.643e-27   0.0849895 1.43582e-41
-7.53866e-27    0.0852008  1.41622e-41
-7.43496e-27    0.0854106  1.39674e-41
-7.3319e-27    0.085619 1.37738e-41
-7.22947e-27    0.0858258  1.35813e-41
-7.1277e-27   0.0860313 1.33902e-41
-7.02658e-27    0.0862352  1.32002e-41
-6.92611e-27    0.0864377  1.30115e-41
-6.82631e-27    0.0866387   1.2824e-41
-6.72717e-27    0.0868382  1.26377e-41
-6.62871e-27    0.0870362  1.24527e-41
-6.53091e-27    0.0872327   1.2269e-41
-6.4338e-27   0.0874277 1.20866e-41
-6.33737e-27    0.0876212  1.19054e-41
-6.24162e-27    0.0878131  1.17256e-41
-6.14657e-27    0.0880036   1.1547e-41
-6.05221e-27    0.0881925  1.13697e-41
-5.95854e-27    0.0883799  1.11938e-41
-5.86558e-27    0.0885658  1.10191e-41
-5.77333e-27    0.0887501  1.08458e-41
-5.68178e-27    0.0889329  1.06738e-41
-5.59095e-27    0.0891141  1.05032e-41
-5.50083e-27    0.0892938  1.03339e-41
-5.41143e-27    0.0894719  1.01659e-41
-5.32275e-27    0.0896484  9.99936e-42
-5.2348e-27   0.0898234 9.83413e-42
-5.14758e-27    0.0899969  9.67028e-42
-5.06109e-27    0.0901687  9.50779e-42
-4.97533e-27     0.090339  9.34669e-42
-4.89031e-27    0.0905077  9.18698e-42
-4.80603e-27    0.0906749  9.02865e-42
-4.7225e-27   0.0908404 8.87172e-42
-4.63971e-27    0.0910044  8.71619e-42
-4.55767e-27    0.0911668  8.56207e-42
-4.47637e-27    0.0913276  8.40935e-42
-4.39584e-27    0.0914868  8.25805e-42
-4.31605e-27    0.0916444  8.10817e-42
-4.23703e-27    0.0918005  7.95972e-42
-4.15876e-27    0.0919549  7.81269e-42
-4.08126e-27    0.0921077  7.66709e-42
-4.00452e-27     0.092259  7.52292e-42
-3.92855e-27    0.0924086  7.38019e-42
-3.85334e-27    0.0925566  7.23891e-42
-3.7789e-27   0.0927031 7.09907e-42
-3.70523e-27    0.0928479  6.96067e-42
-3.63233e-27    0.0929911  6.82373e-42
-3.56021e-27    0.0931327  6.68824e-42
-3.48886e-27    0.0932728  6.55421e-42
-3.41829e-27    0.0934112  6.42163e-42
-3.3485e-27    0.093548 6.29051e-42
-3.27948e-27    0.0936832  6.16086e-42
-3.21124e-27    0.0938168  6.03267e-42
-3.14379e-27    0.0939488  5.90594e-42
-3.07711e-27    0.0940792  5.78068e-42
-3.01122e-27     0.094208  5.65689e-42
-2.9461e-27   0.0943352 5.53457e-42
-2.88177e-27    0.0944608  5.41372e-42
-2.81823e-27    0.0945848  5.29434e-42
-2.75546e-27    0.0947072  5.17643e-42
-2.69348e-27     0.094828     5.06e-42
-2.63229e-27    0.0949472  4.94503e-42
-2.57187e-27    0.0950649  4.83154e-42
-2.51225e-27    0.0951809  4.71952e-42
-2.4534e-27   0.0952954 4.60897e-42
-2.39534e-27    0.0954083   4.4999e-42
-2.33806e-27    0.0955195  4.39229e-42
-2.28156e-27    0.0956293  4.28615e-42
-2.22584e-27    0.0957374  4.18148e-42
-2.17091e-27     0.095844  4.07828e-42
-2.11675e-27     0.095949  3.97655e-42
-2.06338e-27    0.0960524  3.87627e-42
-2.01078e-27    0.0961543  3.77746e-42
-1.95896e-27    0.0962546  3.68011e-42
-1.90791e-27    0.0963534  3.58422e-42
-1.85764e-27    0.0964506  3.48978e-42
-1.80815e-27    0.0965463   3.3968e-42
-1.75942e-27    0.0966404  3.30526e-42
-1.71147e-27     0.096733  3.21518e-42
-1.66428e-27    0.0968241  3.12653e-42
-1.61786e-27    0.0969137  3.03933e-42
-1.57221e-27    0.0970017  2.95356e-42
-1.52731e-27    0.0970882  2.86922e-42
-1.48318e-27    0.0971733  2.78631e-42
-1.43981e-27    0.0972568  2.70483e-42
-1.39719e-27    0.0973388  2.62476e-42
-1.35532e-27    0.0974194  2.54612e-42
-1.31421e-27    0.0974984  2.46888e-42
-1.27384e-27     0.097576  2.39304e-42
-1.23421e-27    0.0976521   2.3186e-42
-1.19533e-27    0.0977268  2.24556e-42
-1.15719e-27       0.0978  2.17391e-42
-1.11979e-27    0.0978717  2.10364e-42
-1.08311e-27    0.0979421  2.03474e-42
-1.04717e-27    0.0980109  1.96721e-42
-1.01195e-27    0.0980784  1.90105e-42
-9.77449e-28    0.0981445  1.83624e-42
-9.43669e-28    0.0982091  1.77278e-42
-9.10603e-28    0.0982724  1.71067e-42
-8.78248e-28    0.0983343  1.64988e-42
-8.46598e-28    0.0983948  1.59043e-42
-8.1565e-28   0.0984539 1.53229e-42
 -7.854e-28   0.0985117 1.47546e-42
-7.55842e-28    0.0985681  1.41993e-42
-7.26973e-28    0.0986232   1.3657e-42
-6.98787e-28     0.098677  1.31275e-42
-6.7128e-28   0.0987294 1.26107e-42
-6.44446e-28    0.0987805  1.21066e-42
-6.18282e-28    0.0988304  1.16151e-42
-5.9278e-28    0.098879  1.1136e-42
-5.67937e-28    0.0989262  1.06693e-42
-5.43746e-28    0.0989723  1.02148e-42
-5.20202e-28     0.099017  9.77255e-43
-4.97299e-28    0.0990606  9.34229e-43
-4.75032e-28    0.0991029  8.92398e-43
-4.53394e-28     0.099144  8.51748e-43
-4.32379e-28    0.0991839   8.1227e-43
-4.11981e-28    0.0992226   7.7395e-43
-3.92194e-28    0.0992602  7.36778e-43
-3.73011e-28    0.0992965  7.00741e-43
-3.54425e-28    0.0993318  6.65826e-43
-3.36431e-28    0.0993659  6.32021e-43
-3.1902e-28   0.0993989 5.99312e-43
-3.02186e-28    0.0994307  5.67688e-43
-2.85921e-28    0.0994615  5.37133e-43
-2.70219e-28    0.0994912  5.07635e-43
-2.55072e-28    0.0995199   4.7918e-43
-2.40472e-28    0.0995475  4.51752e-43
-2.26412e-28     0.099574  4.25339e-43
-2.12883e-28    0.0995996  3.99924e-43
-1.99879e-28    0.0996242  3.75494e-43
-1.8739e-28   0.0996477 3.52032e-43
-1.75409e-28    0.0996703  3.29524e-43
-1.63927e-28     0.099692  3.07954e-43
-1.52935e-28    0.0997127  2.87305e-43
-1.42426e-28    0.0997325  2.67562e-43
-1.32389e-28    0.0997515  2.48707e-43
-1.22817e-28    0.0997695  2.30725e-43
 -1.137e-28   0.0997867 2.13597e-43
-1.05029e-28     0.099803  1.97307e-43
-9.67938e-29    0.0998185  1.81837e-43
-8.8986e-29   0.0998332  1.6717e-43
-8.15956e-29     0.099847  1.53286e-43
-7.46128e-29    0.0998602  1.40168e-43
-6.80276e-29    0.0998725  1.27797e-43
-6.18299e-29    0.0998842  1.16154e-43
-5.60095e-29    0.0998951   1.0522e-43
-5.05561e-29    0.0999054  9.49749e-44
-4.5459e-29   0.0999149 8.53996e-44
-4.07077e-29    0.0999238  7.64738e-44
-3.62913e-29    0.0999321  6.81771e-44
-3.21989e-29    0.0999398  6.04891e-44
-2.84193e-29    0.0999469  5.33887e-44
-2.49413e-29    0.0999534  4.68549e-44
-2.17535e-29    0.0999593  4.08663e-44
-1.88443e-29    0.0999648  3.54009e-44
-1.62019e-29    0.0999697   3.0437e-44
-1.38146e-29    0.0999742  2.59521e-44
-1.16702e-29    0.0999782  2.19238e-44
-9.75671e-30    0.0999818   1.8329e-44
-8.06171e-30     0.099985  1.51448e-44
-6.57272e-30    0.0999877  1.23476e-44
-5.27712e-30    0.0999902  9.91364e-45
-4.16213e-30    0.0999922    7.819e-45
-3.21479e-30     0.099994  6.03933e-45
-2.42201e-30    0.0999955  4.55001e-45
-1.77053e-30    0.0999967  3.32613e-45
-1.24694e-30    0.0999977   2.3425e-45
-8.37654e-31    0.0999984  1.57362e-45
-5.28955e-31     0.099999  9.93699e-46
-3.06951e-31    0.0999994  5.76639e-46
-1.5759e-31   0.0999997  2.9605e-46
-6.66659e-32    0.0999999  1.25239e-46
-1.9807e-32         0.1 3.72095e-47
-2.48265e-33          0.1  4.66392e-48
-4.59177e-41          0.1  8.15663e-56
  0 0.1   0
  0 0.1   0
  0 0.1   0
  0 0.1   0
  0 0.1   0
  0 0.1   0
  0 0.1   0
  0 0.1   0
  0 0.1   0
  0 0.1   0
  0 0.1   0
  0 0.1   0
  0 0.1   0
  0 0.1   0
  0 0.1   0
  0 0.1   0
  0 0.1   0
  0 0.1   0
  0 0.1   0
  0 0.1   0
  0 0.1   0
  0 0.1   0
  0 0.1   0
  0 0.1   0
  0 0.1   0
  0 0.1   0
  0 0.1   0
  0 0.1   0
  0 0.1   0
  0 0.1   0
  0 0.1   0
  0 0.1   0
  0 0.1   0
  0 0.1   0
  0 0.1   0
  0 0.1   0
  0 0.1   0
  0 0.1   0
  0 0.1   0
  0 0.1   0
  0 0.1   0
  0 0.1   0
  0 0.1   0
  0 0.1   0
  0 0.1   0
  0 0.1   0
  0 0.1   0
  0 0.1   0
  0 0.1   0
  0 0.1   0
  0 0.1   0
  0 0.1   0
  0 0.1   0
  0 0.1   0
  0 0.1   0
  0 0.1   0
  0 0.1   0
  0 0.1   0
  0 0.1   0
  0 0.1   0
  0 0.1   0
  0 0.1   0
  0 0.1   0
  0 0.1   0
  0 0.1   0
  0 0.1   0
  0 0.1   0
  0 0.1   0
  0 0.1   0
  0 0.1   0
  0 0.1   0
  0 0.1   0
  0 0.1   0
  0 0.1   0
  0 0.1   0
  0 0.1   0
  0 0.1   0
  0 0.1   0
  0 0.1   0
  0 0.1   0
  0 0.1   0
  0 0.1   0
  0 0.1   0
  0 0.1   0
  0 0.1   0
  0 0.1   0
  0 0.1   0
  0 0.1   0
  0 0.1   0
  0 0.1   0
  0 0.1   0
  0 0.1   0
  0 0.1   0
  0 0.1   0
  0 0.1   0
  0 0.1   0
  0 0.1   0
  0 0.1   0
  0 0.1   0
  0 0.1   0
  0 0.1   0
  0 0.1   0
  0 0.1   0
  0 0.1   0
  0 0.1   0
  0 0.1   0
  0 0.1   0
  0 0.1   0
