8.37371e-41 8.37371e-41 8.37371e-41 8.37371e-41 8.37371e-41 8.37371e-41 8.37371e-41 8.37371e-41
0.0354479 -0.112796 0.0817956 -0.121642 -0.285551 -0.104599  0.116873 -0.123074
0.0673945  -1.07926 0.0251536 -0.237232 -0.158129 -0.222302  0.213049 0.0486632
   0.097332    -1.09188 -0.00606449   -0.290985   0.0781922   -0.268569    0.297645  -0.0151909
  0.130475   0.489298  -0.228184   0.453637   0.388044  -0.314975   0.468398 -0.0776955
0.157835 0.427619 -0.39311 0.388322 0.656783 -0.31819 0.539749 -0.10626
 0.205172  0.982163 -0.480014  0.410291   0.94662 -0.551137  0.528394 -0.110567
 0.272697  0.890379  -0.51714  0.348992   1.19235 -0.511102  0.573002 -0.133143
 0.312784  0.263836 -0.633383  0.790451   1.54755 -0.886817  0.557283 -0.186779
 0.447173   0.20808 -0.675089   0.71287   1.85979  -0.83353  0.574682 -0.204815
   0.6089 0.0813425 -0.609454   0.97685   2.08995  -1.13769  0.611581 -0.238775
 0.781977 0.0243887 -0.480821  0.877383   2.30986  -1.10654  0.732255 -0.283087
  0.798385 -0.0363579  -0.209046   0.527399    2.61798   -1.23247   0.782539  -0.205468
 0.891181   -0.1443 0.0938545  0.411996   2.91004  -1.14646  0.889958 -0.257871
 0.960255 -0.215878  0.399947  0.361414   3.34187  -1.47631   1.03678 -0.413809
  1.11003 -0.271298  0.775212  0.225163    3.7753  -1.32899   1.17765 -0.453689
  1.26108 -0.328633   1.13132  0.189722     4.379  -1.77426   1.28943 -0.660929
  1.53708  -0.41407   1.54462 0.0365385   4.96628  -1.66909   1.48165 -0.684228
  1.85351 -0.448083    2.0867  0.185583   5.51134  -1.93632    1.5925 -0.794234
  2.06197 -0.527963   2.66509 -0.104918   6.04572    -1.771   1.87071 -0.824975
  2.28675 -0.580491   3.43891 0.0640025   6.69239   -2.1666   2.14014 -0.898226
  2.35796 -0.643007   4.25926 -0.316072   7.33927  -1.94322   2.56137 -0.949645
    2.5579  -0.669761    5.29259 -0.0595572    8.19776   -2.33882    2.85798  -0.976239
   2.5783 -0.709812   6.35259 -0.445326   9.02469   -2.0189   3.08003 -0.986734
  2.81066 -0.767211   7.56925 0.0736378   10.0924  -2.56428    3.3466  -1.02054
  3.06566  -0.81303   8.73249 -0.340851   11.1549  -2.27317   3.59174  -1.03855
 3.30781 -0.88763  9.97385 0.177822  12.2683 -2.94434  3.95587 -1.08953
  3.59981 -0.927975   11.1818 -0.300953   13.3361  -2.68393   4.32009   -1.0811
 3.96245 -1.00309  12.5797 0.146477  14.3639 -3.26204  4.62503 -1.15439
  4.26124  -1.03637   13.9998 -0.511253   15.3823  -2.97127    5.0044  -1.21013
 4.61539 -1.12388  15.5762 0.137307  16.2562  -3.7609  5.53673 -1.20051
  5.23545  -1.08377   17.1255 -0.448562    17.073  -3.67327   6.08151  -1.33433
 6.00714 -1.23706  18.7361 0.309418  17.2464 -3.62936  6.82274 -1.32413
  6.91625  -1.05053    20.287 -0.260578   17.2525  -3.47383   7.40643  -1.48758
 7.98781 -1.24418  21.8221 0.362905  17.2042 -3.43682  8.01054 -1.45629
  9.06363 -0.961943   23.2881 -0.314758   17.3694   -3.2716   8.51238   -1.5294
 10.3223 -1.27469  24.9518   0.7003  17.5527 -3.24084  9.18182 -1.51434
  11.5679 -0.997375   26.4982  0.217201   17.5549  -3.09172   9.52171  -1.52081
 12.9309 -1.30752  27.7068 0.851107  17.6545 -2.99055  10.0311 -1.52476
  14.3118 -0.862509   28.8308   0.39179   17.6291  -2.86154   10.4625  -1.51564
 15.7883 -1.21733   29.934  0.96092  17.7845 -2.76977  11.0142 -1.50916
  17.1548 -0.563377   30.9622  0.515759   17.8188  -2.64282   11.4986  -1.46618
  18.5188 -0.710882   31.9057   1.28831   18.0821  -2.59347   11.8993  -1.45842
   19.153 -0.482793   32.6565   1.14526   18.3339   -2.4459    12.459  -1.45025
  19.7049 -0.467999   32.3599    1.2596   18.7346  -2.34647   13.0693  -1.47707
   19.862 -0.458593     31.79   1.29433   18.9164  -2.29289    13.765  -1.38371
  19.9292 -0.479948   31.3248   1.25494   19.1647  -2.18214   14.4921  -1.32081
  20.0535 -0.380465   30.8259   1.22979   19.3757  -2.13834   14.9658  -1.32049
  20.0596 -0.323839   30.2871    1.2887   19.7966  -1.95377   15.5671  -1.17591
  20.3618 -0.335608   30.0496   1.26949   20.1645  -1.86919   16.0026  -1.18964
  20.5728 -0.228818    29.782   1.28775   20.3808   -1.7673    16.454  -1.11296
  20.8997 -0.225207   29.5252   1.33441   20.6918  -1.61341    16.935 -0.988407
  21.2792   -0.1441   29.3164   1.33552   21.0982  -1.41143   17.2772 -0.861199
   21.6623 -0.0257432    29.2901    1.37262    21.3956   -1.33667    17.7589  -0.825264
   21.768 0.0397515   29.1006   1.34096   21.6582  -1.20368   18.3088 -0.670047
 22.0241 0.159241  29.0717   1.4461  21.9228 -1.00793  18.8464  -0.5593
  22.1307  0.196542   28.8096   1.43214   22.3332 -0.981533    19.262 -0.524211
  22.2416    0.2884   28.7039   1.55766   22.7871 -0.776333    19.821 -0.458267
  22.3564  0.441193   28.5968   1.53266   23.2952 -0.684072   20.1444 -0.420833
  22.7513  0.526735   28.4991   1.58249   23.6673 -0.569275   20.5946 -0.345371
  22.9553  0.663365   28.4322   1.54695   24.0988 -0.459554   20.9589 -0.196614
  23.2792  0.667944    28.557   1.58543   24.2694 -0.360392   21.4018 -0.199351
  23.7272  0.708992   28.5926   1.69974   24.6514 -0.265821   21.7847  -0.15317
   23.9273   0.702291    28.7826    1.61451    25.1092  -0.168729    22.1863 -0.0778347
  24.3356  0.748599    29.043   1.67866   25.5312 -0.138578   22.6568 0.0754854
   24.6386   0.709699    29.1052    1.76278    25.8919 -0.0331035    23.2222  0.0806075
   25.1144   0.780894    29.3481     1.7768    26.4155 -0.0330884    23.6265   0.179937
  25.4666   0.79887   29.5367   1.86132   26.8502 0.0347076   24.2142   0.12063
   25.6806    0.72258    29.8867    1.84918    27.3868 -0.0374587    24.8057   0.208427
 26.1679 0.744114  30.2371  1.92011  27.8455 0.069575  25.5719  0.22244
    26.777   0.815751    30.7019    1.88266    28.7285 -0.0133586    26.0418   0.305129
 27.3988 0.683625  31.0707  1.95642  29.5118 0.119198  26.9309 0.159329
 28.3464 0.671497  31.4462  1.90762  29.9773 0.159186   27.675 0.287175
 29.0162  0.66515  31.7581  1.77242  30.7285 0.206898  28.1301 0.202726
 29.6028 0.527446  32.3526  1.76178  31.2037 0.266258  28.8442 0.215189
 30.4252 0.513778  33.0164  1.63756  31.8023  0.22834  29.6372 0.193884
 30.9351 0.620712  33.7054  1.73482  32.4022 0.290062  30.0838 0.258157
 31.5583 0.600522  34.6725  1.67693  33.1965 0.183489  30.8335  0.20098
 32.3008 0.442347  35.3698  1.63194  33.8371 0.286897  31.3402 0.230959
 33.1789 0.526923  36.1385  1.70957  34.5836  0.17449  31.7875 0.156603
 34.3738 0.384092  36.6826  1.58523  35.2621 0.220562  32.5721 0.227595
 35.4093 0.473003  37.4506  1.67575  35.8938 0.116518  33.1797 0.288572
 36.5446 0.338985  38.0375  1.54599  36.5604 0.144795  34.2407 0.178037
  37.4874  0.359531   38.7145   1.69809      37.1 0.0517749   35.2655  0.186862
 38.1333 0.515181   39.338  1.70427  37.8106 0.243547  36.0847 0.217644
 38.7007 0.462287  39.9912  1.84584  38.7387 0.138929  37.1737  0.23291
 38.9316  0.62033  40.2539  1.87256  39.7918 0.200095  38.0032 0.308074
 39.5738 0.618112  40.8607  1.91752  40.5052 0.173523  39.0767 0.454987
 40.2654 0.528572  41.4163  1.79564  41.3957 0.373028  39.8312 0.413416
 41.0152 0.625174  42.0541  2.00767  42.0083 0.457783  40.7814 0.528121
 41.7631 0.863928  42.3841   1.9122   42.889 0.630612  41.5307 0.603149
 42.4441 0.953798  42.8316  2.13494  43.6889 0.560252  42.3086 0.500791
 43.0137  1.19785   43.097  2.08219   44.835 0.632318  43.1334 0.565151
 44.0443  1.12273  43.5812  2.24779  45.3643 0.784216  43.6804 0.813398
 44.4261  1.22811  44.4197  2.19578  46.0464 0.839893   44.567 0.879655
 45.3588  1.29296  45.1707  2.43572  46.5658  1.02094  45.0839 0.833733
45.7191 1.29007 46.0898 2.56172 47.5436 1.01122 45.8085  1.0982
 46.365 1.61958 46.4183 2.70553 48.0045 1.29456 46.4423 1.09248
47.1291 1.76467 46.8558 2.68975 48.6333  1.4317 47.3062 1.26293
47.4938 2.09982 47.5779 2.88366 48.9046 1.73899 48.4047 1.37062
48.1248 2.23062 48.4399 3.17645 49.5091 1.75298 49.0654 1.57947
48.5535 2.55841 49.0228 3.34393 49.7663 1.97419 49.8078 1.58401
49.4033 2.56122 49.7383 3.66723 50.4118 2.21727 50.4634 1.77671
50.0647 2.89889 50.3068 3.84517 50.8991  2.6032 51.0015 1.82403
50.8493 3.09612 50.7594 3.86775 51.4821 2.61285 51.4378 2.18588
51.4541 3.11287 51.4099 4.24339 52.1922 3.01559 52.0009 2.18847
52.2968 3.47891 52.2966 4.21878 52.6037 3.41021 52.2058 2.28656
53.1392  3.5071 53.1925 4.63494 53.3751 3.40341 52.9082 2.59256
53.7388 3.73013 54.2003 4.61328 54.0925 3.83447 53.8905 2.84743
 54.238 3.75585  54.988 5.05607 54.6673 3.86524 54.6432 2.93184
55.0851 3.98993 55.9132 4.98729 55.1416 4.27742 55.6884  3.3043
55.8969 4.42376 57.2432 5.49358   55.78 4.29022  56.599 3.30502
56.5565 4.58974 58.5376 5.40007 56.4105 4.71014 57.2154 3.73503
56.9471   4.644 59.8844 5.71522 57.1297 4.93039 57.7946 3.75883
57.6806 4.94273 60.5605 5.89113 57.6335 4.92888 58.3095 4.04312
58.7484 5.27551 60.8956 6.11747 58.6663 5.37628 59.3499 4.15151
59.5679 5.45167 61.0278 6.35748 59.9353 5.36992 59.9286 4.34776
59.9947 5.56063 61.9567 6.60545 61.6869 5.64294 60.8297 4.71107
60.8235 5.91836  62.531 6.97835 62.7278 5.83074 61.5414 4.79455
61.1908 6.33035  63.421  7.1965 63.7113  6.1116 62.4217 5.03433
61.9178 6.31617 64.3886 7.49025 64.3908 6.23234 62.9936 5.28599
 62.466 6.60943 65.0858  7.4864 65.4401 6.43631 63.6237  5.4783
63.4756 6.65975 65.7667 7.94744 65.9099 6.63226 64.1143 5.51458
63.8274 6.85365  66.271 8.18241 66.4776 6.98098 65.0782 5.97051
64.6398 6.91914 66.8632 8.58403 67.3135 7.10117  65.969 5.94146
65.1402 7.11578  66.953 8.85126 68.0639 7.45085 66.8221 6.20338
66.0341 7.24151 67.7026 9.04358 69.0356 7.58431 68.0087 6.36632
66.4408 7.66804 67.9789 9.42852 69.6146 7.83657 68.7097   6.397
67.1092 7.70256 68.6715 9.62002 69.9723 8.27599  69.542 6.87037
67.7335 8.14941 69.5459 10.0149 70.6796 8.46136 70.7255 6.80653
68.6069 8.11417 70.2189 10.1018 71.3494 8.50012 72.0245 7.12354
69.3776 8.39271 71.0811 10.5086 71.8112 8.76992 72.6773 7.39279
70.1823 8.50864 71.5945 10.7605 72.3979 8.88909 73.0634 7.79364
71.0116 8.76047 71.8168 11.0085 72.5074 9.07909 73.7728 7.96684
71.5287 9.01565 72.0185 11.0756 73.1502 9.30778 74.6675 8.16108
72.4967 9.28367 72.5884 11.5592 73.4092 9.57815 74.8076 8.25551
72.7873 9.78884 73.0212 11.8288 74.1515 9.86972 75.2217 8.66393
73.1454 10.0005 73.4905  11.909 74.2794 10.3811 75.9812 8.74977
72.9663 10.2967 74.6144 12.3587 74.6892   10.69 76.4916 9.26254
73.4566 10.5794 75.1806 12.6502 74.7169 11.1668 77.0395 9.54703
73.3365 10.7644 75.2423 12.7647 75.1535 11.6407 77.1805 10.1302
73.9884 11.1799 75.6128 13.1942 75.3884 12.0024 77.4207 10.2269
74.2404 11.3352 75.4709 13.6347 75.9126 12.4994 77.5172 10.8548
74.7491 11.9818 75.8132 13.9567 76.1494 12.6958 77.8325 10.9951
74.5053 12.3741 75.6297 14.0695 76.8093 13.2105 77.9746 11.6187
75.0562 12.8746 75.6985 14.7014 77.2844 13.6021 78.1738 11.7659
 75.067 13.3947 76.0058 14.8087 78.0256 13.7215 78.8837 12.0568
75.5441 13.7557 76.2411 15.4498 78.5371 14.0605 79.2113 12.3462
75.8559 13.8941 76.4866 15.6885 79.1669 14.2304 79.7981 12.5806
 76.669 14.5983 77.0364 16.2241 79.5197 14.8371  80.041 13.1461
 76.525 14.7854 77.1166 16.7636 80.1184 15.0502 80.6696 13.4267
76.8466 15.4583 77.3258  16.936 80.4067 15.4663 80.9044 14.0477
77.5833  15.621 77.6071 17.4328 80.8626 16.1038 81.5476 14.2414
77.8822 16.0743 77.7667 17.9324 81.2982 16.3206 81.8558 14.6763
78.4433 16.2771 77.7983 18.3478 81.8427 16.9874 82.0691 14.9312
78.7963 16.7161 77.5013   18.88 82.1851 17.4579 82.8494 15.5938
79.4107 17.0898 78.5172  19.168 82.4015  17.668 83.5173 15.8535
79.4938 17.7183 78.9214 19.7423 82.6796 18.1284 84.4803 16.6025
79.9044  18.166 79.8007  20.124 82.9107  18.772 85.1072 16.9616
80.6285 18.4088 80.3309 20.5101 82.7764 19.3243 85.0419 17.5737
81.3853 18.9037  80.883 21.0377 83.3464 19.6263 85.4465 17.9233
81.7826 19.1811 81.4511 21.2532 83.6736  20.032 85.2123 18.6409
82.2348 19.7253 82.1795 21.9601 83.6375 20.6675 85.5285 18.8024
 82.683 19.9812 82.6059 22.3632 84.0344  20.962 85.5147 19.5261
82.9867 20.5278 82.7517 22.9812 84.2022 21.1515 85.5782  19.778
83.2457 21.2682 82.9779 23.3867 84.2717 21.8622  85.863  20.261
83.6024 21.6963 83.0108 23.5847 84.2951 22.1357 85.3701 20.8537
84.1704 22.1094 83.2941 23.9982 84.7758 22.7445 85.5098 21.1539
84.1495 22.5533 83.3979 24.1763 85.2444 23.0858 85.0687 21.6175
85.0166 22.8685 83.6551 24.5561 85.7885 23.3605 85.2116 22.0619
85.5738 23.4573 83.7865 24.0739 86.5447 24.3021 84.9743 22.4453
85.3687  23.696  84.182 24.2764 87.7328 24.5997 84.5644 22.9271
85.4027 24.3583 84.2554  24.731 87.9639 24.7783 85.0525 23.1046
85.7543 24.6543 84.9883 25.2236  88.813 25.3439 85.0092 23.4302
85.7488 25.2041 85.0346 25.7478 89.1116 25.4142 85.2669 23.8099
86.2664 25.3138 85.1996 25.2596 89.2504 25.8126 85.2076 23.9737
86.3025 25.9059 84.9131 25.7941 89.4166 26.4166 85.3509 24.3725
86.7621 26.0329 84.8629 26.2913 89.5658 26.7636 85.3596  24.515
87.1205  26.281 84.1888 26.7517   88.94 26.9373 85.6929 25.1846
87.5117 26.4336 83.5272  27.007 88.7369 27.5566 86.1416 25.5603
87.3887 26.7868   83.39 27.4734 88.5155 27.9434 86.0292 26.2098
86.9854 27.4758 83.0774 28.1084 88.0315 28.5474 86.3128 26.3858
86.6804 28.0071 82.8592 28.5363 88.0844 28.6539 86.3861 26.8262
86.3577 28.2446 82.5956 28.7713 88.0234 29.0714 86.4663 27.4659
86.6375 28.7747 81.9183 29.3773 87.5406 29.2549 86.4805 27.6706
86.0186 29.1195 81.9454 29.5384 87.3337 29.7132 86.7598 28.3763
  86.12 29.6425 82.1239 29.1842 87.1725 29.8972 86.8756 28.5128
 85.556 29.8577 82.1048 29.3949 87.0564 30.4378 86.9577 28.8414
85.4716 30.4728 82.0932 30.1102 86.6003 30.6587 87.0795 29.2741
85.2536 30.6771 82.0728 30.5051  86.373 31.0758 86.9066 29.5097
85.3467 31.2085 82.2048 30.9782 85.6871 31.7332 86.1895 30.0649
85.3939 31.5985 82.3172 31.4786 85.4559 31.9191 86.0983 30.3967
85.3893 31.9238  82.093 31.7052 85.4028 32.3359 85.7769  30.742
85.6038 32.5012 82.0317 32.4224 85.1745 32.5177 85.9288 31.0558
85.4622   32.72 81.7879 32.6969 85.1155 33.1783 85.5802 31.6557
85.5657 33.1181 81.7815 33.2686 85.1765 33.5828 85.7118 32.0262
85.3222 33.3395 81.9265 33.9542 84.4673 34.1198 85.3109 32.5825
 85.393 33.7514   81.78 34.4797 84.2933 34.4553 85.3888 32.9489
85.0262 34.4247 81.7922 34.8993 83.6941 34.7023 85.3224 33.6305
84.8766 34.8269 81.2028 35.2159 83.4168 35.1799  85.254 34.0678
84.6846  35.491 80.8671 35.8699   82.67 35.8514 84.6466 34.4083
84.2944 35.6749  80.593 36.1422  82.223 36.0751 84.4339 34.9788
83.9221 36.3707 80.5559   36.65 81.4382 36.6251 84.4966 35.4505
83.4982 36.7019 80.4295 36.9262  81.138 36.9836  84.283 35.8872
83.3783 37.2625 80.2162 37.5268 80.7201 37.4236 84.1125 36.1051
83.0301 37.7215 80.2538 38.0078 80.2247 37.6412 83.8553 36.5735
82.3671 37.9375 79.6139 38.4305 79.8059 38.3015 83.8029 36.6475
82.1632 38.5631 78.9002 38.7029 79.4369 38.5501 83.9275 36.9858
82.0063 38.7259 78.4416 39.2983 79.3044 38.9379 83.7419 37.5259
 81.702 39.3579 77.5389 39.7705 78.5414 39.5184 83.7421 38.0252
81.3362 39.7505 77.2832 40.1692 78.2709  39.871 83.3593 38.3749
80.4247 40.3347 76.6248 40.7668 77.6604 40.1294 83.2291 38.9874
80.0386 40.6201 76.3749  42.732 77.4241 40.5655 82.6912 39.2808
79.4459 41.1918 76.3455 42.9736 77.0676 41.1801 82.5557 39.4219
79.2642 41.3827 76.8059 43.2057  76.646 41.6245 82.6799 40.0291
78.7013 42.0223 76.6449 43.7253 76.5564 41.9639 83.0468 40.1557
78.3646 42.3685 76.7639 43.9334  76.361 42.2207  83.426 40.8927
77.7016 42.9045 76.4132 44.3897 76.2767 42.6412 83.1268 41.1595
77.2354 43.4689 76.6206 44.7545 75.7935 43.3177 82.1226 41.7269
76.9021 43.8939 76.2242 44.3533 75.2522 43.6874 81.5143 42.0782
76.8138 44.4762 75.9013 43.8632 75.1116 43.9454 80.4122 42.7785
  76.54 44.7218 75.8403 44.3006 74.5567 44.5475 79.6028 43.1522
76.3714 45.1743 75.8192 44.4512 74.2828 44.9767 78.6387 43.6313
76.0888  45.408 76.2091 45.1493 73.6123  45.551 77.8456 44.0187
76.0628 46.1203 75.9787  45.216 73.0673 45.7759 77.1443  44.682
 75.413 46.3685  76.054 45.6635 72.5607 46.3985 76.6626 45.1438
74.9442 46.9491 75.5939 46.0922 72.2575 46.8029 76.0372 45.8086
 74.108 47.2387 75.0457 46.3671 72.1017  47.066 75.5898 46.2454
 73.601 47.6311  74.637 47.0991 71.7983 47.6826 74.7493 46.8432
72.4955 48.2501 74.3836 47.5093 71.4602 47.9254 74.2982 47.2528
71.9473 48.6173 73.6168 47.9773 70.9623 48.3615 73.6692 47.8279
71.4997 48.8783 72.7226 48.5338 70.4286 48.6062 73.2045 48.3225
71.4212 49.5658 72.1944 48.8274  69.641 49.1962 72.4727 48.8966
71.7064 49.9046 71.3864  49.446 69.0798 49.6034  71.951 49.3012
71.8692  50.617 70.8735 49.7552 68.1317 49.8454   71.16 49.8502
72.0505 50.9509 69.9326  50.307 67.4519 50.2495 70.6181 50.0443
71.7918 51.6636 69.4133 50.6256 67.1442 50.5767 70.1284 50.6181
71.3837 52.1532 68.5213 51.1354 66.9997 50.9134 69.8458 50.8145
71.2105 52.3016  68.007  51.357 66.7592  51.254 69.5255 51.3458
70.9745 52.8343 66.9537 51.9273 66.7156 51.4712 69.1208 51.5363
70.9345  52.822 66.1687 52.1689 66.2435 51.7631 68.7155 52.0313
71.0443 53.4402 65.9776 52.4558 66.0107  52.153  67.907 52.4215
71.1517 53.6573 65.9118 52.5627 65.5194 52.4893 67.4222  52.716
70.9752 53.7085 65.4854 53.0458 65.1407 52.7408 66.8542 52.8537
70.6116 54.1032 64.9582 53.1694 64.7804 53.0418 66.2914 53.3004
70.2525 54.2828 64.3861 53.6222 64.1863 53.3606  65.574 53.4426
69.8758 54.6675 63.6112 53.7691  63.729 53.6603  65.047 53.7453
69.3163 54.9048 62.7978 54.0802 63.0848 53.9192 64.2108 53.8879
68.6318 54.9264 61.9246 54.2255 62.2891 54.0344 63.7535 54.2456
67.6743 55.2839 61.0722 54.4757 61.6924 54.3242 63.0368 54.4058
67.0779  55.242 60.1691 54.8657 61.1646 54.6397 62.5561 54.6535
66.4101 55.5891 59.6479 55.0482 60.3078 54.7886 61.7473 55.0131
 65.467 55.7634 59.2097 55.4428 59.5883  55.153  60.904 55.2216
64.1408 56.0686 58.6117 55.6733 58.8373  55.256 60.0889 55.5956
63.3199 56.2577  58.405 55.6624 58.2806 55.5104 59.3316 55.6064
62.2341 56.5812 58.4321 55.8441 57.6116 55.8297 58.8176 55.9081
 61.311 56.5761 58.3071 55.7955 56.8902 56.0257 58.3863 56.0689
60.2595 56.7813 58.2438 56.1274 56.0241 56.3309 57.9576 56.4094
59.6732 56.9137 57.6928 56.1679 55.4947 56.3411 57.5173 56.5993
58.9534 57.0938 57.0805 56.5103 55.0353 56.6501 56.9722 56.8836
  58.43 57.3072 56.3162 56.5599 54.6112 56.8078 56.4527 57.0318
57.2827 57.4374 55.6521 56.7883 53.9923 56.9035 55.8469 57.3209
56.4764 57.6997  54.762 57.0971 53.2796 57.1607 55.4832 57.4851
55.3007 58.4168 54.1364 57.3328 52.8379 57.2505 54.9043 57.6293
54.2669 58.6577 53.4167 57.5146 52.3701 57.5203 54.1328 57.9106
53.2005 59.0064 52.7432 57.8051 51.8173 57.7528 53.7337 58.0879
52.2677  59.277 51.9538 58.0267 50.9861 57.9629 53.1084 58.1263
51.4431 59.4118 51.3265 58.3553 50.2993  58.951 52.3459 58.3287
50.5444 59.6206 50.6254 58.6527 49.5122 59.0666 52.1754 58.3578
49.9286 59.7734 49.9709 58.8248  49.086 59.3341  51.803 58.5222
49.3317 59.9798 49.5146 59.0963 48.5548   59.41 51.5469 58.5844
48.9433 60.1474 48.8169 59.3292 48.3276 59.6872 50.6954 58.8996
48.4792   60.37  48.565 59.5512 48.0497 59.8755 50.1208 58.9931
48.0225 60.3501 48.1656  59.716 47.4434  60.089 49.5028 59.1235
47.6719 60.5378 48.0729 59.9226 46.6842 60.1918 49.2396 59.1083
47.3621 60.5898 47.4886 60.0728 46.1294 60.4113 48.6108 58.7739
47.0526 60.6739 47.1873  60.269 45.7335 60.5909 47.7715 59.1312
46.9788 60.7074 46.5958 60.5224 45.3239  60.829 47.2073 59.2815
46.0593 60.9592 46.1627 60.7137  45.028 60.8578 46.8634 59.4092
45.4696 60.9765 45.6703 60.9138 44.5291 61.0828 46.4297 59.7783
44.7105 61.1828  45.147 61.1024 44.0788 61.1819 46.2287 59.7715
43.7315 59.2767 44.4717 61.2724 43.5514 61.3599 46.0972 60.1209
42.5933 59.5636 43.8744 61.4616 43.2967 61.3595 46.0567 60.2842
42.2192 59.6382 43.1178 61.6147 42.8411 61.5421 45.5943 60.4105
 41.764 59.8407  42.713  61.754 42.3984 61.6717 44.9102 60.5661
41.2665  59.976 42.0862 61.8726  41.699 61.8747 44.1172 60.6884
40.9081 60.2586 41.6921 61.9814 41.0661 61.9203 43.1564 60.9065
40.6645 60.3866 41.0212 62.2056 40.4782 62.1353 42.5082 60.9654
40.4586 60.6751 40.4974 62.3936 39.7481 62.2019 41.6497 61.1377
40.3169 60.7787 39.8123 62.5538 39.0818 62.3205 41.0113  61.355
 39.818 61.0079 39.1345  62.695 38.5764  62.376 40.3791 61.4494
 39.471 61.1156 38.4556 62.8571 38.0003 62.4239 39.8969 61.6329
38.6834 61.3702 37.8798 62.9302 37.2722 62.4887 39.1136 61.7912
38.1047 61.4816 37.2812 63.0636 36.8207 62.6254  38.434 61.9842
37.3341 61.7256 36.7106 63.2404 36.1219 62.6972 37.8733 62.1458
36.7239 61.8266 36.0155 63.3554   35.59 62.8393 37.2353 62.3531
35.8502  62.039 35.1835 63.4214 34.9363 63.0367 36.8858  62.379
 35.128 62.1113 34.3834 63.4813 34.2293 63.0911 36.6381 62.5863
34.8794 62.3163 33.9706  63.612 33.3975 63.3122 36.3265  62.564
34.4408 62.4146 33.6053 63.7227  32.755 63.4226  36.105  62.767
34.1085 62.5577  33.313 63.8188 32.2698 63.5278 35.6814 62.6861
33.9107 62.6287 33.1498 63.8316 32.0485 63.5608 35.3417 62.8614
33.7551 62.7539 32.5124    63.9  31.828 63.6729 35.0045 62.8722
33.2181 62.8124 31.6989 63.9389 31.5389 63.7096 34.7176 63.0417
33.0259 62.9093 30.9717 63.9971 31.2069  63.774 34.4196 62.9614
32.6392 62.8967 30.2716 63.9895 30.7084 63.7178 34.1802 63.0438
32.1421 62.9494 29.9271 63.9667 30.3525 63.7576 33.8638 62.9799
31.5743  62.949  29.523 63.9359 30.0669 63.6684 33.4386 63.0296
 30.956 63.0015 29.2515 63.8692  29.689 63.7264 32.8404 62.9704
30.5351 62.9903 28.9163 63.8864 29.5543 63.7131 32.4077 63.0077
30.1256 63.0055 28.4086 63.8619 29.3904 63.5763 31.8665 62.9182
29.8683 62.9595  28.044  63.773 29.1963  63.519 31.2578 62.9537
29.5183 62.9298  27.648 63.7129 28.7917 63.3716 30.6462 62.8488
29.6243 62.8368 27.2873 63.6427 28.5338 63.3355 30.0653  62.851
29.7825 63.1566 26.9369 63.5336 28.1989 63.1861 29.4501  62.825
29.8865 63.0406 26.7082 63.5045 27.9715  63.123 29.1456 62.7249
29.8811 63.1877  26.333 63.4651 27.6735 63.0973 28.7351 62.6668
29.9408 63.0632 25.9945 63.4089 27.3511 62.9284 28.4102 62.5793
29.6107 63.0734 25.5545 63.2908 26.9973 62.8486  27.955 62.4595
 29.269 62.9852 25.2183 63.2461 26.5823 62.8231  27.676 62.4433
28.8473 62.9387 24.7745  63.148 26.2896 62.8765 27.3695 62.3699
28.2888   62.89 24.6189 63.0338 26.1569  62.698 26.9511 62.2532
27.7607 62.8305 24.3544 63.0284  25.895 62.6276 26.4304 62.2116
27.1245 62.7126 24.1412 62.8809 25.5744  62.504  26.104 62.1798
26.7795 62.7133 24.1246 62.8995 25.1669 62.4157 25.6274 62.1596
26.3496 62.6485 23.8516 62.8468 24.5342 62.3014 25.3686 62.1347
25.9427 62.6683  23.475 62.8235 23.9464 62.2947 25.0615 62.0936
25.4792  62.618 22.9293 62.8006 23.4216 62.2135 24.7882 62.1445
24.9205 62.5073 22.3773 62.7492  22.878 62.1809 24.5227 62.0497
24.1363 63.2552 21.8475 62.7813 22.3521 62.1482 24.1245 62.0893
23.3137 63.1615 21.1882 62.6932 22.1206 62.0945 23.7588 62.0198
22.6307 61.5297 20.7721 62.7044 22.0024 62.0287 23.3588 62.0413
 21.797 61.4572 20.3141 62.6075 21.7428 62.0647 22.8743 62.0138
21.3086 62.0817 19.9375 62.6075 21.3829 62.0248 22.3529 62.0527
20.7361 62.0439  19.529 62.6189 20.9926 62.0226 21.8309 62.0392
20.3516 62.4525 19.0753 62.5648 20.5057  62.009 21.3281 61.9964
 19.977 62.4213 18.6641 62.5606 19.9515 62.0385 20.8626 61.9927
19.3128 62.3762 18.3223 62.5244 19.4501 62.0582 20.4864 61.9408
18.7153 62.3009 17.9003 62.4921 18.9485 62.0422 20.0192 61.9472
18.0599 62.1927 17.5824 62.4532 18.6777 61.9501 19.5356 61.8981
17.6389  62.656 17.2154 62.4059 18.3878 61.8883 19.1347 61.8923
 17.249 62.6268 17.0043 62.3528 18.0045 61.8604 18.6634 61.8537
17.0228  62.558 16.6871 62.2881 17.6593 61.8213 18.0815  61.819
16.8264 62.5817 16.3702 62.2702 17.3418 61.8033 17.7337 61.7992
16.5091 62.5708 15.9334 62.2421 16.8897  61.805 17.3634 61.7629
16.1286 62.5562 15.5105 62.2326 16.6824 61.7408 16.9909 61.7393
16.2391  62.491 15.0554 62.1601 16.5779 61.7129  16.615 61.7015
15.9093 62.3658 14.7693 62.0967 16.3572 61.6238 16.4074 61.6663
15.6118 62.3294 14.5032  62.034 16.2041 61.5679  16.052 61.6202
15.3094 62.2559 14.2181 61.9875 15.8037 61.5213 15.8578 61.5609
14.9977 62.2951 13.9343  61.905 15.4539 61.4771  15.612 61.5509
14.6584  62.131 13.6858 61.8664 15.0651 61.4223 15.3576 61.4755
14.7528 61.9522 13.5106 61.7884 14.6925 61.4221 15.0579 61.4176
15.1807 61.7317 13.4093 61.7191 14.3558 61.3911  14.749 61.2909
15.4977 60.7839 13.2548 61.4983 14.0903 61.2256 14.5316 61.1994
15.7682 60.7117 13.1048 61.4644 13.9978 61.2007 14.2439 61.1496
15.6093 60.6216 12.7992 61.0114 14.1818 61.0907 14.0387 61.0695
15.4838  60.539 12.7217 60.9297 14.2391 61.0176  14.101 60.9755
15.0029 60.4278 12.6971 60.8012 14.3813  60.866 14.0292 60.8266
14.7128 60.3219 12.5911 60.6686 14.2494  60.746 14.2158 60.6618
14.3387 60.1824 12.0828  60.556 14.1162 60.5739 14.0441 60.4987
 14.292 60.0385 11.7054 60.4152 13.8271 60.4366 13.9018 60.3676
14.0712 59.8761 11.4711 59.8248 13.5858 60.2644 13.8115  60.188
13.6915 59.7049 11.3414 59.6622 13.4334 60.0942 13.6023 60.0337
13.3754 59.4709 11.5241 59.4911 13.1844  59.921 13.3013 59.8699
13.2127 59.3344 11.6847 59.2608 13.2274 60.5607 13.1066 59.4495
13.3937 59.0703 11.6484 59.1102 13.2483 60.3735 12.9025 59.2937
 13.544 58.8978 11.5395 58.8877 13.0459 60.1064 13.3025 57.2386
13.5964 58.6753 11.3851 58.7127 12.8487 59.8652 13.6073 57.1635
13.5912 58.5177   11.23 58.5073 12.6429 59.6049 14.1608  55.859
13.2892 58.3224 11.0035 58.3303 12.4559 59.3589 14.4995 55.8511
13.2885 58.1347 10.7573   58.12 12.2981 59.0972  14.746  55.492
 13.037 57.9442 10.6165 57.9146  12.111 58.8631 14.7615 55.4803
12.9337 57.7273  10.516 57.7306   11.89 58.6077 15.1209 55.0744
12.7032 57.5642 10.4882 57.5589 11.6731 58.3865 15.1529 55.0816
12.3225 57.4082 10.3385 57.3516 11.3648 58.1326 15.3052  54.766
12.1607 57.4691 10.2509 57.1776 11.0158 57.9173 15.3001 54.8046
11.9024 57.2324 10.0639 56.9654 10.6559 57.6555 15.4233 54.4257
11.8115 57.0198 9.88047 56.7666 10.4372 57.4571 15.4086 54.4858
11.6695 56.8037 9.67641 56.5867 10.2632 57.1734 15.4102 54.0788
11.4207 56.5532 9.54602 56.3613 10.2075 56.9369 15.2513 54.1011
11.0797 56.3398 9.32497 56.1292 10.0264 56.6689 15.4257  54.107
10.8564 56.0915 9.16259 55.9454 9.82202 56.4376 15.6548 53.1098
10.6868 55.8472 8.96202 55.7298  9.5931 56.2087 15.7185 52.9957
10.5611 55.6383 8.80866 55.5304 9.34438 56.0011 15.4733 52.9514
10.1896 55.4137 8.65453 55.3162 9.07719 55.7477 15.2914 52.8273
9.89071 55.2168 8.53071 55.1131 8.80074 55.5163 15.0096 52.7559
9.59998 55.0064 8.27254 54.8981 8.49477 55.2685 14.5814 52.6742
9.53372 54.8218 8.07018 54.6709 8.38695 55.0745 13.9359 52.5661
9.48623 54.5787 7.91876  54.481 8.18487 54.8002 13.2875 52.4695
9.42792 54.3795 7.69936 54.3035 7.86621  54.812 13.2976 50.4662
9.32003 54.1467 7.52176 54.1036 7.47927 54.5321 13.1898 50.4581
9.16451 54.0589 7.43496 53.8798 7.44108  54.077 13.1414 50.1486
8.90055 53.8618 7.24868 53.6809 7.37679 53.8595  12.946 50.1592
8.72098 53.7439 7.25334 53.4896 7.23849 53.6666 12.9311  49.774
8.43729 53.5391 7.26097 53.2712 7.10788 53.4416 12.8382   49.83
7.91875 53.3236 7.17104 53.0398 6.88546 53.2025  12.942 49.3287
7.48241 53.1887 7.11741 52.8196 6.53039 52.5023  12.977 49.3909
6.86486 52.5239 6.95516 52.5997 6.18253 52.3151 13.3699 48.7717
6.31758 52.3922 6.79172 52.3853 6.16608  53.038 13.6062 48.8251
6.11386 52.2096 6.68167 52.1728 6.11757  52.761 13.7634 48.2531
5.85909 52.0107 6.52638 51.9475 6.25278 52.6055 13.8028 48.3133
 6.0405 52.3512 6.37621 51.7404 6.36361 52.3285 13.9092 47.7268
6.11499 52.0959 6.18076 51.5391  6.4229 52.1552 13.9456 47.8239
6.20024 51.8603 5.97965  51.326  6.5547 51.8818 14.0347 47.1178
6.28013 51.5886 5.87555  51.106 6.62825 51.6514 14.0043 47.1744
 6.2645 51.3807 5.85186 50.8804 6.62095 51.4334 13.7561 46.9112
6.06558 51.1323 5.82084 50.6492 6.48677 51.1794  13.454 46.9115
5.99785 50.8735 5.72586 50.4132 6.25327 50.9468 13.4509 46.2855
5.84468 50.6351 5.77364 50.1633   6.069 50.7121 13.2899  46.236
5.59082 50.0907 5.74641 49.9152 6.12236 51.0153 12.9153  46.116
5.35607 49.8591  5.7385 49.6638  6.0689  50.736 12.6269  46.017
5.29721 49.2176 5.79328  49.387 5.83637 50.4232 12.0606  46.058
5.23432 48.9961  5.7229 49.1586 5.56267 50.1475 11.5436 45.9742
5.41609 48.7782 5.70193 48.8666 5.62245 50.8892 10.7773 44.8497
 5.4561 48.5491 5.62139 48.6538 5.59266 50.5629 10.0664 44.8322
5.62152   48.32  5.7749 48.3194 5.60846 50.2081 9.53512 44.7905
5.57213 48.0791 5.78365 48.0721 5.60595 49.8306 9.07814 44.7364
5.41094 47.7992 5.78834  47.825 5.42695 49.3501 8.24605  44.293
5.36937 47.5531 5.77017 47.5389 5.31677 49.0698 7.65628 44.2814
5.37336 47.2785 5.77811 47.2748 4.83006 48.4981 6.74925  43.841
5.41905 47.0033 5.63735 46.9976 4.44231 48.3137 6.09246 43.8423
5.43727 46.7165 5.55078   46.71 4.08734 47.6986 5.11861 43.2367
5.46743  46.422 5.44551 46.4097  3.8555 47.4081 4.40443  43.284
5.49934 46.0963 5.36177  46.131 3.38295 46.7953 3.15495 42.1973
5.52024 45.8038 5.21521 45.8318 2.93551 46.6154 2.34563 42.3144
5.47125 45.5276 5.14061 45.0944 2.38084 46.0151 1.27628 41.6757
 5.41413  45.2415  5.08706  44.8364  1.89896  45.8954 0.526497  41.7745
 5.29825    44.94  5.11842  44.4929  1.03048  45.0497 -0.38084  41.1454
   5.186  44.6305  5.03139  44.1962 0.399997  44.9689 -1.06335  41.2031
  4.84499   44.2589   4.99313   43.8496 -0.659061   44.0161  -1.67694   40.7641
 4.88332  43.6641  4.96983   43.522 -1.46337  43.9639 -2.02953  40.7638
 4.75486  43.3334  4.83614  43.2216  -2.4346  42.9413 -2.69754  40.1185
 4.84692  43.0486  4.79352  42.9203 -3.19911  42.9016 -3.16195  40.1973
 4.88379  42.7725  4.66504   42.597 -4.07143  41.5848 -3.88499  39.5235
 4.93478  42.4222   4.4896  42.2666 -4.76015  41.5858 -4.42152  39.6558
 4.82469  42.0827    4.346  41.9112 -5.50434  40.3221  -5.2502  38.9254
 4.85202  41.7439  4.27181   39.019 -6.13191  40.2752 -5.72972  38.9893
 4.76095  41.4102  4.18795  38.8101 -6.39914  39.4032 -6.28353  38.4455
 4.60423   41.084  3.90318  38.3394 -6.61807  39.3132 -6.49462  38.4579
 4.34218  40.7441  3.68167  38.1045 -6.58816  38.7076 -7.02397  37.7851
 4.06763   40.442   3.4108  37.8028 -6.57009  38.5874 -7.35027  37.8479
 4.00572  40.1134  3.19295  37.6151 -6.43137  38.0389 -7.91583  37.0906
 3.90845  39.7583  1.99836   35.178 -6.20967  37.8085 -8.22646   37.136
 3.86967  39.4008  1.03538  35.0718  -5.7198  37.5524 -8.86809  36.3662
 3.81082  39.0393 0.449416  34.4447 -5.19348  37.3073 -9.18203  36.3873
  3.70116   38.6907 0.0957426    34.296  -4.74731   36.9816  -9.60761   35.7832
  3.7548  38.2817 0.355349  33.8755 -4.48229  36.6477 -9.77562  35.7753
 3.57821  38.0076 0.603504  33.7153 -3.47537  35.8443 -10.0467  35.1784
 3.53447  37.6257 0.696213  33.5249 -2.64911  35.6331 -10.0029  35.1041
 3.40487  37.2657 0.854305  33.3467 -1.91468  35.1231 -10.0241  34.5905
  3.3435  36.9116 0.964214  33.1712 -1.29407  34.9579 -9.88851  34.4679
  3.22682   37.0589   1.02225   32.9889 -0.577398   34.3923  -9.69995   34.0843
   3.1898   36.6973  0.987555   32.8257 0.0888171   34.2809  -9.30439    33.872
 3.22603  35.8993  1.15545  32.5121 0.760842   33.663 -8.72329  33.6276
3.30392   35.56  1.1889 32.3729 1.38929 33.5886 -8.0639 33.3761
3.41765 35.1314  1.3232   32.13 1.98306 33.0625  -7.408 33.1414
3.58412 34.8032 1.27802 31.8894    2.67 33.0006 -6.7912 32.9013
3.68848 34.3858 1.52862 31.6381 3.13702 32.4997 -6.2119 32.6607
3.86117 34.1085 1.72214 31.5095 3.78046  32.477 -5.6533 32.4281
 3.86556   33.897   2.2421  31.0055  4.33556  32.0088 -5.16234   32.211
 3.92217   33.651  2.63881  30.9449  4.94086  32.0829 -4.64389  32.0124
 3.76174  33.6394  3.22889  30.4657  5.38554  31.7526 -4.32395  31.8121
 3.71408  33.3381  3.71347   30.418   5.8525  31.6956 -3.93129  31.6018
 3.68716  33.2878  4.36114  29.7762  6.14468   31.226 -3.62114  31.4043
  3.5765  32.9826  4.97348  29.7111  6.18838  31.0944 -3.35907  31.1876
  3.1469   32.831  5.39117  29.2317  6.44415  30.8036 -2.97515  30.9768
  2.8032  32.5168  5.70571  29.1813  6.55282  30.6989 -2.46204  30.7893
 2.73502  32.3394  6.09544  28.6978  6.73073  30.4868 -2.01702  30.5809
 2.68265  32.0138  6.39277  28.6511  6.69371  30.2715 -1.62063  30.3351
 2.91456  31.7614  7.03163  27.8103  6.58299   30.042 -1.26414  30.1221
  3.15156   31.4392   7.36609     27.78   6.44157   29.8156 -0.907706   29.8924
  3.35803   31.1835   7.83878   27.2977   6.38279   29.5938 -0.643379   29.6438
  3.40829   30.8009   8.10611   27.1669   6.23055   29.3729 -0.402112   29.3817
  3.64956   30.5094   7.96775   26.9416   6.12555   29.1643 -0.106114   29.1526
 3.75568  30.2308  7.77476   26.804  5.95967  28.8962 0.106512  28.8854
   4.002  29.8655   7.6099  26.6346  6.12836  28.5797 0.269202  28.6446
 4.09875  29.5464  7.34959  26.4645   6.2198  28.3132 0.440343  28.3795
 4.14367  29.2199  7.21544  26.2555  6.13295  27.9991 0.632086  28.0831
4.14306 28.8455 6.87751 26.0677 5.92222 27.7059 0.93582 27.7842
4.04777 28.5426 6.53752 25.8671 5.70155 27.4102 1.15562 27.4781
3.83713 28.2357  4.8521 23.0848 5.38269 27.0798 1.48275 27.1625
3.29475 27.4232 3.39949 23.0237  5.9579  25.192 1.66129 26.8274
2.74926 27.1438 2.25829 21.0806 6.32852  24.896  1.7876 26.5029
2.58614 26.7578 1.37425 21.0088 6.25431 24.6758  1.9349 26.1413
2.36535 26.4578 1.42623 20.8435 6.09348 24.4045 1.98041 25.8075
1.59721 25.5221 1.27752 20.6972 5.91956 24.3612 2.09075 25.4316
0.916325  25.2172  2.21272  18.5435  5.62272  24.0525  2.06684  25.0792
0.582049  24.6763   2.7369  18.4933  5.23762  23.7555  2.00159  24.7377
0.255886  24.3908  2.83679  18.4293  5.03634  23.4891  1.85027   24.391
-0.099695   23.7811   2.85073   18.3494   4.75697   23.1696   1.84536   24.0174
-0.443352   23.4786   2.79824   18.2709   4.59881   21.1892   1.73004   23.6619
-0.414629   23.1648   2.73193   18.1646   4.34938   20.9622   1.69976   23.0874
-0.433915   22.8143   2.30768   17.9249   4.02043   20.6491   1.54661   22.7434
-0.435239   22.6514   2.01221   17.8395   3.67533     20.41    1.4474   22.2902
-0.338926   22.2958   1.51809   17.6212   3.13968   19.8366   1.23426   21.9449
-0.117295   21.9351   1.17591   17.5321   2.76035   19.5963   1.19917   21.5904
-0.0540111     21.575   0.854058    17.3335     2.5394    19.3542     1.0655    21.2357
-0.0674413    21.2075   0.635088    17.2028    2.36689    19.1038    1.45534    20.5216
0.0103168   20.8041  0.500507   17.0247   2.27077   18.8316    1.6692   20.2429
0.0971869   20.5405  0.448572   16.8572   2.18521   18.5717    2.2581   19.4325
0.177188  20.0034 0.345314  16.6876  2.13528  16.8999  2.69503  19.2338
0.149431  19.6644 0.248274  16.5223  2.07822  16.7103  3.29935  18.3986
0.216667  19.3309  0.22845  16.3459  2.00599   16.149  3.75891  18.2154
0.186314   19.031 0.232403   16.194  2.00713  15.9657  4.30358  17.3663
0.176531  18.6962 0.356964  15.9027  1.91461  15.9132  4.69535  17.2228
0.546908  18.0038 0.485612  15.7764  1.88341  15.7304  5.13793  16.4353
 0.90316  17.7332 0.866119  15.3721  1.90464  15.5478  5.52139  16.3313
0.861974  17.4552  1.22942  15.3402  1.97195  15.3757  5.92015  15.6142
0.803559   17.184  1.94932  14.7942  2.13993  15.5881  6.24963  15.5453
0.761652  16.9529  2.47746  14.8122  2.19825   15.385  6.75819  14.8071
0.804027  16.6923  3.30185   14.228  2.26478  15.2559   7.1955  14.8041
0.663938  16.1329  3.95228  14.3122  2.23558   15.082  7.77773  14.0098
0.619052  15.9202  4.85437  13.6744  2.13927  14.9345  8.27278   13.985
0.768784  16.3774  5.57286  13.8009  1.92903  14.8143  8.66691  13.3682
0.94183 16.1135 6.55663 13.1577  2.0731 14.8824 9.00916 13.3807
1.13038 15.8761 7.33568 13.3578 2.10077 14.6991 9.34494 12.7932
1.22291 15.6163 8.33523 12.6484  2.3831  14.596  9.5641 12.8243
 1.6277 16.0335 9.12572 12.8456 2.32445 14.4718 9.89036 12.3563
1.93066 15.7485 10.0851 12.1248 2.46225 14.3999 10.1396 12.4369
2.29251 15.8421 10.8354 12.3985 1.99888 14.7266 10.4573  11.789
 2.5084 15.6159 11.8017 11.6956 1.74621  14.558 10.6736 11.8694
2.66359 15.4476 12.4685 11.9987 1.29006 14.7351  10.794 11.4411
 2.62021  15.2328   13.352  11.3327 0.982417  14.5637  10.7642  11.5101
 2.50851  15.0312  13.9734  11.6654 0.854389  14.4041   11.014   11.013
 2.26638   14.633  14.8273  10.9324 0.859954  14.2248  11.0657  11.0895
  2.1219  14.4807  15.3534  11.2292 0.957299  14.0265  11.2856  10.5245
 1.67258  13.7093  16.0653  10.5932 0.961671  13.8616  11.3626  10.5905
1.33644 13.5718 16.4749 10.8953 1.06829 13.7978 11.4847 10.1015
0.470157  12.8539  17.1288   10.189  1.09574  13.5774  11.4998   10.136
-0.0832297     12.774    17.3981    10.4195    1.20963    13.3536    11.4982    9.72364
-0.686243   12.0711   17.9681   9.62439    1.3047   13.1351   11.3528   9.69989
-1.14742  11.9143  18.2371      9.8  1.46576  12.8656  11.1285  9.43522
-1.12687  11.7154  18.6895  9.03508  1.47363  12.6052  10.8216  9.32984
-1.14691  11.5127  18.7982   9.1813   1.4646  12.3066   10.574  8.90839
-1.58673  8.26946  19.1002  8.45196  2.25436  11.1078  10.2629  8.79688
-1.98187  8.14953  19.1195  8.58517  2.78501  10.9314  10.1345  8.14731
-1.81178  7.98367  19.4055  7.83439    3.392  10.1689  9.90537  8.00556
-1.74665  7.80397  19.3486  7.89136  3.64022  9.92324  9.95779  7.15455
-0.76579  3.39851  19.5415  7.09036  3.91026  9.30539  9.83032  7.00602
-0.0373279    3.41765    19.4228    7.08903    4.00104    9.03738    9.62611     6.5302
0.567848  3.14484  19.4847  6.35231  4.55292  7.97085   9.3042   6.3254
0.892595  3.10241  19.2927  6.33961  4.83504  7.67455  9.44854  4.44817
1.11517 2.91396 19.2657 5.59116 4.75318 7.18732 9.44303 4.27915
1.14468 2.86184 19.0662 5.52501 4.52892 6.85509 9.23899 3.85721
 1.3557 2.67262 18.9241 4.83317 5.09736 5.22558 8.91183  3.6749
1.46203 2.55289 18.6304 4.71926 5.40261 5.00667 8.73425 2.67774
1.56485 2.33974 18.3335 4.14978 5.75674 4.38681 8.40375 2.52851
1.57484 2.24667 17.9556  4.0273 5.84975 4.24972 8.46171 1.79586
1.59696 2.06266 17.7896 3.38005 6.22897 3.39348 8.37771 1.69642
 1.60216  1.91214  17.4872  3.28622  6.40916  3.23358  8.46007 0.983551
 1.54467  1.70179  17.2976  2.68948  6.78861  2.30304  8.43385 0.858852
 1.50364  1.56468  16.9991  2.59316  7.01651  2.11063  8.31104 0.434488
 1.26993  1.51463  16.7307  2.14351  6.90427    1.771  8.11159 0.308287
  1.11241   1.33049   16.4315   2.04548   6.62337   1.57426   7.76293 0.0438824
  0.996206    1.14861    16.0896    1.66114    6.31506    1.37726    7.43398 -0.0794594
  1.01531  0.973313   15.7453   1.53878   5.91833   1.29177   7.09599 -0.186325
 1.01191 0.805713  15.3237   1.2258  5.57341  1.07922  6.76999 -0.30033
  1.04172  0.656111   14.9261   1.13731   5.25994  0.953668   6.53198 -0.876873
  1.06614   0.60236   14.4364  0.896979   4.90968  0.864932   6.29632 -0.960142
  1.04803   0.48651   13.9746  0.771588   4.73976  0.752841   6.08087 -0.920991
  1.50102   1.45027   13.3814  0.641109   4.45025  0.687849   5.83827 -0.958316
 1.76032  1.29053  12.7731 0.529724  4.36062 0.601234  5.58094  -1.1077
 1.93175  1.43802  12.2194 0.403607  4.13476 0.539558  5.37535 -1.12716
 2.01702  1.30813   11.666 0.333649  4.16736 0.641102  5.14553  -1.4373
  1.9881  1.19979  10.8098 0.841409  4.01959 0.602507  4.93459 -1.41927
 1.97884  1.11338  10.0192 0.751774  4.03718 0.660202  4.84513 -1.55432
 1.93093  1.05672  9.28425  0.88673  3.88254 0.662589  4.73195 -1.49572
 1.98696  1.29691  8.66944 0.825901  3.90139 0.709357  4.50519 -1.36816
 1.83094  1.25649  8.13015 0.838287  3.75496 0.713047  4.30197 -1.29195
 1.82201  1.26548  7.67594 0.805263  3.69494 0.764957  4.11956  -1.1767
 1.52162  1.38996  7.03636  1.04201  3.34394  0.92511  3.96704 -1.07604
  1.46042   1.45959    6.4785   1.00208   3.20201   1.00686   3.77547 -0.916952
  1.09243   1.59786   5.97804   1.10177   2.79896   1.13923   3.63256 -0.847984
 0.972951    1.5539   5.58331   1.10427   2.55451   1.12037   3.60029 -0.715689
 0.638516   1.64344    5.2051   1.21522   2.09786   1.26295    3.5955 -0.640627
 0.584692    1.7226   4.93369   1.25798   1.83273   1.24574   3.59868 -0.414712
 0.437159   1.83923   4.71586   1.32434    1.4705   1.39354   3.57218 -0.313848
  0.539871    1.95799    4.53481    1.39365     1.3098    1.40784    3.52815 -0.0946473
   0.551696     2.00487       4.402     1.43982     1.06457     1.53829     3.51405 -0.00323429
0.702229  2.07488  4.26368  1.52562 0.948241  1.58577  3.48897  0.22765
0.720829  2.00965  4.16765   1.5752 0.818393  1.72427  3.50907 0.309505
0.688976  2.03364  3.95872    1.626 0.837641  1.83159  3.49991 0.560103
0.616487  2.15146  3.87533  1.65805  0.84654  1.89749  3.53893 0.652602
0.588497  2.19433  3.63289  1.72253 0.857813  1.96742  3.52933 0.725865
0.624937  2.31569  3.47577   1.7613  0.83713  2.04911  3.55609 0.807543
0.686638  2.34814  3.06645 0.982049 0.868171  2.10609  3.60707  0.76408
0.826907  2.16516  2.84725   1.0285  1.03427  2.08984  3.65368 0.823513
0.963359  2.19059  2.80833  1.06259  1.13737  2.07151  3.78991 0.692188
 1.31943  1.98858  2.78779  1.08908  1.19457  2.05261  3.91192 0.736311
  1.6493  1.99653  2.70675  1.09752  1.28158  2.05622  3.90036 0.733122
 1.91793  1.82574  2.66236  1.08747    1.256  2.02908  3.90321 0.782256
 2.15146   1.8378  2.61051  1.09384  1.33123  1.76606  3.97676 0.601767
 2.46936  1.55111  2.70796 0.978134  1.36782  1.70186  4.04499 0.587097
 2.64729   1.5635  2.79445 0.944371  1.39675   1.6406  3.97128 0.487325
 3.04819  1.19997   2.8123 0.881383  1.42989  1.55024  3.94453 0.440246
 3.34336  1.12813   2.8652 0.812612   1.4947  1.52846  3.80321 0.423575
 3.43238  1.02861  2.92528 0.670227  1.56514  1.40793  3.71519 0.366197
 3.50591 0.919785  3.01137  0.58406  1.61667  1.30953  3.64203 0.306477
 3.50783 0.811977  2.94896 0.507981  1.64312  1.20021  3.54009 0.233598
 3.40824 0.703708  2.91313 0.426093  1.60533  1.07502  3.40209 0.167117
 3.22825 0.496256  2.89358 0.321499  1.65619 0.782621  3.38163 0.044087
   3.05222   0.380255    2.85044   0.221625    1.68173   0.659488    3.26496 -0.0817364
  3.06683  0.344194   2.78164  0.116815   1.82463  0.429293   3.20251 -0.174638
  3.01804  0.235303   2.73186 0.0208985   1.78972  0.315439   3.09776 -0.259472
   2.88805   0.153585    2.66591 -0.0643357    1.70983   0.396171     2.9747  -0.326737
  2.69796 0.0552022   2.61702 -0.531059   1.54723  0.286497   2.78257 -0.499301
  2.65815  0.146635   2.53755 -0.592546   1.54563  0.546192   2.60317 -0.543567
  2.52728 0.0727815   2.46628 -0.819324    1.4715  0.433927   2.33343 -0.839807
  2.69497   0.49643    2.3612 -0.859473   1.30718   1.37391   2.06808 -0.851205
  2.72412  0.372745   2.30672  -0.96133  0.978683   1.24864   1.85121 -0.916052
  2.93682  0.744381   2.20214 -0.983464  0.926484   1.15198    1.5992 -0.932926
  3.00832  0.629314   2.08713 -0.625045  0.832213    1.0348   1.57327 -0.947371
  3.24834   1.25296   1.95483 -0.638019   0.83981  0.975769   1.49412   -0.9515
  3.33161   1.13033   1.78986 -0.642959  0.659767  0.880387    1.3239   0.11541
  3.45195   1.28336   1.62859 -0.624506  0.527198  0.848351   1.18241 0.0885133
  3.51265   1.20065   1.52547 -0.648108  0.296667  0.823565   1.06281 0.0745409
  3.59465   2.69348   1.41491 -0.603065  0.232842  0.772379  0.975448 0.0596728
  3.56483   2.56756   1.23701 -0.435792  0.161389  0.734038  0.809047 0.0386174
  3.30446   3.35429  0.979704 -0.396111  0.103225  0.710532  0.610954 0.0622778
   3.0494     3.244  0.859936 -0.352074 0.0271458  0.711044  0.583943 0.0899505
   2.64985    3.37366   0.754458  -0.275268 -0.0273573   0.726622   0.584628   0.138162
   2.30867    3.28001   0.670655  -0.193338 -0.0373732    1.22881   0.274994    1.16821
    2.04216     3.29152     0.63306   -0.158242 -0.00144257     1.23092   0.0557577     1.16924
   1.70378    3.22481   0.602914 -0.0230794    0.24126    3.01776  0.0218789    1.18121
    1.59487     3.18066    0.570886   0.0451506    0.451851     2.93897 -0.00479246     1.21421
    1.5467    3.19612   0.551442    0.19964   0.497855     2.9005 -0.0456755     1.2608
   1.07833    3.53374   0.586525   0.249263   0.537506    2.86047 -0.0308158     1.3116
 0.744926   3.45628  0.626962  0.401383  0.519651   2.79907 0.0255533  0.882592
0.549887  3.43792 0.743468 0.393783 0.535887  2.78196 0.108445 0.954596
0.461449   3.3835 0.864248  0.53785 0.496123  2.85855 0.237088 0.795042
0.377288  3.32672  1.08095 0.479714   0.5542  2.85032 0.356612 0.875118
0.346442  3.27147  1.27959 0.640244 0.530737  2.74373 0.579338  0.74127
0.243625   4.0939  1.59705 0.516931 0.490697  2.73095 0.771227  0.83568
0.203076   3.9843  1.84449 0.686163 0.575443  2.67558  1.03009 0.712037
0.264895  3.87367  2.23373 0.461462 0.654267  2.63638  1.23752 0.836396
 0.39487  3.78951  2.57139 0.623903 0.819886   2.5902   1.6089 0.610852
 0.47982   3.5483  3.08623 0.341476 0.946394  2.51291  1.89253 0.729491
0.582062  3.46312  3.49368 0.532788  1.02713  2.45934  2.40665 0.366709
0.723213  3.30849  4.08957 0.214955  1.11099  2.37878   2.8276 0.467116
0.894005   3.2208  4.56497 0.438767  1.18142  2.30545  3.24379 0.265141
  1.04977   2.96674   5.22595 0.0667366   1.20036    2.1699   3.57362  0.397185
   1.1922   2.85591   5.70422  0.288565   1.25131   2.08037   4.03143 0.0798247
   1.33929    2.72251    6.40007 -0.0655802    1.31551    2.00576    4.36168   0.192202
  1.32794    2.6038   6.90705  0.197025   1.34446   1.92508   4.88676 -0.140311
    1.31623     2.48189     7.58375   -0.192636     1.40195     1.84252     5.29082 -0.00827965
  1.26728    2.3572   8.06513 0.0595615   1.46607   1.76505   5.77218 -0.396621
  1.22183    2.2257   8.71159 -0.315748    1.5527     1.582   6.12296 -0.260515
   1.29003    2.68408    9.18104 -0.0833169    1.62265    1.50641    6.57595  -0.686022
   1.3252   2.53571   9.79901 -0.486038   1.72388   1.26073   6.89496 -0.544592
   1.3637    2.4579   10.2233 -0.203282   1.79238   1.20941   7.33362 -0.880984
  1.37487   2.31197   10.7738 -0.594891   1.92247   1.12372   7.65552  -0.71674
 1.44315   2.3684  11.1391  -0.3519  2.00857  1.02493  8.05959 -1.11519
  1.45248   2.20827   11.6057 -0.735002    2.0818  0.941391   8.29455 -0.987602
  1.41812   2.08724   11.9127 -0.493925   2.06827  0.860005   8.61694  -1.36788
  1.42384   1.92904   12.2905 -0.863173   2.05298  0.785227   8.81365  -1.27562
  1.28415   1.91967   12.5222 -0.655088   2.03646  0.655205   8.89496  -1.46363
  1.22704   1.77908    12.821 -0.977047   2.01397  0.648203   8.90664  -1.37949
 0.917256   1.95091   12.9805 -0.737324   1.92132  0.605107   8.91087  -1.52163
0.682592    1.762  13.1937 -1.01614  1.79301 0.457642  8.84711 -1.43167
  0.22577   1.86804   13.2747 -0.821458   1.60498  0.504412   8.72582  -1.56086
-0.162398   1.71794   13.3837  -1.04566    1.4423  0.330128   8.54683  -1.50208
-0.335307   1.78627    13.358 -0.834155   1.22556  0.344981   8.29615  -1.52279
-0.454122   1.62132   13.3613  -1.02438   1.02436  0.199365   8.00726  -1.48723
-0.981059   2.26174   13.2325 -0.874125  0.789405  0.272614   7.77674  -1.44997
-1.39248  2.06167  13.1272 -1.05146 0.586263 0.214358  7.47986  -1.4206
 -1.68837   2.16671   12.8831 -0.898609  0.375817   0.18958   7.23055  -1.37371
-1.94642  1.91405  12.6596 -1.00771 0.449511 0.158956  6.93562 -1.32228
 -2.38851   2.17222   12.3172 -0.925897  0.524444  0.125367   6.67027  -1.36521
 -2.73851   1.91774   11.9876 -0.987642  0.504219  0.107168   6.35589  -1.31107
 -3.31298   2.24325    11.562 -0.895272  0.612389   1.01848   6.07248  -1.30991
 -3.73949   2.01297   11.1952 -0.925365  0.634226  0.964517   5.76653  -1.24122
 -4.32933   2.26161   10.7435 -0.860875   0.84061   2.05071   5.48446  -1.31931
 -4.77549   2.03969   10.3678 -0.916674  0.889894   1.96216   5.18608  -1.23697
  -5.3409   2.29591   9.93628 -0.852337   1.00064    1.7839   4.90296  -1.16005
 -5.75723   2.00483   9.52661 -0.862618     1.017    1.7117   4.62031  -1.07866
 -6.29249   2.30786   9.09378 -0.777503  0.884205    1.6609   4.42085 -0.980717
  -6.6905   2.04236    8.7606  -1.08225  0.737306   1.60991   4.21502 -0.896353
 -7.19413   2.30964   8.41726  -0.96703  0.498786   1.75064   3.96727 -0.975116
 -7.53236   2.08517   8.25302  -1.28415  0.227261   1.74052   3.73861 -0.871179
 -7.95525   2.31243   8.04573  -1.14898  0.205121   1.72113   3.48577 -0.964346
 -8.23492   2.09693   7.83505  -1.29676 0.0316236   1.63657   3.25694 -0.862157
 -8.55377   2.34275   7.57332  -1.14505 0.0497626   1.60664   3.11193 -0.898121
 -8.77997   2.14598   7.48895  -1.36347 -0.164668   1.61379   3.00681 -0.797264
 -8.93834   2.39453   7.37945  -1.18165 -0.127359    1.6405   2.79786  -1.12078
 -9.02783   2.14078   7.45061  -1.43001 -0.153494   1.58294   2.64297  -1.00568
 -9.03793   2.22748   7.48039  -1.24196 0.0442148   1.79274   2.50443  -1.68868
 -8.9529  2.13143    7.625 -1.55945  0.19426  1.70268  2.42355  -1.5572
-8.76374  2.14026  7.70678 -1.36999 0.401494  2.05783  2.32616 -2.17251
-8.55959  2.00438  7.85934 -1.72159 0.606145  1.95073  2.31232 -2.03426
-8.24566  1.95812  7.95994 -1.55335 0.800921  2.09292  2.23759 -1.91586
-7.79596  1.93903  7.92254  -1.8114  1.02031  2.00679  2.25138 -1.79151
-7.28161  1.85762  7.88861 -1.67258  1.18945    2.001  2.20259 -1.90812
-6.76854  1.86466  7.74135 -1.75621  1.37999   1.9182  2.22416 -1.78519
-6.25557  1.78679  7.64423 -1.63719  1.59308  1.89256  2.36121 -2.11044
-5.86948  1.72903  7.52012 -1.79744  1.81066   1.8239  2.44118 -1.97827
-5.40322  1.56343  7.42924 -1.70567   1.8453   1.6746  2.59457 -2.06256
-4.86524  1.64588  7.26489 -1.70576  1.91829  1.57274  2.76862 -1.92401
-4.34598  1.46629  7.09471 -1.62447  1.99699  1.58085  3.08685 -2.11204
-3.72895  1.48285  7.01426 -1.74981  2.10478  1.48034  3.38506 -1.97536
-3.19647  1.26796  6.92848 -1.66401  2.21687  1.36717  3.68025 -2.14208
-2.55171  1.33208  6.92517 -1.91782   2.2913  1.27319  3.95521 -2.00482
-1.93198  1.04397  6.92357 -1.83561   2.3761  1.12695  4.21011 -2.21749
-1.32089  1.08259  6.85908 -1.91316  2.48341  1.01162  4.43382 -2.08698
-0.714047  0.871801   6.78843  -1.83975   2.49349  0.926241   4.69787  -2.29561
-0.156072   1.01243   6.72836  -1.89272   2.53582  0.820728   4.91774  -2.18604
0.320107 0.788581   6.5968 -1.83088  2.37955 0.737802  5.05018 -2.32334
0.765999 0.824796  6.46689   -1.847  2.24165 0.643083  5.14957 -2.26975
 1.14825 0.593494  6.28533 -1.81583  2.26357  1.02878  5.08051 -2.23869
