-2.44411e-26  4.59163e-41  4.59163e-41
  7.0321e-07  3.21664e-07 -7.44141e-08
 6.55744e-07 -9.10419e-08 -6.97264e-08
 8.39188e-07 -4.67725e-07 -6.20963e-08
 9.86679e-07  -8.0214e-07 -9.23146e-09
1.61358e-06 -9.6658e-07 3.68251e-08
 2.12694e-06 -9.65797e-07  7.03532e-08
 2.37553e-06 -9.12311e-07  1.08251e-07
 2.44195e-06 -2.97916e-07  1.67144e-07
2.22387e-06 4.09026e-07 2.43146e-07
1.81317e-06 1.57445e-06 3.07289e-07
1.20613e-06 2.82855e-06 3.80562e-07
2.19946e-07 4.91502e-06 4.64304e-07
-1.35354e-06  7.25142e-06  5.50789e-07
-3.09374e-06  1.02967e-05  6.61828e-07
-5.19311e-06  1.38053e-05  7.86062e-07
-7.57413e-06  1.83559e-05  9.31392e-07
-1.04806e-05  2.30508e-05  1.07616e-06
-1.37363e-05   2.9352e-05  1.20359e-06
-1.72007e-05  3.64625e-05  1.35582e-06
-2.0837e-05 4.45107e-05 1.49072e-06
-2.44748e-05  5.34571e-05  1.65945e-06
-2.8212e-05 6.32007e-05 1.80641e-06
-3.20493e-05  7.48938e-05  1.97786e-06
-3.62873e-05  8.67469e-05  2.14295e-06
-4.07729e-05   0.00010007   2.3129e-06
-4.57305e-05  0.000114857  2.48522e-06
-5.09504e-05  0.000130821  2.67194e-06
-5.64957e-05  0.000148332  2.80806e-06
-6.22063e-05  0.000167372  2.97583e-06
-6.81199e-05  0.000187748  3.09635e-06
-7.38256e-05  0.000208862   3.2039e-06
-7.99969e-05  0.000232662  3.25985e-06
-8.59393e-05  0.000258729  3.25494e-06
-9.18789e-05  0.000286624  3.24269e-06
-9.72282e-05  0.000316279  3.24875e-06
-0.000102417  0.000346513  3.22406e-06
-0.000107174  0.000379746  3.17092e-06
-0.000111636  0.000414659  3.17582e-06
-0.000115594  0.000450944  3.18632e-06
-0.000119338   0.00048792  3.22027e-06
-0.000122762  0.000526748  3.26242e-06
-0.000125794  0.000566281  3.32748e-06
-0.000128445  0.000608301  3.48446e-06
-0.000131112  0.000652598  3.75963e-06
-0.000133502  0.000698953  4.08809e-06
-0.000135193  0.000745667  4.42524e-06
-0.000136035  0.000793428  4.76357e-06
-0.000135918  0.000840906  5.13291e-06
-0.00013476  0.00088803 5.43775e-06
-0.000132957  0.000935616  5.74898e-06
-0.000130558  0.000982166  6.08865e-06
-0.000127551   0.00102906  6.43837e-06
-0.000123839   0.00107574  6.78676e-06
-0.000119664   0.00112389  7.16764e-06
-0.000115106   0.00117177  7.53872e-06
-0.00011039  0.00122121 7.94954e-06
-0.000105596   0.00127136  8.37766e-06
-0.000100647   0.00132237  8.78838e-06
-9.58677e-05   0.00137409  9.19292e-06
-9.10103e-05    0.0014262  9.59497e-06
-8.61174e-05   0.00147978  9.95839e-06
-8.13842e-05   0.00153359  1.03259e-05
-7.68981e-05   0.00158868  1.07077e-05
-7.27887e-05   0.00164453  1.10979e-05
-6.98378e-05   0.00170286  1.14938e-05
-6.79358e-05   0.00176245  1.18874e-05
-6.7246e-05  0.00182482  1.2308e-05
-6.72089e-05   0.00188865    1.275e-05
-6.80973e-05   0.00195452  1.31859e-05
-6.96848e-05   0.00202119  1.36142e-05
-7.19464e-05   0.00209042  1.40973e-05
-7.50901e-05   0.00216318  1.45162e-05
-7.88804e-05    0.0022383  1.49443e-05
-8.32509e-05   0.00231465  1.53307e-05
-8.7917e-05   0.0023916 1.57046e-05
-9.31052e-05   0.00247135  1.60666e-05
-9.81061e-05   0.00255185  1.64248e-05
-0.000103384   0.00263485  1.67455e-05
-0.000108779   0.00271982  1.70727e-05
-0.000114143   0.00280626  1.73764e-05
-0.000119516   0.00289523  1.76943e-05
-0.000124646   0.00298518  1.80408e-05
-0.000129848   0.00307754   1.8401e-05
-0.000134913   0.00317137  1.87786e-05
-0.000139484    0.0032658  1.91874e-05
-0.000143999   0.00336353  1.95924e-05
-0.000147643   0.00346154  1.99779e-05
-0.000150695   0.00356099  2.03144e-05
-0.000153714   0.00366266    2.064e-05
-0.000156394     0.003765  2.09742e-05
-0.00015823  0.00386885 2.13307e-05
-0.000158986   0.00397299  2.16866e-05
-0.000158925   0.00407857  2.19636e-05
-0.000157675   0.00418483  2.22581e-05
-0.00015561  0.00429233 2.24836e-05
-0.000152481   0.00440037  2.27524e-05
-0.00014911  0.00451228 2.29855e-05
-0.000144469   0.00462462  2.32127e-05
-0.000138866   0.00473787  2.34364e-05
-0.000131893   0.00485122  2.36135e-05
-0.000124303   0.00496682  2.38017e-05
-0.000115115   0.00508184  2.39339e-05
-0.000105507   0.00519863  2.41357e-05
-9.52217e-05   0.00531729  2.42953e-05
-8.44072e-05   0.00543722  2.44038e-05
-7.33352e-05   0.00555864  2.44684e-05
-6.1628e-05  0.00568116 2.45653e-05
-4.96735e-05    0.0058059  2.47351e-05
-3.79306e-05   0.00593436  2.48191e-05
-2.63561e-05   0.00606465  2.49067e-05
-1.48436e-05   0.00619704  2.49374e-05
-4.51399e-06   0.00633437  2.49569e-05
5.50706e-06  0.00647431 2.49451e-05
1.45373e-05  0.00661788 2.49766e-05
2.43726e-05  0.00675987 2.50301e-05
3.30006e-05  0.00690613 2.50677e-05
4.26762e-05  0.00705132 2.51553e-05
5.09002e-05  0.00720168 2.51709e-05
5.87972e-05  0.00735342 2.52147e-05
6.58005e-05  0.00750786 2.52159e-05
7.21493e-05  0.00766319 2.52778e-05
7.72594e-05  0.00782008  2.5301e-05
8.11664e-05  0.00797853 2.54465e-05
8.51149e-05  0.00813679 2.54876e-05
8.73832e-05  0.00829889 2.55456e-05
9.08547e-05  0.00845917 2.55901e-05
9.28499e-05  0.00862328 2.56363e-05
9.53476e-05  0.00878765 2.56571e-05
9.87175e-05  0.00895173 2.56995e-05
0.000101999  0.00911661 2.57506e-05
0.000103915   0.0092848 2.57019e-05
0.000105684  0.00945392 2.56293e-05
0.000107836  0.00962363 2.54969e-05
0.000110652  0.00979256 2.54281e-05
0.000113029  0.00996294 2.52411e-05
0.000115323   0.0101349 2.50887e-05
0.000118524   0.0103076 2.49406e-05
0.000122521   0.0104817 2.47351e-05
0.000126487   0.0106581 2.44748e-05
0.000131201   0.0108359  2.4294e-05
0.000137285   0.0110154 2.40416e-05
0.000144581    0.011197 2.37829e-05
0.000153083    0.011381 2.35057e-05
0.000161413    0.011569 2.33084e-05
0.000170771   0.0117592 2.30534e-05
0.000181677   0.0119503 2.29558e-05
0.000192287    0.012144 2.27515e-05
0.000205054   0.0123378 2.26099e-05
0.000217677   0.0125347 2.23976e-05
0.000230378   0.0127351 2.23142e-05
0.000242066   0.0129392 2.21917e-05
0.000255334   0.0131439 2.21337e-05
0.000267886   0.0133524 2.20729e-05
0.000281614    0.013562 2.20256e-05
0.000295649   0.0137741 2.20824e-05
0.000312019   0.0139851 2.20389e-05
 0.00032726   0.0141992 2.20942e-05
0.000342466   0.0144147 2.20945e-05
0.000356766   0.0146331 2.19987e-05
0.000372012   0.0148516  2.1983e-05
0.000386443   0.0150721 2.19808e-05
0.000400821   0.0152937 2.20407e-05
0.000414031   0.0155176 2.20277e-05
0.000426489   0.0157431 2.19939e-05
0.000438275   0.0159701 2.19259e-05
0.000448821   0.0161997 2.17814e-05
0.000461966   0.0164278  2.1626e-05
0.000473069   0.0166591 2.14783e-05
0.000485971   0.0168876 2.12642e-05
0.000497344   0.0171179 2.10604e-05
0.000507778    0.017349 2.09321e-05
0.000516329   0.0175819 2.08901e-05
0.000524931   0.0178143 2.08052e-05
0.000531023    0.018049 2.07715e-05
0.000536182   0.0182838 2.07444e-05
0.000538751   0.0185205 2.07763e-05
0.000542905   0.0187561 2.08149e-05
0.000545423   0.0189937 2.09267e-05
0.000549231   0.0192313 2.10084e-05
0.000552782   0.0194711 2.11088e-05
0.000558183   0.0197109  2.1226e-05
0.000564932   0.0199512 2.12759e-05
0.000572272   0.0201928 2.13921e-05
0.000579522   0.0204361 2.14526e-05
0.000587112   0.0206817 2.15987e-05
0.000595952   0.0209282 2.16885e-05
0.000603052   0.0211772 2.18273e-05
0.000609616   0.0214286 2.19665e-05
0.000615842   0.0216819 2.21725e-05
0.000621045   0.0219373 2.23604e-05
 0.00062716   0.0221924 2.25505e-05
0.000631708   0.0224487 2.27533e-05
0.000637664    0.022704 2.29672e-05
0.000641377   0.0229623 2.31911e-05
0.000645841   0.0232215 2.34267e-05
0.000649773   0.0234831 2.35949e-05
0.000654363   0.0237458 2.38108e-05
0.000660266   0.0240087 2.40351e-05
0.000666163   0.0242734  2.4242e-05
0.000672538   0.0245389 2.43533e-05
 0.00067864   0.0248059 2.44996e-05
0.000684528   0.0250742 2.47118e-05
0.000689845   0.0253443 2.49271e-05
0.000695556   0.0256152 2.51486e-05
0.000701206    0.025887 2.53945e-05
0.000706479   0.0261595 2.57271e-05
0.000712934   0.0264323 2.60808e-05
 0.00071841   0.0267062 2.64147e-05
0.000722133   0.0269826 2.67957e-05
0.000726481   0.0272604 2.71804e-05
0.000729979   0.0275399 2.75886e-05
0.000733755     0.02782 2.78908e-05
0.000738883   0.0281003 2.82346e-05
0.000745714   0.0283808 2.85625e-05
 0.00075269   0.0286627 2.89281e-05
0.000760475   0.0289464   2.928e-05
0.000766358   0.0292329 2.95283e-05
0.000773014   0.0295206 2.96708e-05
0.000778534   0.0298104 2.98307e-05
0.000785343   0.0301007 2.98936e-05
0.000791281    0.030393 2.99715e-05
0.000797364   0.0306877 3.00102e-05
0.000805723   0.0309833 3.00252e-05
0.000813142   0.0312798 3.00388e-05
0.000820076   0.0315775 3.01477e-05
0.000825381   0.0318771 3.02511e-05
0.000831311   0.0321779 3.03972e-05
0.000837618   0.0324799 3.05103e-05
0.000844045   0.0327829 3.06483e-05
0.000849383   0.0330867  3.0732e-05
0.000855953   0.0333901 3.07847e-05
0.000861512   0.0336943 3.08161e-05
0.000866781   0.0339991 3.08164e-05
0.000871335   0.0343042 3.09054e-05
0.000875091   0.0346105 3.10767e-05
0.00087889  0.0349185 3.1369e-05
0.000881131   0.0352279 3.17477e-05
0.000884239   0.0355376 3.21637e-05
0.000885356   0.0358478 3.25911e-05
0.000885503   0.0361575 3.30263e-05
0.000885688    0.036465 3.34391e-05
0.000886318   0.0367714  3.3817e-05
 0.00088706   0.0370769 3.41611e-05
0.000888128   0.0373821 3.44685e-05
0.000888171    0.037688  3.4782e-05
0.000889446    0.037994 3.50886e-05
0.000889056   0.0383006 3.54262e-05
0.000890393   0.0386069 3.57713e-05
0.000891089   0.0389128 3.61378e-05
 0.00089394   0.0392188 3.65068e-05
0.000897649   0.0395244 3.68906e-05
0.000901419   0.0398301 3.73183e-05
0.000903722   0.0401361 3.77876e-05
0.000906919   0.0404412 3.81891e-05
0.000911068   0.0407451 3.85666e-05
0.000914245   0.0410491 3.89128e-05
0.000916991   0.0413526 3.92453e-05
0.000919402   0.0416561 3.95309e-05
0.000920756   0.0419601  3.9836e-05
0.000921808    0.042265 4.01385e-05
0.000921903   0.0425719 4.04538e-05
0.000921423   0.0428792 4.08098e-05
0.000920527   0.0431872 4.11719e-05
0.000919769   0.0434963 4.15166e-05
0.000918888   0.0438063 4.18734e-05
0.000917529   0.0441177 4.22423e-05
0.000915925   0.0444302 4.26393e-05
0.000914812   0.0447437 4.30839e-05
0.000913525   0.0450569 4.34605e-05
0.000912108   0.0453707 4.38392e-05
0.000909376   0.0456853 4.41332e-05
0.000908596    0.046001 4.44418e-05
0.000906604   0.0463176 4.47071e-05
0.000906119   0.0466339 4.49351e-05
0.000903921   0.0469508 4.50543e-05
 0.00090249   0.0472669 4.51779e-05
0.000902237   0.0475835 4.52526e-05
0.000901693   0.0479001 4.54016e-05
0.000900862   0.0482167 4.55441e-05
0.000900118   0.0485331 4.56903e-05
0.000898598   0.0488492 4.58127e-05
0.000897864   0.0491639 4.58934e-05
0.000897366   0.0494781 4.58888e-05
0.000897981   0.0497921 4.58894e-05
0.000899021   0.0501072 4.58848e-05
0.000901548   0.0504227 4.58552e-05
0.000904669   0.0507396 4.57992e-05
0.000908441   0.0510579 4.57477e-05
0.000912563   0.0513768 4.57229e-05
0.000916044   0.0516958 4.57217e-05
0.000919862   0.0520146 4.57284e-05
0.000922353   0.0523339 4.57762e-05
0.000926075   0.0526529 4.58198e-05
0.000929928    0.052972 4.59086e-05
0.000934555   0.0532917 4.59954e-05
0.000938944   0.0536119 4.60735e-05
0.000943442    0.053932 4.60988e-05
0.000948854   0.0542515 4.60503e-05
0.000953761   0.0545707 4.59943e-05
0.000958023   0.0548887 4.59546e-05
0.000962607   0.0552054 4.59358e-05
0.000965597   0.0555213 4.59139e-05
0.000966683   0.0558362 4.59315e-05
0.000967689   0.0561499 4.59426e-05
0.000967411    0.056463 4.60333e-05
0.000966654   0.0567746 4.61407e-05
0.000964767   0.0570846 4.62386e-05
0.000961378   0.0573933 4.63557e-05
0.000958394   0.0577004 4.64334e-05
 0.00095406   0.0580069 4.64769e-05
0.000949066   0.0583112   4.652e-05
0.000942986   0.0586144 4.65631e-05
0.000938078   0.0589167 4.65903e-05
0.000932637   0.0592191 4.66615e-05
0.000927903   0.0595213 4.67776e-05
0.000922594   0.0598234 4.68763e-05
0.000917516   0.0601243  4.6957e-05
0.000911484   0.0604248 4.70315e-05
0.000906373   0.0607251 4.71108e-05
0.000901217   0.0610245 4.71676e-05
0.000897432   0.0613233 4.71875e-05
0.000893516   0.0616215 4.72226e-05
0.000890873   0.0619197 4.73126e-05
0.000889356   0.0622181 4.74321e-05
0.000887998   0.0625175 4.76073e-05
0.000886713   0.0628185  4.7828e-05
0.000886142   0.0631204 4.80891e-05
0.000886336   0.0634227 4.83672e-05
0.000886076   0.0637253 4.86729e-05
0.000886607   0.0640273 4.89328e-05
0.000888321   0.0643286 4.91577e-05
0.000889998   0.0646286 4.93726e-05
0.000892286   0.0649283 4.95592e-05
0.000894832   0.0652288 4.97411e-05
0.000897683   0.0655293 4.99266e-05
0.000900709   0.0658296 5.01667e-05
0.000903854   0.0661291 5.04499e-05
0.000906601   0.0664279 5.07069e-05
0.000909663   0.0667257 5.09305e-05
0.000912951   0.0670227 5.11481e-05
0.000916124   0.0673199 5.13673e-05
0.000919343   0.0676172  5.1617e-05
0.000923177   0.0679146 5.19063e-05
0.000926125   0.0682115 5.22548e-05
0.000929013   0.0685083 5.26672e-05
0.000932681   0.0688042  5.3107e-05
0.000935844   0.0690994  5.3626e-05
0.000938165   0.0693939 5.41732e-05
0.000939926   0.0696883 5.47559e-05
0.000941176   0.0699829 5.53491e-05
0.000941876   0.0702773  5.5914e-05
0.000943046   0.0705711 5.64535e-05
0.000944366   0.0708643 5.69322e-05
0.000945544   0.0711562 5.74122e-05
0.000946478   0.0714456 5.78637e-05
0.000945922   0.0717327 5.83083e-05
0.000945368   0.0720171 5.87692e-05
0.000943699   0.0722993 5.92225e-05
0.000941834   0.0725791 5.96803e-05
0.000937622   0.0728572  6.0109e-05
0.000933712   0.0731332  6.0527e-05
0.000929359   0.0734083 6.09409e-05
 0.00092456   0.0736826 6.13254e-05
0.000919706   0.0739554 6.16694e-05
0.000916123    0.074226 6.19393e-05
0.000912689   0.0744941 6.21642e-05
0.000909423   0.0747601 6.23962e-05
 0.00090592   0.0750243 6.26643e-05
0.000903441   0.0752879 6.29485e-05
0.000900004   0.0755497 6.32786e-05
0.000897024   0.0758099 6.35867e-05
0.000893497   0.0760686 6.38885e-05
0.000890999   0.0763264 6.41942e-05
0.000888375   0.0765839 6.45143e-05
0.000885226   0.0768403 6.48293e-05
0.000882581    0.077095 6.51177e-05
0.000880357   0.0773491 6.53897e-05
0.000878752   0.0776019 6.55849e-05
0.000877484   0.0778533 6.57489e-05
0.000876222   0.0781032 6.58952e-05
0.000875525   0.0783518 6.60417e-05
0.000875395   0.0785991 6.61864e-05
0.000875302   0.0788459 6.63429e-05
0.000874887   0.0790926 6.65079e-05
0.000874117   0.0793379 6.66568e-05
0.000873331   0.0795823 6.68049e-05
0.000872192   0.0798261 6.69389e-05
0.000871662   0.0800685 6.70298e-05
 0.00087129     0.08031 6.71169e-05
0.000871626   0.0805508 6.72039e-05
0.000871363   0.0807892 6.73192e-05
0.000871561   0.0810259 6.74319e-05
0.000871616   0.0812619 6.75522e-05
0.000872011   0.0814974  6.7671e-05
 0.00087242   0.0817323 6.77702e-05
0.000872182   0.0819659 6.78589e-05
0.000871353    0.082198 6.79441e-05
0.000870191   0.0824284  6.8026e-05
0.000869228   0.0826571 6.80761e-05
0.000868259   0.0828846 6.81169e-05
0.000867088   0.0831111 6.81618e-05
0.000866524    0.083337 6.81897e-05
0.000865331   0.0835626 6.82259e-05
0.000864042   0.0837874  6.8266e-05
0.000862687   0.0840103 6.83033e-05
0.000861093   0.0842322 6.83128e-05
0.000858722   0.0844526 6.83241e-05
0.000856424   0.0846715 6.83635e-05
0.000854299   0.0848888  6.8412e-05
0.000851652   0.0851047 6.84298e-05
0.000849089   0.0853189 6.84078e-05
0.000845959   0.0855312 6.83842e-05
0.000842592   0.0857421 6.83521e-05
0.000839777   0.0859525 6.82617e-05
0.000836846    0.086162 6.81566e-05
0.000835046   0.0863708 6.80309e-05
0.000832995   0.0865783 6.79434e-05
0.000829686   0.0867832 6.78305e-05
0.000827144   0.0869856 6.77083e-05
0.000823252   0.0871858 6.75994e-05
0.000819787   0.0873838 6.74855e-05
0.000816122   0.0875801 6.73323e-05
0.000813024   0.0877742 6.71671e-05
0.000808715   0.0879661 6.69943e-05
0.000805118   0.0881562 6.68624e-05
0.000801396   0.0883448 6.67347e-05
0.000798494   0.0885316 6.66219e-05
0.000794782   0.0887167 6.65414e-05
0.000791816      0.0889 6.64832e-05
0.000788492   0.0890813 6.64669e-05
 0.00078723   0.0892604 6.64941e-05
0.000785328   0.0894378 6.65122e-05
0.000784974   0.0896131  6.6559e-05
0.000784255   0.0897871 6.65959e-05
 0.00078429   0.0899593 6.66641e-05
 0.00078393   0.0901297 6.67044e-05
0.000784632    0.090298 6.67661e-05
 0.00078653   0.0904651 6.67694e-05
0.000788525   0.0906305 6.68059e-05
0.000790541   0.0907947 6.67983e-05
0.000792919   0.0909571  6.6785e-05
0.000795933   0.0911182 6.67255e-05
0.000797414   0.0912774 6.66309e-05
0.000799302   0.0914342  6.6463e-05
0.000802558   0.0915887   6.631e-05
0.000805497   0.0917413 6.61078e-05
0.000809532   0.0918913 6.59489e-05
0.000814042    0.092039 6.57612e-05
0.000817997   0.0921843 6.55832e-05
0.000820829   0.0923279 6.54229e-05
 0.00082309   0.0924704 6.52715e-05
0.000824748   0.0926119 6.51057e-05
0.000826211   0.0927527 6.49485e-05
0.000828042   0.0928925 6.48127e-05
0.000829204    0.093031 6.46583e-05
0.000830035   0.0931692 6.45108e-05
 0.00083026   0.0933061 6.43137e-05
0.000830056   0.0934427 6.41028e-05
0.000829917   0.0935787 6.38454e-05
 0.00082923   0.0937142 6.36003e-05
0.000828288   0.0938492 6.33436e-05
 0.00082597    0.093984 6.30802e-05
0.000823585   0.0941185 6.28125e-05
0.000820411   0.0942526  6.2555e-05
0.000816361   0.0943856 6.23656e-05
0.000811316   0.0945171 6.22136e-05
0.000806005   0.0946469 6.20951e-05
0.000800927   0.0947756 6.19771e-05
0.000795359   0.0949026 6.18823e-05
0.000790266   0.0950275 6.17838e-05
0.000784562   0.0951501 6.16617e-05
0.000778944   0.0952711 6.15174e-05
0.000772753   0.0953901 6.13397e-05
0.000766476   0.0955076 6.10826e-05
0.000759958   0.0956234 6.07748e-05
0.000754703   0.0957371 6.04162e-05
0.000749272   0.0958483 6.00857e-05
0.000743819   0.0959568 5.98036e-05
0.000738852   0.0960627 5.95557e-05
0.00073415  0.0961664 5.9333e-05
0.000727264   0.0962678 5.90979e-05
0.000721784   0.0963662 5.88193e-05
0.000717126    0.096462 5.85983e-05
0.000713131   0.0965554 5.83763e-05
0.000710977   0.0966466 5.81884e-05
0.000708251   0.0967355 5.80035e-05
0.000707787   0.0968229 5.78579e-05
0.000708255    0.096908 5.76421e-05
0.000708898   0.0969912  5.7374e-05
0.000710175    0.097073 5.70856e-05
0.000711911   0.0971534 5.67745e-05
0.000715025   0.0972319 5.64776e-05
0.000717392   0.0973087 5.61887e-05
0.000720205   0.0973836 5.59296e-05
0.000722331   0.0974573 5.57015e-05
 0.00072523   0.0975292 5.55129e-05
0.000727949   0.0975992 5.53366e-05
 0.00073155   0.0976674 5.51905e-05
0.000735292   0.0977337  5.5057e-05
0.000739555   0.0977987 5.49554e-05
0.000743196   0.0978628 5.48578e-05
0.000746471   0.0979252 5.47733e-05
0.000749438   0.0979862 5.46974e-05
0.000751677   0.0980462 5.46383e-05
0.000753466   0.0981051 5.45972e-05
0.000755538   0.0981634 5.45238e-05
0.000757521    0.098221 5.44426e-05
0.000758007   0.0982782 5.43592e-05
0.000758902   0.0983346 5.42622e-05
0.000759208   0.0983904 5.41253e-05
0.000759344   0.0984457 5.39794e-05
0.000758031   0.0985004 5.37966e-05
0.00075653  0.0985548 5.3596e-05
0.000753985   0.0986086 5.33404e-05
0.000752181   0.0986622 5.30663e-05
0.000749312   0.0987159 5.27477e-05
0.000746939   0.0987696 5.24104e-05
0.000744189   0.0988234 5.20144e-05
0.000741748   0.0988777 5.15933e-05
 0.00073795   0.0989323 5.11399e-05
0.000734532   0.0989876 5.06856e-05
0.000729793   0.0990427 5.02108e-05
0.000725181    0.099098 4.97541e-05
0.000720656   0.0991522 4.93102e-05
0.000716264    0.099205 4.88937e-05
0.000711694   0.0992559 4.84627e-05
0.000706423   0.0993051 4.80786e-05
0.000701363   0.0993526 4.76273e-05
0.000695777   0.0993981 4.71828e-05
0.000689968    0.099441 4.66451e-05
0.000684736   0.0994816 4.61079e-05
0.000679142   0.0995193 4.55183e-05
0.000674904    0.099555 4.49006e-05
0.000670434    0.099588   4.425e-05
0.000667543    0.099619 4.36082e-05
0.000664243    0.099646 4.29371e-05
0.000662447     0.09967 4.22451e-05
0.000660115   0.0996901  4.1567e-05
0.000660085   0.0997075 4.09068e-05
0.000658972   0.0997203 4.02095e-05
0.000658459   0.0997299 3.95198e-05
0.000658093   0.0997362 3.88518e-05
0.000657015   0.0997398 3.82708e-05
0.000655075   0.0997408 3.77172e-05
0.000655361     0.09974 3.71529e-05
0.000655503   0.0997371 3.66326e-05
  0.0006555   0.0997325 3.61654e-05
0.000655732   0.0997263 3.57568e-05
0.000656764   0.0997186 3.53711e-05
0.000657464   0.0997093 3.50266e-05
0.000658467   0.0996987 3.47206e-05
 0.00065896   0.0996868 3.44467e-05
0.000658251   0.0996742 3.42394e-05
0.000657337    0.099661 3.40613e-05
0.00065624  0.0996476 3.3922e-05
0.000655288    0.099634 3.38168e-05
0.000654059   0.0996208 3.37327e-05
0.000653133   0.0996081 3.36764e-05
0.000651946   0.0995961 3.36398e-05
0.000651212   0.0995849 3.36175e-05
0.000650963   0.0995745 3.35731e-05
0.000650983   0.0995655 3.35419e-05
0.000650608   0.0995577 3.35302e-05
 0.00065068   0.0995512 3.35294e-05
0.000649851   0.0995461 3.35367e-05
0.000649905   0.0995425 3.35614e-05
0.000649814   0.0995404 3.36079e-05
0.000650265   0.0995396 3.36492e-05
0.000650737   0.0995403 3.37171e-05
0.000651958   0.0995423 3.37847e-05
0.000651746   0.0995456 3.38762e-05
0.000652219   0.0995502 3.39552e-05
0.000651687    0.099556 3.40691e-05
0.000651993    0.099563 3.41687e-05
0.000651413    0.099571 3.42951e-05
0.000651834     0.09958 3.44036e-05
0.000651809   0.0995897 3.45277e-05
0.000652573      0.0996 3.46324e-05
0.000652983   0.0996109 3.47492e-05
0.000653631   0.0996222  3.4854e-05
0.000654106   0.0996339 3.49659e-05
0.000654265   0.0996457 3.50617e-05
0.000654233   0.0996573 3.51625e-05
0.000653505   0.0996684  3.5242e-05
0.000652781    0.099679 3.53178e-05
0.000651184   0.0996891  3.5372e-05
0.000649895   0.0996981 3.54171e-05
0.000648741   0.0997061 3.54711e-05
0.000647902    0.099713 3.55169e-05
0.000646271   0.0997187 3.55487e-05
0.000644334   0.0997231 3.55904e-05
0.000642257   0.0997264 3.56223e-05
0.000640209   0.0997283 3.56596e-05
0.000637617   0.0997288 3.56851e-05
0.000635227    0.099728 3.56917e-05
0.000632325   0.0997257 3.56909e-05
0.000628919   0.0997222  3.5698e-05
0.000625517   0.0997176 3.57089e-05
0.000621496   0.0997119 3.57178e-05
0.000617487   0.0997055 3.57306e-05
0.000613703   0.0996982 3.57466e-05
 0.00060991   0.0996904 3.57678e-05
0.000606866   0.0996822 3.57796e-05
0.000603919   0.0996737 3.58042e-05
0.000600956    0.099665 3.58371e-05
0.000597918   0.0996566 3.58754e-05
0.000595753    0.099648 3.59011e-05
0.000593541   0.0996398 3.59315e-05
0.000591967   0.0996317 3.59554e-05
0.000590691   0.0996245  3.5991e-05
0.000590401   0.0996179 3.59981e-05
0.000590579   0.0996124 3.60235e-05
0.000591467   0.0996079 3.60348e-05
0.000592075   0.0996046 3.60639e-05
0.000593043   0.0996027 3.60837e-05
0.000593858   0.0996023 3.61237e-05
0.000595205   0.0996031 3.61517e-05
 0.00059621   0.0996055 3.61875e-05
0.00059695   0.099609 3.6229e-05
0.000598264   0.0996139 3.62938e-05
0.000599098     0.09962 3.63727e-05
0.000599436   0.0996271 3.64457e-05
0.000599973   0.0996355  3.6506e-05
0.000601249   0.0996445 3.65774e-05
0.000602703   0.0996548 3.66262e-05
0.000603961    0.099666 3.66783e-05
0.000604413   0.0996777 3.67636e-05
 0.00060477   0.0996898 3.68555e-05
0.000605374   0.0997018 3.69508e-05
0.000605754   0.0997138 3.70478e-05
0.000605988   0.0997256  3.7157e-05
0.000605899   0.0997373 3.72714e-05
0.000605458   0.0997486 3.73972e-05
0.000605029   0.0997595 3.75238e-05
0.000604675     0.09977 3.76609e-05
0.000604245   0.0997798 3.77952e-05
0.000603419   0.0997887 3.79538e-05
0.000602734   0.0997967 3.81091e-05
0.000602014   0.0998037 3.82807e-05
0.000600744   0.0998098 3.84405e-05
0.000599248    0.099815  3.8627e-05
0.000597561   0.0998193  3.8801e-05
0.000596136   0.0998227 3.89919e-05
0.000594277   0.0998251 3.91797e-05
0.000592561   0.0998268 3.93839e-05
0.000590211   0.0998275 3.95724e-05
0.000588001   0.0998276 3.97764e-05
 0.00058563   0.0998269 3.99625e-05
0.000583316   0.0998257 4.01733e-05
0.000580942   0.0998239 4.03832e-05
0.000578722   0.0998216  4.0609e-05
0.000576365   0.0998188 4.08224e-05
0.000574143   0.0998158 4.10581e-05
0.000571556   0.0998125 4.12972e-05
0.000569117    0.099809 4.15556e-05
0.000565898   0.0998055 4.18079e-05
0.000563012   0.0998021 4.20759e-05
0.000559236   0.0997986 4.23507e-05
0.000555944   0.0997954 4.26426e-05
0.000551872   0.0997921  4.2935e-05
0.000548187   0.0997892 4.32296e-05
0.000544727   0.0997863 4.35094e-05
0.000541681   0.0997839 4.38021e-05
0.000538074   0.0997815  4.4113e-05
0.000534937   0.0997797 4.44331e-05
0.000532551   0.0997783 4.47403e-05
0.000531083   0.0997774 4.50307e-05
0.000529623   0.0997766 4.53129e-05
0.000528543   0.0997763 4.55943e-05
0.000527676   0.0997762 4.58752e-05
0.000527306    0.099777 4.61519e-05
0.000527273   0.0997779 4.64182e-05
0.000527696   0.0997797 4.66796e-05
0.000528341    0.099782 4.69287e-05
0.000529348    0.099785 4.71718e-05
0.000530266   0.0997883 4.74164e-05
0.000531663   0.0997923 4.76609e-05
  0.0005329   0.0997966 4.78938e-05
0.000534865   0.0998015 4.81235e-05
0.000537306   0.0998067 4.83203e-05
0.000539661   0.0998123 4.85098e-05
0.000542447    0.099818 4.86741e-05
0.000545196    0.099824 4.88423e-05
0.000547986   0.0998298 4.89657e-05
0.000550807   0.0998356 4.90875e-05
 0.00055384   0.0998411 4.91705e-05
0.000556925   0.0998465 4.92429e-05
0.000559891   0.0998513 4.92849e-05
0.000562565   0.0998555 4.93131e-05
0.000564669   0.0998589 4.93199e-05
0.000566271   0.0998619  4.9297e-05
0.000567131   0.0998643 4.92582e-05
 0.00056734   0.0998661 4.91929e-05
0.000567364   0.0998673  4.9113e-05
0.000566719   0.0998677 4.90262e-05
 0.00056551   0.0998675 4.89342e-05
0.000564041   0.0998665 4.88236e-05
0.000562374   0.0998652 4.87154e-05
0.000560574   0.0998633 4.86055e-05
0.000557839    0.099861 4.85015e-05
0.000555227   0.0998584 4.83919e-05
0.000552162   0.0998554  4.8275e-05
0.000548742   0.0998517 4.81399e-05
0.000545145   0.0998476 4.79934e-05
0.000541164    0.099843 4.78374e-05
0.000536425   0.0998383 4.76821e-05
 0.00053143   0.0998333 4.75172e-05
0.000526302   0.0998283 4.73326e-05
