-2.32783e-24  4.37299e-39  2.62379e-38
-0.000336489   0.00121744  0.000270568
-0.000274701    0.0035569  0.000230535
-0.000444915   0.00637719  0.000174585
-0.000571694   0.00967026 -0.000150952
 -0.00116848    0.0133077 -0.000420945
-0.00162535   0.0172983 -0.00060357
 -0.00179871    0.0217569 -0.000804533
-0.00178349   0.0261773 -0.00112301
-0.00148679   0.0310451 -0.00153032
-0.00101267   0.0359956 -0.00184832
-0.000365482    0.0414106   -0.0022073
0.000628299   0.0465494 -0.00261345
 0.00215946   0.0520209 -0.00301814
 0.00378614   0.0573724 -0.00355273
 0.00569512   0.0628708 -0.00414293
  0.0077967   0.0679528 -0.00483369
  0.0103242   0.0735456 -0.00549024
  0.0130834   0.0781921 -0.00601327
  0.0159246   0.0827433 -0.00666246
  0.0188076   0.0870928 -0.00717861
  0.0215618   0.0913053 -0.00787545
  0.0242904   0.0955034 -0.00841039
  0.0269955   0.0985602 -0.00906916
  0.0299767    0.102319 -0.00966065
 0.0330698   0.105464 -0.0102554
 0.0364926   0.108043 -0.0108384
 0.0400221   0.110383 -0.0114824
 0.0437164    0.11214 -0.0117941
0.0474093  0.113377 -0.012283
 0.0511387   0.114319 -0.0124666
 0.0544955   0.115589 -0.0125651
 0.0581654   0.115252 -0.0123499
 0.0614451   0.113811 -0.0117795
 0.0645772   0.111765 -0.0111917
 0.0669857   0.109222 -0.0107417
0.0691305  0.107389 -0.010128
  0.0707541    0.103843 -0.00937183
 0.0720172  0.0999853 -0.0089998
  0.0727279   0.0961469 -0.00867908
  0.0732011    0.093014 -0.00851477
  0.0733405   0.0894135 -0.00840808
  0.0730908   0.0865151 -0.00844484
    0.07248   0.0825318 -0.00903371
 0.0719206    0.07773 -0.0103077
 0.0711166  0.0723755 -0.0118455
0.0696631 0.0681901 -0.013367
 0.0674386   0.064447 -0.0148282
 0.0643701  0.0624552 -0.0164112
 0.0604148  0.0622165 -0.0175363
 0.0560058  0.0628499 -0.0186508
 0.0512114  0.0658106 -0.0198879
 0.0460367   0.069633 -0.0211315
 0.040404 0.0748418 -0.022313
 0.0345723  0.0797136 -0.0236389
 0.0286305  0.0859895 -0.0248484
 0.0228066  0.0918147 -0.0262448
  0.017174  0.0980416 -0.0276849
 0.0116454   0.104532 -0.0289581
0.00653987   0.111426 -0.0301397
0.00159061    0.11902 -0.0312559
-0.00316739     0.12623  -0.0320926
-0.00754963    0.134306  -0.0329195
 -0.011487   0.142181 -0.0337981
-0.0148716   0.150383 -0.0346913
-0.0169532    0.15719 -0.0355812
-0.0179005   0.163907 -0.0364204
-0.0176031   0.169009 -0.0373878
-0.0166736   0.173908 -0.0384435
-0.0148701   0.178034 -0.0394184
-0.0124568   0.182653 -0.0403072
-0.00948655    0.186023  -0.0414893
-0.00577803    0.187222  -0.0422347
-0.00159846    0.187532   -0.043006
0.00296519   0.188111  -0.043496
0.00761304   0.189574 -0.0438927
 0.0125667    0.18972 -0.0442043
 0.0171084   0.190627 -0.0444831
  0.021718    0.19054 -0.0445279
 0.0262352   0.190028 -0.0446143
 0.0305157   0.189615 -0.0445602
 0.0346123   0.188254 -0.0445987
 0.0382826   0.187528 -0.0448118
 0.0418595   0.185978 -0.0451016
  0.04514  0.184591 -0.045488
 0.0477839    0.18423 -0.0460487
 0.0502548   0.182167 -0.0465647
 0.0517522   0.181469 -0.0469451
0.0525971  0.180937 -0.047017
 0.053376  0.179793 -0.047025
 0.0537862     0.1796 -0.0470887
 0.0533452   0.179481 -0.0472878
 0.0518567   0.180649 -0.0474782
 0.0496296   0.181914 -0.0471906
 0.0463285   0.184006 -0.0470249
 0.0423732   0.186358 -0.0464574
 0.0375472   0.189638 -0.0461802
 0.0327037   0.190513 -0.0457054
 0.0268251   0.192488 -0.0452206
0.0202625  0.195059 -0.044741
 0.0126422   0.198993 -0.0440075
0.00475959   0.202095  -0.043378
-0.00434842    0.207217   -0.042444
-0.0134573   0.211926 -0.0419743
-0.0228222   0.216154 -0.0412766
-0.0322862   0.220506 -0.0403063
-0.0415756   0.224776 -0.0391203
-0.0510741   0.229337  -0.038186
-0.0603881   0.233072 -0.0377359
-0.0690713    0.23453 -0.0367938
-0.0771962   0.235686 -0.0359194
-0.0848948   0.236298 -0.0347459
-0.0910748    0.23356 -0.0335616
 -0.096674   0.229934 -0.0322455
 -0.101042   0.224447 -0.0312524
 -0.106019   0.222367 -0.0304399
 -0.109579   0.217719 -0.0295718
 -0.114026   0.215917 -0.0290459
 -0.116839   0.210631 -0.0281137
 -0.119209   0.205796 -0.0273967
 -0.120594   0.200073 -0.0264579
 -0.121277   0.195282 -0.0259293
 -0.120711   0.190728 -0.0251945
-0.118987  0.186397  -0.02523
 -0.117394   0.184001 -0.0246385
 -0.114217    0.17946 -0.0241773
 -0.112389   0.178472 -0.0236585
 -0.109191   0.175285 -0.0231746
 -0.106647   0.173516 -0.0225622
 -0.105094   0.173661 -0.0221098
 -0.103534   0.174545 -0.0217312
   -0.1007   0.173625 -0.0207714
-0.0978574   0.173351 -0.0197125
 -0.095535    0.17403 -0.0183448
-0.0939856   0.176981 -0.0174228
-0.0920798   0.179863  -0.015834
-0.0901865    0.18255 -0.0145263
-0.0892882   0.185896 -0.0133055
-0.0892286   0.189242 -0.0117956
-0.0891487   0.191547 -0.0100254
 -0.0898228    0.193901 -0.00881425
  -0.091833    0.195945 -0.00722866
 -0.0949618    0.197327 -0.00567707
 -0.0991523    0.197739 -0.00408451
  -0.102989     0.19567 -0.00304472
  -0.107679    0.192943 -0.00170433
    -0.1137    0.190833 -0.00137167
   -0.119161     0.187753 -0.000411445
  -0.126522    0.186166 0.000128515
 -0.133415   0.183034 0.00106989
 -0.140081   0.178007 0.00119461
 -0.145448   0.171027 0.00154978
  -0.15215   0.165082 0.00150174
 -0.157848   0.157176 0.00147322
 -0.164464   0.149826 0.00136606
  -0.171098    0.141798 0.000638802
  -0.179759     0.13669 0.000549027
   -0.186918     0.130013 -0.000129787
    -0.19373     0.123696 -0.000445961
   -0.199348     0.116159 -0.000168334
   -0.205665     0.110171 -0.000384289
   -0.210901     0.103897 -0.000670571
  -0.215863   0.0982228 -0.00131649
  -0.219456   0.0917844 -0.00149378
 -0.222157   0.085335 -0.0015366
  -0.224087    0.079185 -0.00137189
   -0.224717    0.0719141 -0.000753762
   -0.227916    0.0678333 -9.66468e-05
  -0.228961   0.0620635 0.000484366
 -0.231763  0.0606017 0.00144065
 -0.232938  0.0586934 0.00229273
 -0.233148  0.0573746 0.00265396
 -0.231499  0.0556026 0.00248085
 -0.229995   0.055741 0.00257536
 -0.226088  0.0547989 0.00235858
 -0.221453  0.0549598 0.00211497
 -0.214478  0.0545692 0.00152717
 -0.209414  0.0563996 0.00092654
   -0.202975     0.057509 -8.50929e-05
   -0.198127    0.0597014 -0.000869884
  -0.193263   0.0608446 -0.00173125
  -0.190473    0.063096 -0.00265463
  -0.189163   0.0659282 -0.00313181
  -0.188516   0.0684497 -0.00398531
  -0.187824   0.0704013 -0.00446441
  -0.187515   0.0711362 -0.00543538
  -0.188477   0.0720797 -0.00602281
  -0.187683   0.0716545 -0.00687816
  -0.186408   0.0700429 -0.00769592
-0.184872 0.0676719 -0.008877
  -0.182404   0.0643611 -0.00989741
  -0.18097   0.062683 -0.0108848
  -0.17806   0.060991 -0.0119042
 -0.176695  0.0613622 -0.0129443
 -0.173181   0.059827 -0.0139972
 -0.170585  0.0586139 -0.0150728
 -0.167595  0.0560433 -0.0156959
 -0.165406  0.0535404 -0.0165814
 -0.164635   0.051886 -0.0174789
 -0.163904  0.0496242 -0.0182302
 -0.163695  0.0477588 -0.0183729
 -0.163236  0.0453793 -0.0187206
 -0.162599   0.042796 -0.0194512
 -0.161437  0.0394802 -0.0201717
 -0.16073 0.0365412 -0.020896
 -0.160008   0.033801 -0.0217356
 -0.158957  0.0313501 -0.0230585
  -0.15914  0.0297518 -0.0244498
 -0.158354  0.0279464 -0.0256606
 -0.155876  0.0246162 -0.0271041
-0.154144 0.0210726 -0.028506
 -0.151659   0.016787 -0.0299884
 -0.149574  0.0130255 -0.0307661
 -0.148938  0.0100372 -0.0317617
 -0.150032 0.00783778 -0.0326204
 -0.151231 0.00518151 -0.0336706
  -0.15319 0.00172076 -0.0345955
  -0.153181 -0.00362494  -0.0348577
  -0.153952 -0.00908459  -0.0344747
 -0.153571 -0.0155598 -0.0342172
 -0.154498 -0.0215286 -0.0333883
  -0.15453 -0.0284404  -0.032688
 -0.154715 -0.0366104  -0.031787
 -0.157162 -0.0445795 -0.0307867
 -0.158575 -0.0524454 -0.0298259
 -0.159454 -0.0603495 -0.0294891
 -0.158688 -0.0691197 -0.0291383
 -0.158588  -0.077953 -0.0290646
 -0.158879 -0.0870148 -0.0287976
 -0.159287 -0.0959305 -0.0286959
 -0.158607  -0.104509 -0.0282766
 -0.159192  -0.111774 -0.0276937
 -0.158758  -0.118847 -0.0270102
 -0.158068  -0.125615 -0.0261739
-0.156711 -0.131775 -0.025911
 -0.154636  -0.138232 -0.0261558
 -0.152709  -0.145527 -0.0271179
 -0.149335  -0.153342 -0.0285582
-0.146987 -0.160523 -0.030157
  -0.14278  -0.167351 -0.0317534
 -0.137814  -0.172886 -0.0333246
 -0.133121  -0.175543 -0.0346921
 -0.129094  -0.176419 -0.0357901
-0.125372 -0.175895 -0.036637
 -0.122151  -0.174677 -0.0372278
 -0.118068  -0.173759 -0.0378325
 -0.115404   -0.17252 -0.0383719
 -0.111215  -0.171508 -0.0390766
 -0.108939  -0.169813 -0.0397953
 -0.106139  -0.167511 -0.0406106
  -0.10561  -0.164925 -0.0414056
 -0.105965  -0.161744 -0.0422602
  -0.10637  -0.158447 -0.0433457
 -0.105307   -0.15526 -0.0446372
 -0.105187    -0.1509 -0.0454647
 -0.106023   -0.14532 -0.0461147
 -0.105862  -0.139818 -0.0465534
 -0.105287  -0.133761 -0.0468968
 -0.104413  -0.127622 -0.0469499
 -0.102536  -0.122018 -0.0471225
 -0.100451  -0.117372 -0.0472784
-0.0975176  -0.114619 -0.0475099
-0.0941537  -0.112228 -0.0479837
-0.0905365   -0.11035 -0.0484765
-0.0872265  -0.109546 -0.0488452
-0.0839508  -0.109379 -0.0492732
-0.0803544  -0.110433 -0.0497579
-0.0766841  -0.112435 -0.0503947
-0.0736722  -0.115124 -0.0512916
-0.0706295  -0.117283 -0.0517413
-0.0675997  -0.119778  -0.052187
-0.0634068  -0.122963 -0.0521056
-0.0613457  -0.126864 -0.0521198
-0.0581787  -0.131461 -0.0518745
-0.0566537  -0.135443 -0.0514176
-0.0535001  -0.139809 -0.0503291
-0.0512545  -0.143143 -0.0493182
-0.0502819  -0.146778 -0.0480599
-0.0490662  -0.150299 -0.0473085
-0.0476222  -0.153549 -0.0465544
-0.0463319  -0.156593  -0.045856
-0.0443319  -0.159108 -0.0450432
-0.0432038  -0.160206 -0.0440183
-0.0423633  -0.160795 -0.0425305
-0.0426654  -0.161299 -0.0411471
-0.0433764  -0.162849 -0.0398005
-0.0455306  -0.164911 -0.0383692
-0.0481767  -0.168361 -0.0368489
-0.0513488  -0.173089 -0.0354285
-0.0547252  -0.178438 -0.0342397
-0.0573117  -0.183669  -0.033254
-0.0601162   -0.18877 -0.0323651
-0.0614775  -0.194176 -0.0317687
-0.0640008  -0.199326 -0.0311743
 -0.066541  -0.204441 -0.0308801
-0.0697353  -0.210265 -0.0305883
-0.0725502   -0.21642 -0.0302571
-0.0753477  -0.222529 -0.0296215
-0.0789278  -0.228008 -0.0285744
-0.0818462  -0.233172 -0.0275313
-0.0839947  -0.237309 -0.0266357
-0.0863691   -0.24011 -0.0259084
-0.0870568  -0.242374 -0.0252002
-0.0858285  -0.243918 -0.0247652
-0.0845804  -0.244482 -0.0243126
-0.0821201  -0.244806 -0.0243629
-0.0793011  -0.243951 -0.0245111
-0.0754939  -0.241921 -0.0245961
-0.0703731  -0.239165 -0.0247963
-0.0658918  -0.235339 -0.0247508
 -0.060279  -0.231416 -0.0245013
-0.0542694  -0.225999 -0.0242609
-0.0474598  -0.220136 -0.0240327
-0.0421254  -0.214208 -0.0237211
-0.0365064   -0.20902 -0.0236902
-0.0318462   -0.20441 -0.0239313
-0.0268289  -0.200289 -0.0240552
-0.0222695  -0.195826 -0.0240626
-0.0169705  -0.191557 -0.0240332
-0.0128266  -0.187862 -0.0240356
-0.00882549   -0.184057  -0.0239002
-0.00636589   -0.180315  -0.0235456
-0.00388589   -0.176746  -0.0232984
-0.00278018   -0.173842  -0.0233952
-0.00283866   -0.171947   -0.023667
-0.0030498  -0.171744 -0.0242628
-0.00332103    -0.17366  -0.0251088
-0.00428502     -0.1771   -0.026163
-0.00596156    -0.18135  -0.0272716
-0.0071075  -0.186391 -0.0284974
-0.00898408   -0.191285  -0.0293881
-0.0119456  -0.195917  -0.030027
-0.0147336  -0.199779 -0.0305824
-0.0179978  -0.203821 -0.0309483
-0.0213672  -0.209231 -0.0312723
 -0.024883  -0.215116 -0.0316084
-0.0284113  -0.221214 -0.0322631
-0.0318948  -0.227122 -0.0331535
-0.0348238  -0.232698 -0.0338478
-0.0379309   -0.23786 -0.0343106
-0.0411199  -0.242837 -0.0347193
-0.0440505  -0.248456 -0.0351236
-0.0468914  -0.254805 -0.0357012
-0.0502146  -0.261794 -0.0364983
-0.0525078  -0.268889 -0.0376223
-0.0546378  -0.276283 -0.0390845
-0.0574449  -0.283367 -0.0406504
-0.0596255  -0.290264 -0.0426229
-0.0608713  -0.297113 -0.0446765
-0.0615079   -0.30443 -0.0468498
-0.0616096  -0.312532  -0.048987
-0.0611632  -0.320979 -0.0508573
-0.0612059  -0.329355 -0.0524868
-0.0613973  -0.337622 -0.0536736
-0.0614411  -0.345353 -0.0548132
-0.0612437  -0.351136 -0.0557298
-0.0595778  -0.355292 -0.0565635
-0.0579932  -0.357641 -0.0574612
-0.0553759  -0.358699 -0.0582753
 -0.052686  -0.358334 -0.0590804
-0.0477914  -0.357312 -0.0596745
-0.0434207  -0.355331 -0.0601816
-0.0388124  -0.353519 -0.0606441
-0.0339712  -0.352106 -0.0609132
-0.0292976  -0.350353 -0.0609353
-0.0260986  -0.347583 -0.0605208
-0.0231933  -0.343446 -0.0598664
-0.0205862  -0.338649 -0.0592938
 -0.017862  -0.333263 -0.0589762
-0.0162769   -0.32872 -0.0587796
-0.0138118  -0.323661 -0.0588777
-0.0119111  -0.318415 -0.0588476
-0.0095525   -0.31314 -0.0587866
-0.00831993   -0.308267  -0.0587567
-0.00701688   -0.304489  -0.0588219
-0.00524996    -0.30099  -0.0588558
-0.00406176   -0.297145  -0.0587354
-0.00334193    -0.29402   -0.058524
-0.00326722   -0.290948  -0.0578601
-0.00352689   -0.287899  -0.0570422
-0.00377853   -0.284665  -0.0561587
-0.00457593   -0.281509  -0.0553222
-0.00589572   -0.278457  -0.0545203
-0.00719107   -0.276355  -0.0538328
-0.00810344   -0.275376  -0.0532356
-0.00862014   -0.274382  -0.0525735
-0.00909414   -0.273811  -0.0519411
-0.0091943  -0.273897 -0.0512596
-0.00989219   -0.273885  -0.0503547
 -0.010712  -0.274283 -0.0494727
-0.0121957  -0.275295 -0.0486288
-0.0130141  -0.275104 -0.0479996
-0.0142497  -0.274646 -0.0473846
-0.0152866  -0.274776 -0.0468445
 -0.016611  -0.275763 -0.0463221
-0.0178863   -0.27742 -0.0457066
-0.0184605  -0.279059 -0.0450541
-0.0184199  -0.280503 -0.0444109
-0.0180495   -0.28154  -0.043777
-0.0178915  -0.282172 -0.0429811
-0.0177342  -0.282959 -0.0421696
-0.0173805  -0.284136 -0.0414201
-0.0176455  -0.286099 -0.0406061
-0.017272 -0.288937 -0.039878
-0.0168183  -0.292381 -0.0392057
-0.0163189  -0.295116 -0.0385479
-0.0156027  -0.298186 -0.0377523
-0.0141466  -0.301079 -0.0370046
-0.0128284   -0.30373 -0.0364619
-0.0117397  -0.306066 -0.0360003
-0.0101818   -0.30836 -0.0353785
-0.00877508   -0.310397  -0.0345463
-0.00686837   -0.311848  -0.0337419
-0.00481175    -0.31327  -0.0329248
-0.0033942  -0.315586 -0.0317948
-0.00192314   -0.318408  -0.0306268
-0.00163937   -0.321864  -0.0293865
-0.00111592   -0.325392  -0.0284336
0.000634113   -0.327618  -0.0273692
0.00154613  -0.328806 -0.0262978
0.00375887  -0.329194 -0.0253554
  0.005451  -0.328875 -0.0244259
0.00726693  -0.328454 -0.0232998
0.00844104  -0.327254 -0.0221496
 0.0107666  -0.325609 -0.0210067
 0.0122826  -0.323611 -0.0201616
 0.0138582  -0.321849 -0.0193783
 0.0145513  -0.319812 -0.0187189
 0.0160208   -0.31774 -0.0182837
  0.016688  -0.315503 -0.0180023
  0.017684  -0.312987 -0.0179857
0.0165916  -0.30992  -0.01823
 0.0161899   -0.30675 -0.0184094
 0.0142741  -0.303301 -0.0187543
  0.012813   -0.30021 -0.0190237
 0.0106745  -0.296988 -0.0194686
0.00902971  -0.293689 -0.0197252
0.00640936  -0.290089 -0.0200974
0.00272685  -0.286892 -0.0200999
-0.000881824    -0.283814   -0.0203032
-0.00434222   -0.281186  -0.0202328
-0.00800113   -0.278485  -0.0201315
-0.0121214   -0.27616 -0.0197576
-0.0145295  -0.273641 -0.0191869
-0.0172308  -0.270331 -0.0182016
-0.0211636  -0.266578 -0.0173514
-0.0246015  -0.262633 -0.0162436
-0.0289687  -0.257773 -0.0154494
-0.0336062  -0.252514   -0.01452
-0.0374814  -0.246631 -0.0136908
-0.0400647  -0.241009 -0.0130059
-0.0419642  -0.235977 -0.0124072
-0.0431798   -0.23187  -0.011748
 -0.044146  -0.228675 -0.0111698
-0.0454351  -0.226372  -0.010745
-0.0460011  -0.224366 -0.0102264
 -0.0462146   -0.223655 -0.00977235
 -0.0458191   -0.223374 -0.00903733
 -0.0450157   -0.224323 -0.00825029
 -0.044315  -0.226142 -0.0072178
 -0.0431043    -0.22899 -0.00630432
 -0.0416966   -0.232774 -0.00536231
 -0.0389876   -0.237777 -0.00442086
 -0.0363376   -0.243749 -0.00349353
 -0.0330266   -0.250733 -0.00266819
 -0.0289973   -0.257714 -0.00229108
  -0.024165   -0.264557 -0.00215623
 -0.0192885    -0.27092 -0.00223021
 -0.0148663   -0.277392 -0.00230319
 -0.0101584    -0.28347 -0.00250895
-0.00613535   -0.288766 -0.00268185
-0.00168786   -0.293104 -0.00270316
0.00247339  -0.297162  -0.002588
 0.00701577   -0.300595 -0.00227236
  0.0114388   -0.303924 -0.00148923
   0.0159026    -0.306878 -0.000433419
   0.018912   -0.309263 0.000882831
  0.021964  -0.310495 0.00196855
 0.0249024  -0.310557 0.00271416
 0.0272293  -0.309617 0.00322187
 0.0291911  -0.308011 0.00355724
0.0332363 -0.305692 0.0039537
 0.0357063  -0.301948 0.00459686
 0.0372542  -0.297416 0.00486839
 0.0380789  -0.292104 0.00513827
  0.037044  -0.286405 0.00519408
 0.0366313   -0.28022 0.00523221
 0.0339989  -0.274259 0.00503473
 0.0305667  -0.267716 0.00526944
 0.0271241   -0.26109 0.00580849
  0.023215  -0.254816 0.00644723
 0.0190343  -0.248914 0.00719241
0.0136814 -0.242866 0.0078181
0.00931869  -0.236781 0.00836885
0.00471703  -0.230654 0.00871387
0.00101093  -0.224878 0.00885524
-0.00328962   -0.219053  0.00875287
-0.00721299   -0.213092  0.00858449
-0.0118301  -0.206911  0.0082478
-0.0163728  -0.200585 0.00785573
-0.0212249  -0.194669  0.0072922
-0.0252364  -0.189422 0.00673305
-0.0287003  -0.184109 0.00612535
-0.0316998  -0.179073 0.00549811
-0.0338391  -0.174551   0.004799
-0.0354354  -0.170501 0.00402641
-0.0372389  -0.167447 0.00348898
 -0.038873  -0.165113 0.00302646
-0.0389472  -0.163751 0.00260244
-0.0394244   -0.16293 0.00228292
-0.0392963  -0.162895 0.00222417
-0.0390058  -0.163631 0.00222608
-0.0372922  -0.165091 0.00245211
-0.0354704  -0.167299 0.00277776
-0.0326963   -0.17018 0.00342209
-0.0307859  -0.173877 0.00415455
-0.0279051  -0.178741  0.0051253
-0.0256485  -0.184656 0.00616971
-0.0231209  -0.191615 0.00752074
-0.0210148  -0.199869 0.00896274
-0.0176582  -0.209281  0.0105352
-0.0148308  -0.220022  0.0120437
-0.0108211  -0.231371  0.0136073
-0.00711873   -0.243456   0.0149906
-0.00367069   -0.255036   0.0162329
-0.000509803    -0.265817    0.0172552
0.00268453  -0.275359  0.0183192
0.00643198  -0.283896  0.0190569
0.00980197  -0.291367  0.0201689
0.0135428 -0.297651 0.0211927
0.0173368 -0.302138 0.0227325
0.0203898 -0.305044 0.0242015
0.0236658 -0.306132 0.0259229
0.0254508 -0.306098 0.0277363
0.0273894 -0.304431 0.0296701
0.0276767  -0.30176 0.0314645
0.0283629  -0.29631 0.0333585
0.0275289 -0.289007 0.0352952
0.0272705 -0.279179 0.0370644
0.0247444 -0.267922 0.0386502
0.0234137 -0.253613 0.0403956
0.0215521 -0.237602 0.0420227
0.0196354 -0.220006 0.0434534
0.0185159 -0.201325 0.0443049
0.0183082 -0.181727  0.044962
0.0159049 -0.162028 0.0456634
0.0137586 -0.141931 0.0460757
0.0118579 -0.121901 0.0461563
0.00981376  -0.101928  0.0458884
0.00707344 -0.0820198  0.0455049
 0.0047913 -0.0622043     0.0449
0.00231521 -0.0427668  0.0441025
0.000461131  -0.0235211   0.0431573
-0.000112365  -0.00505097    0.0418612
-0.000453814    0.0124789    0.0404552
-0.000595651    0.0288742    0.0388846
-0.000872536    0.0440757    0.0371856
-0.000858656    0.0576571    0.0354415
-0.00114543   0.0696111   0.0336153
-0.00115662   0.0797903   0.0317615
-0.001615 0.0882389  0.029912
-0.0025315   0.094992  0.0282864
-0.00367086   0.0996319   0.0266604
-0.00436345    0.102448   0.0249963
-0.0054662   0.103421  0.0233464
-0.00562285    0.102642   0.0217249
-0.00664668   0.0999929   0.0200748
-0.00747809   0.0957153   0.0183705
-0.00880706   0.0899805   0.0167781
-0.010094 0.0827822 0.0151001
-0.0120649  0.0742548  0.0135023
-0.0125223  0.0646749  0.0118354
-0.0136363  0.0540105  0.0103231
-0.0137016  0.0425347 0.00867092
-0.0145937  0.0301827 0.00718124
-0.0145651  0.0171593 0.00559958
-0.0155304 0.00367455 0.00419964
 -0.0160077 -0.00991528  0.00276882
-0.0172455 -0.0236177 0.00152007
 -0.0180736   -0.037262 0.000255114
  -0.0191001   -0.0507738 -0.000879632
 -0.0199065  -0.0640376 -0.00200507
 -0.0203621  -0.0766767 -0.00298094
 -0.0206073  -0.0885454 -0.00394122
 -0.0201493  -0.0993052 -0.00472951
 -0.0197166   -0.109002 -0.00545805
 -0.0184359   -0.117525 -0.00602396
 -0.0175195    -0.12444 -0.00650839
  -0.016778   -0.129927 -0.00702485
  -0.016382   -0.133743 -0.00746666
 -0.0152175   -0.135956 -0.00780317
 -0.0138014   -0.136581 -0.00818447
 -0.0123104   -0.135661 -0.00848973
 -0.0109156   -0.133148 -0.00881258
-0.00904312   -0.128908 -0.00904939
-0.00745469    -0.12321  -0.0091617
-0.00542948   -0.115837 -0.00922628
-0.00299541   -0.107191 -0.00933434
-0.000674855   -0.0972964  -0.00946056
 0.00215582  -0.0863116 -0.00957032
 0.00484833  -0.0744234 -0.00969999
  0.0071962  -0.0631168 -0.00984389
 0.0094483 -0.0518173 -0.0100142
 0.0108581 -0.0406195 -0.0101214
 0.0121094 -0.0295993 -0.0103028
 0.0133231 -0.0189914 -0.0105279
  0.0145586 -0.00904961  -0.0107771
  0.0148752 0.000575337  -0.0109405
 0.0152271 0.00935908 -0.0111243
 0.0149336  0.0176367 -0.0112617
0.0143613 0.0246039 -0.011464
 0.0128399  0.0306541 -0.0114865
 0.0109269  0.0354231 -0.0116185
0.00840085    0.03897 -0.0116619
0.00627046  0.0411292 -0.0118119
0.00388383  0.0417576 -0.0118998
0.00176076  0.0409103 -0.0121074
-0.000791544    0.0389359   -0.0122353
-0.00288516   0.0354569  -0.0124048
-0.00461713   0.0310744  -0.0126011
-0.00683863   0.0254595  -0.0129276
-0.00847972   0.0189048  -0.0133238
-0.0095533  0.0117189  -0.013665
-0.0107726 0.00357531 -0.0139146
 -0.0126687 -0.00483232  -0.0142191
-0.014654 -0.014195 -0.014373
-0.0163525 -0.0239597 -0.0145376
-0.0171727 -0.0338056 -0.0148943
-0.0178599 -0.0435747 -0.0152749
-0.0187612 -0.0528425 -0.0156566
 -0.019398 -0.0616031 -0.0160308
-0.0198608  -0.069888 -0.0164627
-0.0199806 -0.0776456 -0.0169073
 -0.019746 -0.0846199 -0.0174004
-0.0195332 -0.0909951 -0.0178744
-0.0194038 -0.0965923 -0.0183886
-0.0192053  -0.101255 -0.0188616
-0.0186219  -0.104879 -0.0194571
-0.0182048  -0.107379 -0.0200051
-0.0177712  -0.108888 -0.0206232
-0.0168115  -0.109333 -0.0211403
-0.0156701  -0.108984 -0.0217948
-0.0143915  -0.107657 -0.0223453
-0.0134303   -0.10555 -0.0229738
-0.0120814  -0.102589 -0.0235552
-0.0109353 -0.0990343 -0.0242072
-0.00921087    -0.09475  -0.0247335
-0.00770368  -0.0899984  -0.0253285
-0.00610301  -0.0846376  -0.0257906
-0.00463193  -0.0791315  -0.0263819
-0.00316687  -0.0731977   -0.026943
-0.00191898  -0.0671289   -0.027577
-0.000591285   -0.0608346    -0.028111
0.000544353  -0.0545464   -0.028758
0.00199239 -0.0483226 -0.0293972
0.00322886 -0.0422705 -0.0301254
0.00518515  -0.036367  -0.030788
0.00672486 -0.0308636  -0.031519
0.00907967 -0.0255492 -0.0322614
 0.0108487 -0.0207917 -0.0330773
  0.013314 -0.0161882 -0.0338616
 0.0152861 -0.0121009 -0.0346258
   0.016947 -0.00826909   -0.035268
  0.0181257 -0.00505053  -0.0359644
  0.0198099 -0.00199539  -0.0367436
  0.0209555 0.000223866  -0.0375476
 0.0213064 0.00202279 -0.0382421
 0.0207336 0.00332466  -0.038806
 0.0201842 0.00432981 -0.0392984
 0.0192853  0.0048227 -0.0397687
 0.0182207 0.00515956 -0.0402214
 0.0167158  0.0045786 -0.0406356
  0.014948 0.00383161 -0.0409721
 0.0128121 0.00229764 -0.0412696
  0.0105564 0.000286169    -0.04148
 0.00804824 -0.00226245  -0.0416449
 0.00574599 -0.00502808  -0.0418148
 0.00307606 -0.00834856   -0.041977
0.000689116  -0.0117995  -0.0420648
-0.00230898  -0.0156931  -0.0421326
-0.00564033   -0.019699  -0.0420035
-0.00873163  -0.0239602  -0.0418388
-0.0121091 -0.0281919 -0.0415315
 -0.015294   -0.03244 -0.0412629
-0.0183725 -0.0363198 -0.0407411
-0.0213408 -0.0400112 -0.0402366
-0.0243842 -0.0432864 -0.0395228
-0.0273392 -0.0462387 -0.0387823
-0.0300413 -0.0485135 -0.0378972
-0.0323309 -0.0500458 -0.0369717
-0.0339513 -0.0508034 -0.0359621
-0.0349998 -0.0511173 -0.0348191
-0.0352648 -0.0508084 -0.0336307
-0.0348735 -0.0498459 -0.0323387
-0.0343175 -0.0484297 -0.0310186
-0.0331236 -0.0462996 -0.0297177
-0.0314262 -0.0435989 -0.0284476
-0.0295486 -0.0403388 -0.0271267
-0.0275622 -0.0367884 -0.0258825
-0.0255347 -0.0329017 -0.0246845
-0.0226722 -0.0288489 -0.0235783
-0.0200623   -0.02463 -0.0224891
-0.0171235 -0.0201856 -0.0214057
-0.0139659 -0.0152964 -0.0202626
-0.0107767 -0.0102485 -0.0191037
-0.00735098 -0.00490831  -0.0179417
-0.00332845 0.000363813   -0.016837
0.000765033  0.00556404  -0.0157253
0.00480544  0.0105852 -0.0145444
