1.75848e-39 1.75848e-39 1.75848e-39 1.75848e-39 1.75848e-39 1.75848e-39 1.75848e-39 1.75848e-39
-3.80646  149.928 -3.70631 -162.225  -5.3808  158.035 -5.13691 -154.356
-3.80293  149.826 -3.71185 -162.238 -5.36885  158.022 -5.12622 -154.338
-3.79945  149.819   -3.715 -162.245 -5.34483  158.016 -5.11628 -154.345
-3.79548  149.979 -3.73836 -162.168  -5.3119   158.01 -5.09686 -154.351
-3.79196  149.975 -3.75681 -162.172 -5.28175  158.008 -5.08703 -154.355
 -3.7862  150.036 -3.76791 -162.168 -5.24803  157.982 -5.08552 -154.356
-3.77808  150.031  -3.7742 -162.173 -5.21749  157.983 -5.07819 -154.359
-3.77251   149.97 -3.78899 -162.124 -5.17424  157.941 -5.07698 -154.365
-3.75684  149.965 -3.79654 -162.129 -5.13371  157.942 -5.07237 -154.368
-3.73762  149.953 -3.79302 -162.097 -5.10025  157.906 -5.06562 -154.372
 -3.7164  149.947 -3.78257 -162.103 -5.06671  157.904 -5.04989 -154.378
-3.71077  149.941 -3.75643 -162.135 -5.02281  157.885 -5.04095 -154.371
-3.69703  149.929 -3.72567 -162.145 -4.97905  157.888 -5.02576 -154.378
-3.68533  149.921 -3.69306 -162.148 -4.91916  157.848 -5.00589 -154.396
 -3.6648  149.914 -3.65166 -162.161 -4.85694  157.856 -4.98591 -154.402
-3.64339  149.907  -3.6104 -162.163 -4.77467  157.802 -4.96829 -154.426
 -3.6081  149.896 -3.56134 -162.178 -4.69111  157.805 -4.94166 -154.432
-3.56719  149.891  -3.4967 -162.162 -4.60905  157.768 -4.92261 -154.447
-3.53604   149.88 -3.42554 -162.192 -4.52538  157.776 -4.88544 -154.454
-3.50212  149.872 -3.33096 -162.175 -4.42725  157.725 -4.84779 -154.466
-3.48321  149.862 -3.22763 -162.214 -4.32587  157.738 -4.79286 -154.476
-3.45043  149.856 -3.09783 -162.189 -4.19903  157.687 -4.74891 -154.483
 -3.4355  149.849 -2.96007  -162.23 -4.07122  157.709 -4.71131 -154.489
-3.39821  149.839 -2.80056 -162.178 -3.91398  157.641 -4.66792 -154.498
-3.35738  149.831 -2.64057 -162.221 -3.75196  157.659 -4.62544 -154.505
-3.31663  149.819 -2.46657 -162.168 -3.57927  157.577 -4.56925 -154.515
-3.26943   149.81 -2.28986 -162.217 -3.40582   157.59 -4.51123  -154.52
-3.21335  149.798 -2.08718 -162.172 -3.23122  157.516 -4.45761 -154.533
-3.16217  149.789 -1.87517  -162.24 -3.05246   157.53 -4.39465 -154.544
-3.10367  149.775 -1.63965 -162.175 -2.88379  157.432 -4.31373 -154.549
-3.01549  149.773 -1.39908 -162.236 -2.71675  157.423 -4.22885 -154.569
-2.90829  149.752 -1.14434 -162.158 -2.61317  157.409 -4.12061 -154.575
 -2.78279   149.765 -0.887821  -162.216   -2.5263   157.407  -4.02521  -154.599
 -2.6357   149.74  -0.6252 -162.152 -2.44511  157.394 -3.92475 -154.603
  -2.4828   149.763 -0.362163  -162.222  -2.34175   157.394    -3.832  -154.618
  -2.30532    149.725 -0.0710352   -162.117   -2.23566    157.381   -3.71915   -154.624
-2.12292  149.748 0.216096 -162.164 -2.14766   157.38 -3.63755 -154.632
-1.92196  149.711 0.475496 -162.096 -2.04943  157.375 -3.53646  -154.64
-1.71232  149.751 0.732048  -162.14 -1.96382  157.374 -3.44101 -154.647
-1.48573  149.709 0.992039 -162.078 -1.85936  157.369 -3.33077 -154.654
 -1.2633  149.772  1.24967  -162.12 -1.76683  157.369 -3.22483 -154.657
 -1.0343  149.753  1.50354 -162.037 -1.65009  157.361 -3.12527 -154.663
-0.875124   149.774   1.74191  -162.045  -1.53324   157.363    -3.007   -154.67
-0.721404   149.773   1.87405  -162.028   -1.3995   157.361  -2.88063   -154.68
-0.606392   149.772   1.97601  -162.018  -1.28674   157.355  -2.74222  -154.677
-0.500021   149.767   2.08612  -162.015  -1.16609   157.355  -2.59706  -154.678
-0.387328   149.775   2.19035  -162.012  -1.04811   157.349  -2.47486  -154.684
-0.286421   149.779    2.2879  -161.999 -0.907034   157.358   -2.3369  -154.676
-0.154389   149.776   2.41441  -161.995 -0.769424   157.357  -2.21333  -154.683
-0.0304234    149.786    2.53656   -161.987  -0.645888    157.358   -2.08592   -154.681
 0.106762   149.785    2.6585  -161.975 -0.511331   157.365  -1.95315  -154.673
 0.251109   149.792    2.7842  -161.968 -0.365199   157.379  -1.83253  -154.665
 0.397732   149.804   2.92802  -161.958 -0.228475   157.379  -1.69558  -154.666
  0.517141    149.811    3.05458   -161.954 -0.0939341    157.387   -1.54904   -154.653
  0.65287   149.824   3.19705  -161.937 0.0421466   157.401  -1.40105  -154.645
 0.77419  149.828  3.31489 -161.931 0.194853  157.399 -1.26318 -154.644
 0.89648  149.839  3.44784 -161.911 0.354172  157.416 -1.10817  -154.64
  1.01974   149.857   3.58011  -161.905  0.521464   157.421 -0.975115  -154.638
  1.17299   149.868   3.71283  -161.892   0.67701    157.43 -0.827119  -154.633
  1.30816   149.885   3.84831  -161.888   0.84065   157.439 -0.685891  -154.619
 1.45696  149.888  4.00357 -161.877 0.979055  157.447  -0.5346  -154.62
   1.6204   149.896   4.15009  -161.857   1.14051   157.455 -0.387379  -154.616
  1.76004   149.899     4.313  -161.857   1.31184   157.464 -0.236289  -154.609
   1.92255    149.907    4.48426   -161.842     1.4817    157.466 -0.0759531   -154.593
  2.07603   149.907     4.636  -161.825   1.64723   157.477 0.0966988  -154.592
 2.24919  149.918  4.80704 -161.815  1.83167  157.476 0.255261 -154.581
 2.41175  149.924  4.97359 -161.797  2.00939  157.483 0.435102 -154.587
 2.56155   149.92  5.15801 -161.789  2.19998  157.476 0.618275 -154.577
 2.74112  149.926  5.34424 -161.772  2.38508  157.487 0.822759 -154.574
 2.93591  149.937  5.54423 -161.767  2.61702  157.479 0.999959 -154.565
 3.13508  149.927  5.73646 -161.749  2.84291  157.492  1.22352 -154.578
 3.37158  149.929  5.93124 -161.745  3.03935  157.497   1.4363 -154.564
 3.58364  149.932  6.12123 -161.749  3.26811  157.503  1.62247 -154.572
 3.79032  149.921  6.34243 -161.742  3.47165   157.51  1.83809 -154.569
 4.02468  149.922   6.5739 -161.746  3.69052  157.508  2.06559  -154.57
 4.23034  149.936  6.81132 -161.727  3.91252  157.515  2.26066 -154.563
 4.45045  149.937  7.08139 -161.725  4.15793  157.506   2.4898 -154.567
 4.68621  149.923  7.32798 -161.721  4.39118  157.517  2.69717 -154.563
 4.93991  149.934  7.58554 -161.705  4.63874  157.507  2.90084  -154.57
 5.23127  149.922  7.82336 -161.709   4.8829  157.513  3.14216 -154.562
 5.51187  149.933  8.08742 -161.692  5.12555  157.503  3.36881 -154.554
 5.80812  149.921   8.3363 -161.697  5.37501  157.506  3.64612 -154.564
 6.08984  149.925  8.59757 -161.674  5.61446  157.497  3.92492 -154.563
 6.34509  149.943  8.85661 -161.664  5.87458  157.518  4.18727 -154.558
 6.59534   149.94  9.12188 -161.641  6.16109  157.508  4.48204 -154.556
 6.81309  149.959  9.34942 -161.629  6.46536  157.515    4.755 -154.547
 7.07517  149.962  9.61441 -161.615  6.73922  157.513  5.05774  -154.53
 7.34566  149.956  9.87705 -161.618  7.03524  157.535  5.33234 -154.532
 7.62572  149.969  10.1511 -161.587  7.30655  157.546  5.63127 -154.518
 7.90932  149.997   10.396 -161.587  7.60907  157.566  5.91386 -154.507
 8.18964  150.011  10.6549 -161.554   7.9075  157.562  6.20319 -154.515
 8.46168  150.041   10.897 -161.549  8.24629  157.572  6.50134 -154.506
 8.78496  150.039  11.1633 -161.521  8.52604  157.592  6.77444 -154.477
 9.04527  150.056  11.4692 -161.515  8.82447  157.601  7.08594 -154.466
 9.36533  150.069  11.7702 -161.479  9.10925  157.625  7.36304 -154.466
 9.62996  150.075  12.0925 -161.454  9.44475  157.629  7.66454 -154.434
 9.92637  150.116  12.3575 -161.426  9.73086  157.663  7.96014 -154.429
 10.2384  150.139  12.6355 -161.414  10.0369  157.684  8.28306 -154.406
 10.5124  150.183  12.9456  -161.38  10.3086  157.724  8.63493 -154.388
 10.8161  150.208   13.274 -161.335  10.6166  157.734  8.94633 -154.359
 11.1017  150.253  13.5774 -161.301  10.8911  157.766  9.26961 -154.351
 11.4337  150.266  13.8977 -161.251  11.2077  157.801  9.58749 -154.323
 11.7502  150.315   14.206 -161.214  11.5109  157.853   9.8963 -154.309
 12.0829   150.35  14.5051 -161.192  11.8266  157.867  10.1971 -154.262
 12.4006  150.367  14.8272 -161.133  12.1586  157.922  10.5134 -154.251
 12.7464  150.421  15.1773 -161.115  12.4628  157.979   10.795  -154.23
 13.0963  150.441  15.5329  -161.05  12.8068  157.995  11.1297 -154.186
  13.425  150.482  15.9047 -161.029   13.149  158.057  11.4974 -154.146
 13.7461  150.504  16.2584 -160.959  13.4798   158.08  11.8459 -154.123
 14.1062  150.547  16.6305 -160.941   13.803  158.142  12.2289 -154.069
 14.4669  150.612  17.0497 -160.863  14.1457  158.165  12.6029 -154.053
 14.8156  150.652  17.4718 -160.846  14.4908  158.231  12.9506 -153.991
 15.1394  150.681  17.9059 -160.786  14.8484  158.277  13.2975  -153.97
 15.5012  150.735  18.2763 -160.739  15.1869  158.302  13.6406 -153.921
 15.9017  150.795  18.6143 -160.685  15.5835  158.373  14.0414  -153.89
 16.2815   150.84  18.9327 -160.629  16.0101    158.4  14.3989 -153.848
 16.6242  150.878  19.3354 -160.572  16.4937  158.455  14.7931 -153.788
 17.0111  150.944  19.7054 -160.499  16.9114  158.503   15.172 -153.756
 17.3538  151.017  20.1115 -160.442  17.3283  158.562  15.5721 -153.707
 17.7361  151.047  20.5303 -160.375  17.7182  158.605  15.9443 -153.655
 18.1033  151.109  20.9254 -160.338  18.1504  158.658  16.3254 -153.609
 18.5216  151.148  21.3223 -160.252  18.5269   158.71  16.6951 -153.578
 18.8759  151.201  21.7041 -160.188  18.9161   158.78  17.1168 -153.502
 19.2804  151.242  22.0976 -160.104  19.3362  158.828  17.5358 -153.475
 19.6561  151.298  22.4414 -160.034  19.7516    158.9  17.9552 -153.418
 20.0757  151.346  22.8549 -159.969  20.1939  158.951  18.4139  -153.37
 20.4485  151.427  23.2224 -159.883  20.5999  159.016  18.8275 -153.335
 20.8509  151.469   23.635 -159.816  20.9855  159.101  19.2585 -153.253
  21.252  151.555  24.0702 -159.727  21.4097  159.162  19.7305 -153.226
 21.6824  151.592  24.4886 -159.667  21.8334  159.208  20.2205 -153.158
 22.1064  151.662  24.9302 -159.574  22.2386  159.279  20.6491 -153.094
 22.5377  151.716  25.3395 -159.495  22.6593  159.335  21.0531 -153.015
 22.9757  151.785  25.7208 -159.415  23.0328    159.4  21.4929 -152.958
 23.3851  151.855  26.1011 -159.353  23.4628  159.469  21.9557 -152.898
 23.8444  151.929   26.521 -159.247  23.8557  159.544  22.3437 -152.847
 24.2374  152.028  26.9294 -159.161  24.3007  159.623  22.7612 -152.763
 24.6389  152.099  27.3438 -159.093  24.6849  159.726  23.2171 -152.711
 24.9858   152.18  27.8292 -158.987  25.0993   159.81  23.6506 -152.613
 25.4021  152.262  28.2618 -158.894  25.4757  159.913  24.0906 -152.537
 25.7568  152.334  28.6441 -158.819  25.8951  160.019  24.4906 -152.428
 26.1919  152.431  29.0593  -158.71  26.2956  160.115  24.9017 -152.367
 26.5883  152.503  29.4224 -158.598  26.7275  160.227   25.299  -152.25
  27.013  152.628  29.8357 -158.496   27.132  160.311  25.7197 -152.181
 27.3611  152.729  30.1955 -158.414   27.582  160.428  26.1237 -152.061
 27.7915  152.844  30.5809 -158.278  28.0159  160.535  26.5345 -151.987
 28.1679  152.963  30.9916 -158.193  28.4802  160.616  26.9999 -151.898
 28.5933  153.067  31.3964 -158.051   28.924   160.72  27.4288 -151.807
 29.0038  153.151  31.8034 -157.949  29.3828  160.808  27.8864 -151.721
 29.4684  153.294  32.2435 -157.814  29.8157  160.943  28.3109 -151.598
 29.8367  153.387  32.6371 -157.677  30.2762   161.04  28.7771 -151.503
  30.253  153.531  33.0447 -157.575   30.707  161.158  29.2051 -151.371
 30.7146  153.626  33.4608 -157.438  31.1569  161.303  29.6772  -151.28
 31.1339  153.751  33.8656 -157.298   31.607  161.406  30.1173 -151.163
 31.5823  153.853  34.2578 -157.165  32.0707  161.558   30.549 -151.063
 32.0115  153.981  34.6156 -157.017  32.5158  161.692  31.0412 -150.919
   32.47  154.103  35.1098 -156.893  32.9495  161.801  31.5256 -150.814
 32.8758  154.255  35.5448 -156.737  33.3907  161.938  32.0443 -150.656
 33.3164   154.39  36.0317 -156.598  33.8283  162.096  32.5325 -150.535
  33.792  154.507  36.4864 -156.457  34.2288  162.248  32.9512 -150.386
 34.2746  154.651   36.946 -156.299  34.7025  162.376  33.4189 -150.262
 34.7232  154.774  37.4101 -156.171  35.1536  162.517  33.8215 -150.097
 35.1796  154.927  37.8938  -155.99  35.5682  162.684  34.2808 -149.986
 35.6378  155.053  38.3495 -155.838  36.0281  162.818   34.707 -149.816
 36.0831   155.21  38.7778 -155.662  36.4658  162.943  35.1412 -149.692
 36.5253  155.391  39.2154 -155.504  36.8941  163.123   35.599 -149.543
 36.9789  155.542  39.6337 -155.366   37.318  163.261  35.9766 -149.379
 37.4566  155.694  40.0785 -155.205  37.7899  163.436  36.4181 -149.243
 37.8753  155.851  40.5059 -155.066   38.263  163.586  36.7994 -149.089
  38.387  155.997  40.9499 -154.906  38.7463   163.73  37.2397 -148.934
 38.8706  156.173  41.3819 -154.833  39.2547  163.946  37.6408 -148.784
  39.277  156.315  41.8424 -154.692  39.8122  164.098  38.0227 -148.621
 39.7074  156.503   42.271 -154.523  40.2751   164.24  38.4967 -148.488
 40.1713  156.656  42.7692 -154.347  40.8041  164.423  38.9175 -148.338
 40.5995  156.837   43.199 -154.166  41.2795  164.557  39.3696 -148.181
 41.0826  156.975  43.6415 -154.089  41.7396  164.726  39.7897 -148.045
 41.5177  157.164  44.0375 -153.906  42.2033  164.919  40.2308 -147.883
 41.9975  157.306  44.4568 -153.725  42.6661  165.087  40.6584 -147.746
 42.4689  157.463  44.8103 -153.545  43.0482  165.239  41.1202 -147.553
 42.9456   157.61  45.1618 -153.385  43.4716  165.439  41.5958 -147.388
 43.3703  157.779   45.565 -153.201   43.892  165.617  42.0147 -147.192
 43.7649  157.986  45.9491 -152.997  44.2838  165.821  42.4746 -147.042
 44.1678  158.179  46.3416 -152.811  44.7295  165.975  42.9139 -146.864
 44.5673  158.344  46.7282 -152.644  45.1635  166.162  43.3542 -146.663
 45.0284  158.541  47.0701 -152.436  45.5529  166.326  43.7881 -146.504
 45.3966  158.721  47.4825 -152.273  45.9689  166.521  44.2498 -146.292
 45.8374  158.921   47.911 -152.162  46.3886  166.689  44.6957 -146.135
 46.2088  159.092  48.3196 -151.994  46.8123  166.895  45.1387 -145.958
 46.6277  159.306  48.7289 -151.772  47.1997   167.07  45.5863 -145.769
 47.0322   159.48  49.1372  -151.58  47.6088  167.267  46.0036 -145.597
 47.4682  159.689  49.5615 -151.378  47.9687  167.492  46.3628 -145.392
 47.8999  159.886  49.9843  -151.17  48.3728   167.67  46.7842 -145.206
 48.3264  160.078  50.3723 -150.989  48.7945  167.873  47.1809 -145.018
 48.7758  160.298  50.7764 -150.755  49.1976  168.054  47.6258 -144.832
  49.189  160.484  51.1609 -150.564  49.6173  168.286  48.0188 -144.613
 49.6272  160.689  51.5692 -150.341  50.0492  168.494  48.4605 -144.416
 50.0294  160.878  51.9933 -150.102  50.4007  168.719   48.847 -144.198
 50.4635  161.088  52.3876 -149.877  50.8047  168.924  49.2817 -143.996
 50.8519  161.327  52.7977 -149.661  51.1633  169.123  49.7017  -143.76
 51.2613  161.542  53.1448 -149.453  51.5526  169.346  50.1211 -143.546
 51.6656  161.786  53.5156 -149.209  51.8913  169.593  50.4836  -143.34
  52.048  161.982  53.8911 -149.001  52.2577  169.795  50.8845 -143.108
 52.4304  162.234  54.2902 -148.767  52.5864  170.034  51.3133 -142.883
 52.8055   162.45  54.6797 -148.554  52.9621  170.254  51.7133  -142.66
 53.2104  162.693  55.0595 -148.307  53.3239  170.485  52.1168 -142.458
 53.5907  162.927  55.4645 -148.068  53.6755  170.695  52.5104 -142.228
 53.9363  163.139  55.7986 -147.834  54.0326  170.953  52.9242 -142.038
 54.3267  163.394  56.1217 -147.613  54.3929  171.171  53.3563 -141.819
  54.721  163.604  56.4681 -147.357  54.7762  171.404  53.7564 -141.577
 55.0991  163.864  56.7655 -147.111  55.0926   171.66  54.1751 -141.337
55.4692 164.102 57.1263 -146.87 55.4569 171.894 54.5537 -141.11
 55.7802  164.362  57.4436 -146.607  55.7842  172.121  54.9568 -140.854
 56.1418  164.594  57.8005 -146.197  56.1477  172.367  55.3164 -140.628
 56.4797  164.857  58.1793 -145.958  56.4973  172.635  55.7157 -140.417
 56.8579  165.083  58.6093 -145.718  56.8384  172.887  56.1415 -140.156
 57.1951  165.357  58.9765 -145.448  57.2122  173.131  56.5934 -139.943
 57.5533  165.603  59.3722 -145.207  57.5745  173.368  57.0485 -139.665
 57.8755  165.871  59.7192  -144.94  57.9475  173.623  57.4342 -139.432
  58.215  166.145   60.123  -144.68  58.2781  173.907  57.7444 -139.167
 58.5662  166.407  60.4645 -144.498  58.6002  174.163  58.0911 -138.921
 58.9414  166.688  60.8117 -144.328  58.9617  174.408   58.383 -138.637
 59.2968  166.936  61.1848 -144.062   59.279  174.691     58.7 -138.384
 59.6618  167.207  61.5618 -143.825   59.623  174.959  58.9968 -138.118
 60.0139  167.457  61.9818 -143.529  59.9241  175.244  59.3067 -137.859
 60.3917  167.759  62.3387 -143.297  60.2349  175.495  59.6223  -137.57
 60.7037  168.016  62.7265 -143.024   60.547   175.79  59.9575 -137.298
 61.0316  168.309  63.0585  -142.75   60.878  176.064  60.2751 -137.002
 61.3185  168.574  63.3789 -142.491  61.2229  176.326  60.6083 -136.727
 61.6358  168.851  63.7112 -142.182  61.5516  176.626   60.898 -136.433
 61.8877  169.154  64.0578 -141.904  61.8751   176.89  61.2244 -136.156
 62.1927  169.434  64.3492 -141.617  62.1801  177.175  61.5299 -135.859
 62.5054  169.705  64.6234 -141.319  62.4789  177.443  61.8494 -135.568
 62.8547  170.021  64.9315 -141.045  62.7483  177.748  62.1386 -135.266
 63.2417  170.305  65.2077 -140.736  63.0376  178.036  62.4462 -134.979
 63.6173  170.629  65.5107 -140.456  63.2834   178.31  62.7229 -134.675
 63.9957  170.917  65.7663  -140.15  63.5527  178.601  63.0218 -134.406
 64.3288  171.247  66.0614 -139.865  63.8577  178.887  63.3235 -134.095
 64.6449  171.556  66.3148 -139.558  64.1782  179.175  63.6444 -133.822
 64.9836  171.833  66.6034 -139.279   64.488  179.466    63.96 -133.512
 65.3149   172.15  66.8329 -138.962  64.8172  179.745  64.2651 -133.235
 65.6656  172.413  67.0852 -138.677  65.1012 -179.967  64.5682 -132.925
 66.0318  172.742   67.396 -138.387   65.408 -179.668  64.8269 -132.624
 66.3983  173.032   67.719 -138.113  65.6864 -179.371  65.1155 -132.331
 66.7355  173.306  68.0038 -137.799  65.9743 -179.083   65.393 -132.053
 67.0522  173.616  68.2758 -137.521  66.2621 -178.787  65.6682 -131.742
 67.3676  173.905  68.5406 -137.208  66.5237 -178.489  65.9243  -131.46
 67.6793  174.217  68.7811 -136.924  66.7966  -178.19  66.1968 -131.161
 67.9699  174.515  69.0138 -136.623  67.0476 -177.895  66.4343 -130.878
 68.2446  174.792  69.2361 -136.337  67.2795 -177.613  66.7073 -130.571
 68.4872  175.104  69.4562  -136.04  67.5282 -177.313  66.9508 -130.283
  68.763  175.376  69.6667 -135.726  67.7813 -177.008  67.2155 -129.985
 69.0282  175.689  69.9129 -135.433  67.9971 -176.719  67.4434 -129.674
 69.2613  175.985  70.1651 -135.116  68.2231 -176.407  67.6636 -129.377
 69.4494  176.296  70.3983 -134.815  68.4422  -176.12  67.8825 -129.061
 69.6839  176.596  70.6697 -134.538   68.678 -175.817  68.1034 -128.782
 69.8865  176.911  70.9646  -134.24  68.8991 -175.506  68.3461 -128.472
 70.1007  177.194  71.2436 -133.966  69.1114 -175.206  68.5949 -128.176
 70.2969  177.498  71.5285 -133.652  69.3049 -174.894  68.8418  -127.86
 70.5366  177.796  71.7619 -133.367  69.5295 -174.611  69.0854 -127.558
 70.7594    178.1   71.986 -133.051  69.7587 -174.297  69.3158 -127.245
 70.9992  178.407  72.1912 -132.763  69.9894 -173.998  69.5461 -126.945
 71.1709  178.708   72.403 -132.456  70.1974 -173.703  69.7647  -126.63
 71.3726  179.022  72.5878  -132.14  70.3926 -173.392  70.0058 -126.326
 71.5316  179.386   72.796 -131.829  70.6126 -173.097  70.2224 -126.023
 71.6995  179.704  72.9911 -131.524  70.8276 -172.782  70.4159 -125.706
 71.8589 -179.967  73.1874 -131.206  71.0315  -172.47  70.6447 -125.397
 72.0269 -179.643  73.3683 -130.893  71.2033 -172.159  70.8477 -125.103
 72.2017 -179.333  73.5622 -130.569  71.3861 -171.766  71.0332 -124.791
 72.3645 -179.014  73.7452 -130.246  71.5549 -171.459   71.277 -124.496
 72.5526 -178.699  73.9296 -129.934  71.7577 -171.135  71.4988 -124.187
 72.7396 -178.379  74.1315 -129.612  71.9474 -170.831  71.7309 -123.888
 72.9455 -178.061  74.3058 -129.292  72.1663 -170.505  71.8992 -123.562
 73.1414 -177.737  74.5235 -128.972  72.3788 -170.186  72.0924 -123.258
 73.3359 -177.438  74.7244 -128.657  72.5554 -169.865  72.2781 -122.949
 73.5392 -177.116  74.9555 -128.337  72.7129 -169.553   72.498 -122.655
  73.745 -176.808  75.1345 -128.021   72.888 -169.229  72.6781 -122.395
 73.9493 -176.496  75.3403   -127.7  73.0771 -168.908  72.8331 -122.063
 74.1768 -176.189  75.5141 -127.372  73.2628  -168.58  73.0127 -121.752
 74.3152 -175.859  75.7016  -127.05  73.4583 -168.273  73.2126 -121.442
 74.4836 -175.553  75.8807 -126.725  73.6311 -167.945  73.4014 -121.106
 74.6312 -175.226  76.0541 -126.401  73.8064  -167.63  73.6124 -120.808
  74.752  -175.12   76.209 -126.077  73.9715 -167.305  73.8297 -120.473
 74.8511 -174.794  76.3686 -125.751  74.1625 -166.998   74.056 -120.155
 75.0248 -174.488  76.5085 -125.428  74.3311 -166.672  74.2377  -119.84
 75.1881 -174.169  76.6816 -125.105  74.4988 -166.351  74.3939 -119.522
 75.3447 -173.855  76.8294 -124.784  74.6374 -166.021  74.5351 -119.206
 75.5134 -173.526  76.9984 -124.463  74.7794 -165.707  74.6548  -118.88
 75.6923 -173.211  77.1364 -124.129   74.923 -165.375  74.8026 -118.569
  75.874 -172.879  77.2865 -123.799  75.0488 -165.057   74.925 -118.246
 76.0615 -172.565  77.4171  -123.47  75.1775 -164.734  75.0662 -117.918
 76.2107 -172.237   77.545 -123.142  75.3199 -164.416  75.2049 -117.601
 76.3733  -171.92  77.6694 -122.812  75.4523 -164.099  75.3561 -117.274
  76.488 -171.588  77.8012  -122.49  75.5658 -163.781  75.4734  -116.95
 76.6206 -171.269  77.9277 -122.161  75.7048 -163.454  75.5976  -116.62
 76.7302 -170.936  78.0542 -121.827  75.8155 -163.133  75.7309 -116.293
 76.8528 -170.617  78.1648 -121.499  75.9403 -162.805  75.8532 -115.961
 76.9447 -170.286  78.2575 -121.175  76.0496  -162.47  76.0027 -115.646
 77.0481 -169.968  78.3494 -120.852    76.15 -162.149  76.1611 -115.313
 77.1977 -169.636   78.478 -120.521  76.2338  -161.81  76.3116 -115.002
  77.326 -169.314  78.6095 -120.191  76.3334 -161.482    76.47 -114.668
 77.4633 -168.987  78.7468 -119.862  76.4462 -161.154   76.606 -114.363
 77.6131 -168.667  78.8963 -119.542  76.5843 -160.833  76.7488 -114.031
 77.7663  -168.34  78.9951 -119.216  76.7214 -160.503  76.8901 -113.715
 77.8787  -168.02  79.0722 -118.892  76.8502 -160.181   77.035 -113.383
 78.0246 -167.696  79.1544 -118.566   76.973 -159.856  77.1773 -113.077
 78.1491 -167.383  79.2357 -118.247  77.0767 -159.543  77.3242 -112.753
 78.2601 -167.063  79.3509 -117.929  77.1929  -159.22  77.4619 -112.445
 78.3612 -166.748  79.4581 -117.613  77.3146  -158.91  77.5866 -112.124
 78.4542 -166.428  79.5772   -117.3  77.4253 -158.586   77.691 -111.816
 78.5648 -166.114  79.6883 -116.979  77.5596 -158.269  77.8097 -111.497
 78.6744 -165.798  79.7795 -116.662  77.6902 -157.965   77.915 -111.191
 78.7981 -165.487  79.8833 -116.352  77.8167 -157.653  78.0104 -110.873
 78.9107 -165.176  79.9819  -116.04  77.9202 -157.351  78.1024 -110.569
 79.0694 -164.871  80.0823 -115.728  78.0371 -157.038  78.1947 -110.255
 79.2341 -164.523   80.182 -115.422  78.1446 -156.737  78.2804 -109.943
 79.3939 -164.219  80.2926 -115.107  78.2617 -156.427  78.3957 -109.639
 79.5428 -163.889  80.3868 -114.794  78.3703 -156.114  78.4983 -109.332
 79.6985 -163.586  80.4829 -114.482  78.4748 -155.817  78.6079 -109.028
 79.8135  -163.27  80.5667 -114.178  78.5744  -155.51  78.7021 -108.727
 79.9257 -162.963  80.6591 -113.866  78.6658 -155.199  78.8126 -108.417
 80.0278 -162.653  80.7386  -113.56   78.768 -154.879  78.9188 -108.112
 80.1134 -162.344  80.8462 -113.256  78.8855 -154.583  79.0117 -107.813
 80.1993 -162.036  80.9415 -112.942  78.9888 -154.277  79.0918 -107.506
 80.2713 -161.734  81.0409 -112.642  79.0846 -153.977  79.1897 -107.198
 80.3707  -161.42  81.1598 -112.326  79.1697 -153.674  79.2702 -106.889
 80.4595 -161.113  81.2518 -112.017  79.2291 -153.374  79.3711 -106.581
 80.5485 -160.798  81.3315 -111.705  79.2901 -153.063  79.4657 -106.275
 80.6296  -160.49  81.3916 -111.393  79.3547  -152.76  79.5623 -105.959
 80.6983 -160.189  81.4483 -111.085  79.4147 -152.452  79.6584 -105.658
 80.7406 -159.798  81.5045 -110.767  79.4739 -152.145  79.7392 -105.344
 80.7749 -159.491  81.5445 -110.463  79.5613  -151.84  79.8214 -105.041
 80.8197 -159.347  81.6068 -110.148  79.6595 -151.536  79.8982 -104.728
 80.8453 -159.047  81.6626 -109.845  79.7423 -151.222  79.9641 -104.421
  80.903 -158.674  81.7246 -109.532  79.8132 -150.916  80.0238 -104.107
 80.9495 -158.367  81.7814 -109.218  79.8791 -150.606  80.0807 -103.798
 81.0128 -158.014  81.8314  -108.91   79.933 -150.298  80.1371 -103.492
 81.0752 -157.705  81.8836 -108.598  79.9773 -149.985  80.1948 -103.183
 81.1054 -157.398   81.941 -108.289  80.0244 -149.672  80.2596 -102.878
 81.1392 -157.094  81.9883 -107.979   80.069 -149.364   80.313 -102.568
 81.1639 -156.794  82.0444 -107.671  80.1353 -149.063  80.3623 -102.263
   81.21 -156.434  82.0938 -107.364  80.1983  -148.76  80.4179 -101.954
 81.2573 -156.124  82.1577 -107.057    80.25 -148.453  80.4641 -101.649
 81.3198 -155.818  82.2094 -106.752  80.3037 -148.148  80.4963 -101.343
 81.3843 -155.503  82.2596 -106.443  80.3587 -147.841  80.5502 -101.036
 81.4351 -155.191  82.2956 -106.134  80.3979 -147.532     80.6 -100.731
 81.4777  -154.88  82.3309 -105.824  80.4606 -147.229  80.6477 -100.425
 81.5699 -154.574  82.3606 -105.521  80.5331 -146.924  80.6932  -100.12
 81.6165 -154.274  82.4059 -105.217  80.5928 -146.624  80.7545 -99.8152
 81.6648 -153.966  82.4518 -104.913  80.6585 -146.322  80.7992 -99.5117
 81.7111 -153.662  82.4943 -104.607  80.6975 -146.019  80.8591 -99.2099
 81.7549 -153.347  82.5356 -104.306  80.7398 -145.716  80.9125 -98.9031
 81.7943 -153.053  82.5792 -104.001  80.7762 -145.415  80.9639 -98.6033
 81.8775 -152.761  82.6292 -103.699  80.8124 -145.108  81.0092  -98.302
 81.9962 -152.474  82.6862 -103.398  80.8505 -144.804  81.0521 -98.0082
 82.1054 -152.265   82.737 -103.112  80.8944 -144.514   81.103 -97.7113
 82.2113 -151.969  82.7875 -102.808  80.9552 -144.211  81.1454 -97.4106
 82.2734 -151.675  82.8209 -102.549  81.0445 -143.916  81.1951 -97.1132
 82.3383  -151.38  82.8768 -102.252  81.1214 -143.618  81.2718 -96.8177
 82.3652 -151.089  82.9378 -101.961  81.2075 -143.329  81.3348 -96.5285
 82.4098 -150.798  82.9902 -101.671  81.2656 -143.037  81.4245 -96.2417
 82.4441 -150.511  82.9998 -101.379  81.3228 -142.752  81.4776 -95.9555
 82.5108 -150.225  83.0206 -101.091  81.3631 -142.463  81.5329 -95.6668
 82.5591 -149.942  83.0545 -100.851  81.4069 -142.179  81.5929 -95.3838
 82.5896 -149.661  83.0982 -100.569  81.4588 -141.896    81.64  -95.099
 82.6249 -149.387  83.1741 -100.289  81.4998 -141.614  81.6764 -94.8161
 82.6747 -149.104  83.2486 -100.016  81.5702 -141.247  81.7225 -94.5609
 82.7597 -148.835  83.3032 -99.7352  81.6386 -140.964  81.7666   -94.28
 82.8425 -148.558    83.35  -99.463  81.6836  -140.69  81.8731 -94.1993
 82.9157 -148.287  83.3915 -99.1869  81.7281 -140.415  81.9716  -93.921
 82.9831  -148.01  83.4321 -98.9149  81.7707 -140.143  82.0977 -93.7721
 83.0194 -147.738  83.4645  -98.641  81.8143  -139.87  82.2041 -93.4937
 83.0858 -147.466  83.4937 -98.3714    81.86 -139.601  82.3025 -93.2521
 83.1258 -147.195  83.5327 -98.1024  81.9019  -139.33  82.3779 -92.9759
 83.1801 -146.928  83.5752 -97.8321  81.9392 -139.063  82.4894 -92.7411
 83.2206 -146.657  83.6249 -97.5615  81.9759 -138.793  82.5684  -92.465
 83.2442 -146.385  83.6616 -97.2955  82.0019 -138.528  82.6601 -92.2227
 83.2888 -146.092  83.7041  -97.027  82.0221  -138.26  82.7361 -91.9448
 83.3225 -145.829  83.7357 -96.7634  82.0393 -137.997  82.8256 -91.7106
 83.3724 -145.565  83.7668 -96.4994  82.0697  -137.73  82.9011 -91.4322
 83.4166 -145.303  83.7947 -96.2345  82.1036 -137.472  82.9783 -91.2025
 83.4488 -145.045  83.8294 -95.9752   82.149 -137.211  83.0387 -90.9297
 83.4701 -144.785   83.854 -95.7178  82.1811 -136.955  83.1333 -90.6586
  83.502 -144.529  83.8835 -95.4564  82.2097 -136.696  83.2344 -90.4928
 83.5385 -144.275  83.9083 -95.1993  82.2348 -136.438  83.3194 -90.2392
 83.5788 -144.017   83.937 -94.9416  82.2567 -136.178  83.3723 -89.9789
 83.5926 -143.763  83.9648 -94.6865  82.2753 -135.925  83.4305 -89.7272
 83.6121 -143.506  83.9951 -94.4312  82.2917 -135.671  83.4774 -89.4705
  83.631 -143.252  84.0107 -94.1782  82.3036 -135.419  83.5075 -89.2153
 83.6721 -142.997  84.0308 -93.9276  82.3347 -135.163  83.5126 -88.9633
 83.7148 -142.748  84.0552 -93.6742  82.3554 -134.917  83.5142 -88.7106
 83.7561 -142.496  84.0718 -93.4204  82.3629 -134.641  83.5817 -88.6586
 83.7919 -142.249  84.0916 -93.1699  82.3616 -134.397  83.6369 -88.4071
 83.8222 -141.987  84.1201 -92.9229   82.395 -134.172  83.6977 -88.1873
 83.8403 -141.737  84.1377 -92.6743  82.4254 -133.924  83.7429 -87.9355
 83.8659 -141.481  84.1745  -92.426  82.4478 -133.675  83.8061 -87.7251
 83.8797 -141.233  84.2115 -92.1815  82.4703  -133.43   83.861 -87.4704
 83.8675 -140.988  84.2384 -91.9395  82.4825 -133.188  83.9361 -87.2739
 83.8612 -140.736  84.2686 -91.6974  82.4796 -132.996  84.0045 -87.0207
 83.8338  -140.54  84.2872 -91.4564  82.4757 -132.753  84.1106 -86.8388
 83.8107 -140.291  84.3048 -91.2159  82.5049 -132.415  84.2023 -86.5893
 83.8209 -140.048  84.3272 -90.9763  82.5307 -132.179  84.2868 -86.4052
 83.8247 -139.808  84.3443 -90.7391  82.5755 -131.932  84.3598 -86.1576
  83.873 -139.512  84.3612 -90.5011  82.6184 -131.698  84.4399 -85.9776
 83.9111 -139.277  84.3725 -90.2635  82.6564 -131.455  84.5133 -85.7288
 83.9506 -139.041  84.3823 -90.0282  82.7023 -131.222  84.5924 -85.5638
   83.99 -138.811  84.4013 -89.7947  82.7428 -130.987  84.6594 -85.3223
 84.0197 -138.575  84.4282 -89.5628  82.7752 -130.752  84.7033 -85.1141
 84.0302 -138.344  84.4542 -89.3327  82.7942 -130.521  84.7404 -84.8795
 84.0534 -138.115  84.4733 -89.1042  82.8022  -130.29  84.8073 -84.7107
 84.0673 -137.886   84.507 -88.8784  82.8141  -130.06  84.8577 -84.4844
 84.0699  -137.69   84.533 -88.6536    82.85 -129.774  84.8848 -84.2658
 84.0732 -137.464  84.5609 -88.4304   82.875 -129.549  84.9191 -84.0457
 84.0938 -137.282  84.5953 -88.2112  82.8809 -129.328  84.9228 -83.8113
 84.1136 -137.059  84.6169 -87.9882  82.8814 -129.105  84.9288 -83.5898
 84.1589 -136.837  84.6433 -87.7731  82.9155 -128.776  84.9061  -83.478
 84.1902 -136.617  84.6634 -87.5511  82.9405 -128.556  84.8853 -83.2556
 84.2348 -136.398  84.7076  -87.343  82.9701  -128.34  84.8798 -83.0358
 84.2578 -136.182  84.7374 -87.1273  82.9979 -128.129  84.8795 -82.8175
 84.2687 -135.971  84.7668 -86.9129  83.0071  -127.93  84.8376 -82.6404
 84.2914 -135.758  84.7938 -86.7038  83.0227 -127.713  84.8169 -82.4201
 84.3187 -135.549  84.8235 -86.4939  82.9981 -127.528  84.7599  -82.245
 84.3503 -135.341  84.8376 -86.2866  82.9816 -127.304  84.7247 -82.0256
 84.3793 -135.137  84.8567 -86.0818  82.9665 -127.127  84.6529   -81.87
 84.4097 -134.934  84.8734 -85.8798  82.9626 -126.919  84.6035 -81.6489
 84.4404 -134.736  84.8918  -85.677  82.9323 -126.747  84.4943 -81.5465
 84.4701 -134.536  84.9033 -85.4778  82.9022 -126.532  84.4251 -81.3233
 84.4925 -134.336  84.9215  -85.326  82.8586 -126.362  84.3246 -81.1788
 84.5139 -134.139  84.9416 -85.1276    82.82 -126.144  84.2522   -80.96
 84.5288 -133.944  84.9703 -84.9395  82.7383 -126.003  84.1596 -80.8172
 84.5435 -133.752  84.9868 -84.7482  82.6772 -125.787   84.086 -80.6054
 84.5336 -133.568  85.0079 -84.5636   82.568 -125.662  84.0163 -80.4455
 84.5619 -133.409  85.0304 -84.3788  82.4803 -125.447  83.9709 -80.2417
 84.5728 -133.225  85.0412 -84.1927   82.371 -125.335  83.8906 -80.1056
 84.6062 -133.039  85.0609 -84.0083  82.2785 -125.124  83.8283 -79.8968
 84.6343 -132.852  85.0714 -83.8276  82.1709 -125.048  83.7366 -79.7665
 84.6641 -132.675  85.0763 -83.6493  82.0783  -124.84  83.6608  -79.555
 84.6772 -132.499  85.0837 -83.4753  81.9763 -124.765  83.5517 -79.4334
 84.7042 -132.324  85.0976 -83.5694  81.8829 -124.568  83.4751 -79.2321
 84.7189  -132.15  85.1102 -83.3962  81.8242 -124.458  83.3883 -79.0942
 84.7263 -131.977  85.1012 -83.2516  81.7692 -124.271  83.3347 -78.9007
 84.7218 -131.808  85.0975 -83.0846  81.7392 -124.138  83.2467 -78.7791
 84.7146 -131.636  85.0875 -82.9258  81.7082 -123.957  83.1773 -78.5836
 84.7285 -131.468  85.0816 -82.7564  81.6899 -123.821  83.0812 -78.4738
 84.7383 -131.305  84.9722 -82.8243   81.681 -123.655   83.009 -78.2836
 84.7538 -131.143   84.881 -82.6595  81.7014 -123.493  82.9005 -78.1788
 84.7669 -130.984  84.8247   -82.55  81.7281 -123.331  82.8232 -77.9947
 84.7745 -130.826  84.7898 -82.3934   81.749 -123.179  82.7326 -77.8762
 84.7986 -130.675  84.8175 -82.2661  81.7531 -123.029  82.6669 -77.6981
 84.7988 -130.513  84.8454 -82.1135  81.8364  -122.93  82.5896 -77.5819
 84.8121 -130.363  84.8581 -81.9649  81.9058 -122.773  82.5439 -77.4138
 84.8162 -130.212  84.8782  -81.816  81.9696 -122.649  82.4917 -77.2922
 84.8268 -130.063   84.894 -81.6677  82.0252  -122.49  82.4558 -77.1322
 84.8313 -129.863  84.9049  -81.521   82.094 -122.375  82.4261 -77.0001
 84.8435 -129.716  84.9064 -81.3732  82.1611 -122.215  82.4192  -76.852
 84.8633 -129.616   84.929  -81.242  82.2321 -122.108  82.4337 -76.7083
 84.8876 -129.472  84.9383  -81.094  82.3019 -121.948  82.4593 -76.5665
  84.916  -129.34  84.9583 -80.9577  82.3712 -121.835  82.4878 -76.4243
 84.9506 -129.198  84.9602 -80.8223  82.4532 -121.676  82.5156 -76.2838
 84.9795 -129.068  84.9929 -80.6892  82.5156 -121.564  82.5424 -76.1446
  85.016 -128.925  85.0208 -80.5445  82.5988 -121.404    82.57 -76.0057
 85.0358 -128.777   85.084 -80.4399   82.676  -121.29  82.5933 -75.8663
 85.0611 -128.633  85.1369 -80.2913  82.7613 -121.123  82.6219 -75.7261
 85.0639 -128.466  85.2121 -80.1869  82.8326 -120.997  82.6323 -75.5871
 85.0777  -128.33  85.2791 -80.0395  82.9086 -120.844  82.6519 -75.4501
 85.0934 -128.168  85.3657 -79.9548  82.9685 -120.735  82.6648 -75.3128
 85.1002 -128.034  85.4518 -79.8128  83.0039 -120.593  82.6742 -75.1786
  85.073 -127.885  85.5205 -79.7146  83.0617 -120.468  82.6978 -75.0448
 85.0526 -127.754  85.5805 -79.5737  83.1053 -120.325  82.7368 -74.9096
 85.0595  -127.61  85.6499 -79.4786  83.1567 -120.193  82.7712 -74.7775
 85.0677 -127.482  85.7116   -79.34  83.1865 -120.063  82.8027 -74.6504
 85.1054 -127.349  85.8107  -79.285  83.2083 -119.936   82.832 -74.5211
 85.1449 -127.224  85.8809 -79.1491  83.2264  -119.81  82.8632 -74.3946
 85.1823 -127.093  85.9674 -79.0609  83.2524 -119.684  82.8864 -74.2713
 85.2044 -126.978  86.0347 -78.9381  83.2684 -119.559  82.9085 -74.1506
 85.2468 -126.854  86.0607 -78.8259  83.2885 -119.434  82.9376 -74.0277
 85.2762 -126.731  86.0802 -78.7057  83.3017 -119.317  82.9593   -73.91
 85.3208 -126.618  86.1018 -78.5894  83.3492 -119.205   82.977 -73.7909
  85.351 -126.502  86.1125 -78.4741  83.3895  -119.09  82.9963 -73.6755
 85.3762 -126.389  86.1352 -78.3638  83.4114 -118.982  83.0186 -73.5647
 85.3968 -126.282  86.1358 -78.2522    83.42 -118.873  83.0537 -73.4557
 85.4075  -126.17  86.1345 -78.1429  83.4264 -118.765  83.0814 -73.3489
 85.4057 -126.059  85.9902 -78.3057  83.4215 -118.663  83.1216 -73.2446
 85.3679 -126.003  85.8619 -78.1967  83.5088 -118.726  83.1477  -73.144
 85.3271 -125.896  85.7591 -78.2856  83.5775 -118.631  83.1693 -73.0439
 85.3237   -125.8  85.6776 -78.1878  83.6013 -118.529  83.1937 -72.9494
 85.3135 -125.698  85.6899 -78.1001  83.6157 -118.434  83.2081 -72.8537
 85.2446 -125.664  85.6814 -78.0112  83.6279 -118.317  83.2296 -72.7642
 85.1811 -125.568   85.786 -78.1339  83.6263 -118.228  83.2376  -72.674
 85.1506 -125.499  85.8521 -78.0464   83.614 -118.139  83.2411 -72.5845
 85.1193 -125.406  85.8763 -77.9607  83.6191 -118.048  83.2352 -72.4972
 85.0832 -125.348  85.8919 -77.8769  83.6149 -117.964  83.2439 -72.4145
 85.0466 -125.261  85.9007 -77.7934  83.6221 -118.056   83.241 -72.3317
 85.0474 -125.176  85.9077 -77.7132  83.6189 -117.974  83.2465 -72.2737
 85.0433 -125.097  85.8768 -77.6476  83.6061 -117.902  83.2389 -72.1944
  85.041     -125  85.8573 -77.5669    83.59 -117.824  83.2362 -72.1283
  85.049 -124.924  85.8155 -77.5006  83.5521 -117.782  83.2211 -72.0531
 85.0705 -124.851  85.7872 -77.4219   83.528 -117.708  83.2236 -71.9806
 85.0766 -124.779  85.7592 -77.3551  83.5186 -117.635  83.2155 -71.9099
 85.0749  -124.71  85.7405 -77.2821  83.5132 -117.565  83.2618 -71.8787
 85.0828 -124.646  85.7296 -77.2148  83.5149 -117.498  83.2915 -71.8053
 85.0919  -124.57  85.7266 -77.1473  83.5173 -117.431  83.3617 -71.7892
 85.1008 -124.523   85.718 -77.0808   83.523 -117.514  83.4189 -71.7129
 85.0988 -124.459  85.7096 -77.0147  83.5276 -117.449  83.4958 -71.7044
 85.1066 -124.396  85.7087 -76.9506  83.5304 -117.425  83.5606 -71.6317
 85.1045  -124.33  85.7103 -76.8849  83.5406 -117.363  83.6365 -71.6297
 85.1044  -124.27  85.7245 -76.8345  83.5409 -117.289  83.6992  -71.558
 85.1442  -124.25  85.7398 -76.7682  83.5472 -117.228  83.7691 -71.5546
 85.1843 -124.188  85.7822 -76.7318  83.5589 -117.169  83.8351 -71.4833
 85.1845 -124.128  85.8247 -76.6583  83.5755 -117.109  83.9046 -71.4769
 85.1827  -124.07  85.9064 -76.6389  83.6029  -117.01  83.9688 -71.4061
 85.1823 -124.008  85.9716  -76.563  83.6198 -116.953  84.0534 -71.4059
 85.1905 -123.951  86.0705 -76.5503  83.6377  -116.89  84.1331 -71.3322
 85.1799 -123.926  86.1554 -76.4703   83.646 -116.832  84.2302 -71.3415
 85.1785 -123.868  86.2698 -76.4658  83.6471 -116.772  84.3211 -71.2741
 85.1973  -123.74  86.3695 -76.3841  83.6357  -116.71  84.4039 -71.2689
 85.2193 -123.686  86.5007 -76.3826  83.6605 -116.629  84.4831 -71.2008
 85.2438  -123.63  86.6153 -76.2958  83.6737 -116.574  84.5634 -71.1956
 85.2592 -123.578  86.7569 -76.3035  83.7139 -116.511  84.6332 -71.1283
 85.3078 -123.456  86.8816 -76.2196  83.7196 -116.451  84.7152 -71.1134
 85.3477 -123.406   87.028  -76.231  83.7457 -116.386  84.7909 -71.0431
 85.3954 -123.317  87.1572 -76.1417  83.7094  -116.28  84.8749  -71.049
 85.4295 -123.262  87.3128 -76.1535  83.6929 -116.224  84.9499 -70.9816
 85.4584 -123.201  87.4418 -76.0632  83.6537 -116.133  85.0159 -70.9672
 85.4671 -123.147  87.5969 -76.0731  83.6278 -116.077  85.0668 -70.9027
 85.4685 -123.092  87.7289 -75.9815  83.6193 -116.021  85.1468 -70.8974
 85.4556 -123.058  87.8885 -76.0002  83.6242 -115.968  85.2073 -70.8343
 85.4518 -123.001  88.0179 -75.9143  83.6387 -115.917  85.2857 -70.8382
 85.4152  -123.01  88.1694  -75.925  83.6439 -115.865  85.3502 -70.7786
 85.3883 -122.956  88.2927 -75.8403  83.6599 -115.802  85.4199  -70.777
  85.304 -122.963  88.4437   -75.86  83.6682 -115.756  85.4789 -70.7229
 85.2482 -122.907  88.5577 -75.7848  83.6856 -115.712  85.5362 -70.7155
 85.1845 -122.917  88.7045 -75.8162  83.7016 -115.668  85.5784 -70.6694
 85.1326 -122.873  88.8226 -75.7496  83.7251 -115.631  85.6117 -70.6487
 85.1291 -122.835  88.9613  -75.781  83.7332 -115.594  85.6351 -70.6126
 85.1213 -122.797  89.0661 -75.7204  83.7396 -115.562  85.6632 -70.6102
 85.0694  -123.08  89.1918 -75.7511  83.8299 -115.626  85.6834 -70.5773
   85.02 -123.052  89.2894 -75.6949  83.8969 -115.589  85.7212 -70.6015
 85.0279 -123.028   89.415 -75.7308  83.9745 -115.615  85.7478 -70.5757
 85.0257 -123.007   89.506 -75.6856  84.0176  -115.59  85.8029  -70.625
   85.12 -123.431   89.623 -75.7303  84.0641 -115.605  85.8393 -70.6048
 85.1926 -123.412  89.7083 -75.6949  84.0932 -115.586   85.867 -70.6198
  85.256 -123.423  89.8119 -75.7369  84.1711 -115.653  85.8813 -70.6086
 85.2929 -123.412  89.8892 -75.7064  84.2235 -115.645   85.943 -70.7741
 85.3208 -123.416  89.9828 -75.7533  84.2391 -115.657  85.9897 -70.7696
 85.3294 -123.407  90.0582 -75.7323  84.2393 -115.656  86.0154 -70.7925
 85.3573 -123.413  90.1386 -75.7773  84.3217 -115.793  86.0273 -70.7924
 85.3753 -123.412  90.2024 -75.7651  84.3792  -115.79  86.0532 -70.8787
 85.3934 -123.422  90.2643 -75.8013  84.4434  -115.83  86.0622  -70.881
 85.4022  -123.42  90.3163 -75.7934  84.4819 -115.822  86.1103 -70.9453
 85.4124 -123.428  90.3887 -75.8413   84.551 -115.891  86.1438 -70.9467
  85.421 -123.433  90.4459 -75.8342  84.6011 -115.891  86.1943 -71.0131
 85.4229 -123.446  90.5134 -75.8804   84.673 -115.972  86.2338 -71.0213
 85.4264 -123.452  90.5685 -75.8771  84.7308 -115.981  86.2631 -71.0615
 85.4093 -123.449  90.6254 -75.9114  84.7541 -116.006  86.2837 -71.0726
 85.3991 -123.461  90.6776 -75.9109  84.7592 -116.018  86.2877 -71.0988
 85.3925 -123.473  90.7239 -75.9411  84.7599 -116.031   86.292 -71.1116
 85.3995 -123.486  90.7682 -75.9456  84.7498 -116.033  86.2936 -71.1232
 85.4042 -123.499  90.8026 -75.9708  84.7432 -116.049  86.2949 -71.1361
 85.4124 -123.511  90.8375 -75.9739  84.7382 -116.057  86.3037 -71.1981
 85.4202 -123.513  90.8607 -75.9935  84.7277 -116.061  86.3117 -71.2113
 85.4236 -123.522  90.8844 -76.0022  84.7344 -116.069  86.3205 -71.2119
 85.4764 -123.418   90.892  -76.012  84.7277 -116.072  86.3254 -71.2205
 85.5111 -123.428   90.895 -76.0205  84.7405 -116.077  86.3276 -71.2409
 85.5379 -123.406  90.9007 -76.0311  84.7386 -116.081  86.3339 -71.2485
 85.5566 -123.412  90.9037 -76.0364  84.7627 -116.067  86.3367 -71.2867
 85.5636 -123.417  90.8722 -75.9814   84.768 -116.068  86.3403  -71.292
 85.5726  -123.42  90.8432 -75.9866    84.79 -116.059  86.3555 -71.3133
 85.5774 -123.421  90.8161 -75.9687  84.7939 -116.056  86.3679 -71.3149
  85.593  -123.39   90.798 -75.9707  84.8153 -116.047  86.3677  -71.309
 85.5865 -123.388  90.7847 -75.9652  84.8194 -116.043  86.3689 -71.3078
 85.5947 -123.381  90.7777 -75.9645  84.8319 -116.034  86.3713 -71.3022
 85.5723 -123.361  90.7489 -75.9356  84.8135 -116.014  86.3759 -71.2975
 85.5735 -123.347  90.7255 -75.9346  84.8154 -116.001  86.3756 -71.2862
 85.5422 -123.325  90.7053 -75.9191   84.789 -115.982  86.3795 -71.2835
 85.5351 -123.322  90.6938 -75.9134  84.7774 -115.978  86.3942 -71.2739
 85.5048 -123.305   90.682 -75.8962  84.7422 -115.957  86.4117 -71.2696
 85.5024 -123.288  90.6795 -75.8856  84.7248 -115.953    86.43 -71.2491
 85.4898 -123.267  90.6813 -75.8724   84.696 -115.931  86.4453 -71.2405
 85.5028 -123.246  90.6859 -75.8585  84.6865 -115.923  86.4585 -71.2191
 85.5067 -123.231  90.6946 -75.8466  84.6673 -115.902  86.4746   -71.21
 85.5253 -123.214  90.7021 -75.8304  84.6604 -115.889  86.4896 -71.1857
 85.5307  -123.21  90.7133 -75.8176  84.6515 -115.867  86.5091  -71.176
  85.531 -123.197  90.7122 -75.8044  84.6576 -115.847  86.5257 -71.1482
 85.5268 -123.175  90.7233 -75.7929  84.6627 -115.831  86.5473 -71.1356
  85.527  -123.16  90.7172 -75.7778  84.6681 -115.814   86.564 -71.1247
 85.5337 -123.136  90.7189 -75.7652  84.6702 -115.796  86.5845 -71.1125
 85.5433 -123.121  90.6933 -75.8382  84.6777 -115.779  86.6076  -71.113
 85.5615 -123.128  90.6856 -75.8284  84.6995 -115.771  86.6305 -71.1029
   85.58 -123.115  90.6957 -75.8197  84.7155 -115.762  86.6631 -71.1126
 85.6222 -123.125  90.7076 -75.8116  84.7272 -115.754  86.6949 -71.1045
 85.6634 -123.114   90.713 -75.8052  84.7423 -115.743  86.7132 -71.1012
 85.6999 -123.122  90.7219 -75.8008   84.746 -115.736   86.733 -71.0924
  85.734 -123.112  90.7298 -75.7947  84.7602 -115.753  86.7602 -71.1074
 85.7781 -123.133  90.7531 -75.8014  84.7707 -115.751  86.7873 -71.1059
 85.8091 -123.124  90.7757    -75.8  84.7805 -115.749  86.7998 -71.1135
 85.8645 -123.154  90.7915 -75.8019   84.791  -115.75  86.8168  -71.116
 85.9107 -123.156  90.8111 -75.8047   84.805 -115.745  86.8217 -71.1155
 85.9368 -123.161  90.8318 -75.8156  84.8198  -115.75  86.8315 -71.1194
 85.9616 -123.167  90.8554 -75.8213  84.8331 -115.753  86.8424 -71.1239
 85.9794 -123.174  90.8639 -75.8264  84.8439 -115.758  86.8499   -71.13
 85.9865 -123.181  90.8749 -75.8324  84.8482 -115.765  86.8531 -71.1358
 85.9846 -123.199  90.8874 -75.8413  84.8615  -115.79   86.868 -71.1479
 85.9823 -123.209  90.8974 -75.8502  84.8725 -115.799  86.8726 -71.1609
 85.9991 -123.211  90.9044 -75.8601  84.8959  -115.82  86.8824  -71.171
 86.0093  -123.22  90.9131 -75.8696  84.9014  -115.83  86.8874 -71.1808
 86.0107 -123.228  90.9198 -75.8784  84.9019  -115.82    86.89 -71.1892
 86.0052 -123.237   90.928 -75.9277  84.8934  -115.83  86.8847 -71.2089
 86.0145 -123.228  90.9328 -75.9368   84.901 -115.801  86.8797 -71.2161
  86.014 -123.235   90.938 -75.9636  84.9009  -115.81  86.8644 -71.2499
 86.0443  -123.19  90.9393 -75.9719   84.891 -115.709  86.8482 -71.2553
 86.0608   -123.2  90.9453 -75.9869  84.8631 -115.715  86.8358 -71.2664
 86.0968 -123.159  90.9459 -75.9941  84.8625 -115.719  86.8186 -71.2727
  86.119 -123.168  90.9448 -75.9613  84.8572 -115.726  86.8239 -71.2789
 86.1592 -123.099  90.9414 -75.9658  84.8622 -115.727  86.8234 -71.2841
 86.1842 -123.106  90.9338 -75.9695  84.8475 -115.732   86.813 -71.1768
 86.2135 -123.084  90.9258 -75.9708  84.8369 -115.731  86.8048  -71.179
 86.2371 -123.086  90.9232 -75.9764  84.8153 -115.729  86.7981 -71.1801
 86.2633 -122.923  90.9192 -75.9749  84.8101 -115.731  86.7943 -71.1813
 86.2781 -122.923  90.9076 -75.9604  84.8037 -115.731  86.7817 -71.1832
 86.2686 -122.828  90.8867 -75.9584  84.7984 -115.729  86.7649 -71.1805
 86.2584 -122.823  90.8791 -75.9557   84.791 -115.726  86.7652 -71.1773
 86.2317 -122.793  90.8723 -75.9494  84.7854 -115.721  86.7681 -71.1718
 86.2091 -122.786  90.8673 -75.9422  84.7842 -115.664  86.7386 -71.0629
 86.1927 -122.768  90.8667 -75.9395  84.7878 -115.658  86.7169  -71.057
 86.1673 -122.759  90.8667 -75.9261  84.8132 -115.464  86.7136 -71.0499
 86.1644 -122.747  90.8663  -75.919  84.8366 -115.457  86.7109 -71.0405
 86.1673  -122.73  90.8671 -75.9026  84.8436 -115.447  86.7066 -71.0295
 86.1259 -122.678  90.8736 -75.8964  84.8503 -115.436   86.708 -71.0179
 86.0963 -122.669  90.8808 -75.8792  84.8511 -115.429  86.7137 -71.0564
 86.0795 -122.653  90.8961  -75.878  84.8554 -115.416  86.7226 -71.0444
  86.073 -122.642  90.9125 -75.8609  84.8539 -115.394  86.7366 -71.0564
 86.0664 -122.631  90.9396 -75.8643  84.8625 -115.381  86.7503  -71.044
 86.0651  -122.62  90.9659  -75.845  84.8628 -115.378  86.7755 -71.0537
  86.056 -122.517  91.0056 -75.8548  84.8613 -115.366  86.7986 -71.0401
  86.053 -122.508  91.0396 -75.8344  84.8726 -115.358  86.8296 -71.0489
 86.0605   -122.5  91.0896 -75.8546  84.8838 -115.348  86.8565 -71.0322
 86.0755  -122.49  91.1363 -75.8352  84.9044  -115.34  86.9017 -71.0517
 86.0864 -122.496  91.2032 -75.8617  84.9218 -115.335  86.9395 -71.0362
 86.0995 -122.487  91.2614   -75.84   84.935 -115.328   87.003 -71.0707
 86.1172 -122.486  91.3414 -75.8707   84.949 -115.325  87.0592 -71.0583
 86.1388 -122.479  91.4118 -75.8461  84.9619  -115.32   87.117 -71.0772
 86.1596 -122.489   91.504  -75.883  84.9698 -115.323  87.1679  -71.062
 86.1798 -122.486  91.5804 -75.8593  84.9812 -115.322  87.2338 -71.0933
 86.2012 -122.486   91.682 -75.8951  84.9942 -115.319  87.2887 -71.0811
 86.2067 -122.485  91.7672 -75.8678  85.0038 -115.317  87.3656 -71.1151
 86.2121 -122.484  91.8728 -75.9078  85.0165 -115.316  87.4325 -71.1019
 86.2136 -122.485  91.9613 -75.8822  85.0303 -115.315  87.5095 -71.1427
 86.2151 -122.487  92.0695 -75.9214  85.0467 -115.326  87.5752 -71.1304
 86.2284 -122.428  92.1623 -75.8985  85.0618 -115.326  87.6533 -71.1764
 86.2385  -122.43  92.2731 -75.9412  85.0805 -115.344  87.7197  -71.165
 86.2492 -122.426  92.3666  -75.914  85.0964 -115.343  87.8003  -71.203
 86.2572 -122.429  92.4756 -75.9561   85.119 -115.346  87.8707 -71.1902
 86.2713 -122.411  92.5678 -75.9336  85.1376 -115.351  87.9514 -71.2356
 86.2794 -122.416  92.6725 -75.9755  85.1554 -115.355  88.0164 -71.2278
 86.2831 -122.418  92.7627 -75.9539  85.1644 -115.358  88.0917 -71.2727
 86.2908 -122.424   92.862 -75.9952  85.1731 -115.362  88.1555 -71.2698
 86.2832 -122.415  92.9478 -75.9776  85.1816 -115.372  88.2081 -71.2959
 86.2837  -122.42  93.0417 -76.0147  85.1894 -115.369  88.2538 -71.2944
 86.2573 -122.393  93.1226 -75.9944  85.1898  -115.37  88.2987 -71.3162
 86.2372 -122.404  93.2099 -76.0274  85.1859 -115.383  88.3366 -71.3144
 86.1927 -122.384  93.2844  -76.012  85.1751 -115.376  88.3681 -71.3351
  86.153  -122.39  93.3622 -76.0397  85.1661 -115.391  88.3929 -71.3367
 86.1341 -122.374  93.4264 -76.0227  85.1505 -115.388  88.4093 -71.3464
 86.1199 -122.383  93.4935 -76.0468  85.1355 -115.402  88.4205 -71.3503
 86.0623 -122.307  93.5468 -76.0362   85.116 -115.393  88.4363 -71.3538
 86.0142 -122.317  93.6019 -76.0592  85.0986 -115.398   88.444  -71.358
 85.9762 -122.296  93.6419 -76.0484  85.0794 -115.399  88.4553 -71.3602
 85.9407 -122.311  93.6829 -76.0643  85.0891 -115.402  88.4604 -71.3617
 85.8845 -122.275  93.7102 -76.0608  85.0992 -115.404  88.4673 -71.3728
 85.8358 -122.291  93.7372 -76.0719  85.0997 -115.406  88.4676 -71.3739
 85.7618 -122.247  93.7524 -76.0671  85.1135 -115.309  88.4696 -71.3803
 85.7004  -122.26  93.7717 -76.0748  85.1189  -115.31  88.4679 -71.3797
 85.6198 -122.224  93.7803 -76.0726  85.1437 -115.191  88.4671 -71.3941
 85.5513 -122.236  93.7946 -76.0828  85.1531  -115.19  88.4632  -71.392
 85.4681 -122.198  93.8011 -76.0806  85.1692 -115.199  88.4594 -71.3901
 85.3977 -122.218  93.8078 -76.0859  85.1759 -115.198  88.4542 -71.3874
 85.3127 -122.176  93.8099 -76.0813  85.1671 -115.195  88.4564 -71.3825
 85.2394 -122.192  93.8204 -76.1172  85.1561 -115.192  88.4569 -71.3786
 85.1531 -122.154  93.8282 -76.1105  85.1347 -115.169  88.4519 -71.3913
 85.0816 -122.166   93.853 -76.1487  85.1087 -115.161  88.4477 -71.3853
 84.9995 -122.131  93.8725 -76.1409  85.1075 -115.154  88.4399 -71.3994
 84.9304 -122.143  93.8906 -76.1621  85.0903 -115.155  88.4333 -71.3935
 84.8557 -122.106  93.9023 -76.1527  85.0924  -115.15  88.4344 -71.4016
 84.7892 -122.115  93.9313 -76.1814  85.0701 -115.141  88.4389 -71.3955
 84.7287 -122.078  93.9573 -76.1691  85.0732  -115.13   88.432 -71.4334
 84.6746 -122.093  94.0016 -76.2011  85.0698 -115.128  88.4297  -71.427
 84.6284 -122.073   94.042 -76.1885  85.0898 -115.098  88.4284 -71.5037
 84.5921 -122.072  94.0946  -76.228  85.1058 -115.098  88.4324 -71.4983
 84.5672 -122.061  94.1413 -76.2159  85.1285 -115.053  88.4343 -71.5707
 84.5449 -122.064  94.1959 -76.2597   85.152 -115.054  88.4445 -71.5671
  84.535 -122.059  94.2457 -76.2506  85.1755 -115.029  88.4482 -71.5648
  84.541 -122.051  94.2816 -76.2855  85.2025 -115.027  88.4608 -71.5613
  84.556  -122.05  94.3177   -76.28  85.2254 -115.018  88.4669 -71.5825
 84.5735  -122.04  94.3416 -76.2971  85.2513 -115.017  88.4802 -71.5792
 84.5935 -122.039  94.3701 -76.2934  85.2806  -115.01  88.5057 -71.6223
 84.6028 -122.036  94.3953 -76.3184  85.3114 -115.008  88.5259 -71.6189
 84.6224 -122.045  94.4234 -76.3178  85.3241 -115.014  88.5542 -71.6377
 84.6519 -122.028  94.4433 -76.3263   85.341 -115.016  88.5855 -71.6334
 84.6821 -122.039  94.4617 -76.3263  85.3589 -115.008  88.6328 -71.6628
 84.7251  -122.03  94.4888 -76.3476  85.3802  -115.01  88.6795  -71.659
 84.7624 -122.045  94.5148 -76.3473  85.4025 -115.015  88.7274 -71.6864
 84.8141 -122.032  94.5491 -76.3823  85.4214 -115.018  88.7747 -71.6827
 84.8664 -122.056  94.5836 -76.3832  85.4417 -115.027  88.8212  -71.715
 84.9209 -122.046  94.6114 -76.4006  85.4649 -115.033  88.8658 -71.7124
  84.978 -122.063  94.6383 -76.4024  85.4783 -115.037  88.9157 -71.7448
  85.033 -122.044  94.6659 -76.4172  85.4953 -115.044  88.9622 -71.7447
 85.0823 -122.062  94.6858 -76.4202  85.4915 -115.048  89.0007 -71.7701
 85.1307 -122.055  94.7051  -76.431  85.4889 -115.055  89.0364 -71.7761
 85.1747 -122.075  94.7184  -76.437  85.5025 -115.011  89.0549 -71.7842
