 8.30593e-26 -2.16259e-24  8.30593e-26 -2.15782e-24  8.00911e-26 -2.16259e-24  8.00911e-26 -2.15782e-24
 0.000697452 -0.000599262  0.000702288 -0.000405638  0.000573121 -0.000621666  0.000580248 -0.000424993
  0.00199379  -0.00101365   0.00200375 -0.000605132   0.00173484  -0.00110027   0.00174946 -0.000680872
 0.00355548 -0.00173679  0.00357168 -0.00107178  0.00313335 -0.00189814  0.00315709 -0.00121415
 0.00535818 -0.00247495  0.00537967 -0.00158872  0.00479149 -0.00272877  0.00482323 -0.00180899
 0.00735588 -0.00372343  0.00738381    -0.00257  0.00660984 -0.00407207  0.00665149  -0.0028708
 0.00955736  -0.0049283  0.00959292 -0.00345124  0.00859666 -0.00537201  0.00864934 -0.00383828
  0.0120181 -0.00596421   0.0120621 -0.00412629     0.01082 -0.00651264   0.0108846 -0.00460713
  0.0144489 -0.00680232   0.0145001   -0.004646   0.0130378 -0.00744439   0.0131119 -0.00521883
   0.017122 -0.00745229   0.0171806 -0.00496687   0.0154879 -0.00820362   0.0155718 -0.00564355
  0.0198487 -0.00796451   0.0199155 -0.00511635   0.0179721 -0.00882767   0.0180669 -0.00590107
  0.0228302 -0.00840172    0.022906  -0.0051578   0.0206915 -0.00938757   0.0207983 -0.00605929
  0.0256537 -0.00847303    0.025739 -0.00483655   0.0232823 -0.00954367   0.0233989 -0.00587728
  0.0286626 -0.00811015   0.0287578 -0.00404867   0.0260417  -0.0092743   0.0261692 -0.00523911
  0.0315938 -0.00762041   0.0316977 -0.00316908    0.028754 -0.00884689   0.0288903 -0.00451233
  0.0346016 -0.00688038   0.0347135  -0.0020347   0.0315451 -0.00817266   0.0316903 -0.00355457
   0.0373694  -0.00586409    0.0374875 -0.000684728    0.0341388  -0.00717572    0.0342906  -0.00238534
   0.040422 -0.00454108   0.0405466  0.00102404   0.0369822 -0.00588867   0.0371435 -0.00087369
  0.0429569 -0.00281821   0.0430858  0.00310131   0.0393436  -0.0041855   0.0395143 0.000979271
   0.0454251 -0.000998898    0.0455562   0.00527041    0.0416668  -0.00235552    0.0418466   0.00293294
   0.0477875  0.000881991    0.0479189   0.00757365    0.0438736 -0.000421416    0.0440641    0.0049686
 0.0500557 0.00266479  0.0501835 0.00978376  0.0460247 0.00146687  0.0462243 0.00691296
 0.0523237 0.00442604   0.052445   0.012066  0.0481466 0.00338018  0.0483585 0.00883128
 0.0539455 0.00637362  0.0540527  0.0144642  0.0497104 0.00555043  0.0499336  0.0108443
0.0559545 0.0084654  0.056044 0.0171211 0.0516053 0.0078951 0.0518459 0.0130326
0.0576172 0.0107944 0.0576834 0.0199588  0.053188 0.0105009  0.053449 0.0154002
0.0589581 0.0135338 0.0589918 0.0231998  0.054478 0.0135623 0.0547636 0.0181741
0.0601542 0.0164483 0.0601489 0.0265735 0.0556449 0.0167951 0.0559589 0.0210726
0.0610421 0.0196085 0.0609875 0.0302693 0.0564824 0.0202675 0.0568328 0.0242291
0.0616187 0.0228856 0.0615036 0.0340149 0.0570657 0.0238814 0.0574548 0.0274463
0.0620433 0.0262322 0.0618561 0.0379204 0.0574668 0.0275244 0.0578961 0.0308209
0.0626435 0.0292455  0.062385 0.0414876  0.058015 0.0307505 0.0584846 0.0338288
0.0623558 0.0328982 0.0620126  0.045518 0.0577466  0.034362 0.0582438 0.0374313
0.0614738 0.0364176  0.061045 0.0492909 0.0569025 0.0377305 0.0574243 0.0408276
 0.060241 0.0399734 0.0597246 0.0529483 0.0557539 0.0410527 0.0562956 0.0441676
0.0587197 0.0429768 0.0581198  0.055915 0.0543647 0.0438654 0.0549269  0.046855
0.0575852 0.0456281 0.0569007 0.0586643 0.0533085 0.0462815 0.0538848  0.049268
0.0555149 0.0481052 0.0547491 0.0609711 0.0514038 0.0484656 0.0519943 0.0513509
0.0532371 0.0503745  0.052409  0.062784  0.049373 0.0504321   0.04997 0.0531269
0.0509696 0.0521309 0.0500912 0.0640319 0.0473694 0.0518589 0.0479659 0.0543647
0.0490729 0.0535669  0.048154 0.0649892  0.045721 0.0529904 0.0463157 0.0552978
0.0469214 0.0547434 0.0459666 0.0655968 0.0438572 0.0538739 0.0444448 0.0559566
0.0451547 0.0554401  0.044176 0.0657787 0.0423497 0.0543317 0.0429374 0.0561349
0.0427889 0.0558724 0.0417741 0.0654997 0.0403605 0.0547031 0.0409372 0.0560737
0.0399344 0.0565291 0.0389261  0.064948  0.038016 0.0553614  0.038584 0.0560837
0.0367849 0.0569814 0.0357866 0.0640675 0.0354371 0.0558665 0.0359833 0.0559082
0.0343103 0.0566091 0.0333279 0.0625989 0.0334488  0.055563 0.0339693 0.0549953
0.0321146 0.0554395 0.0311657 0.0604139 0.0316994 0.0544439 0.0321962 0.0532782
 0.030919 0.0531995 0.0300166  0.057439 0.0308433 0.0522827 0.0313125 0.0505917
0.0307537 0.0498536  0.029912  0.053768 0.0308494 0.0489418 0.0312879  0.046932
0.0311031 0.0459434 0.0303283 0.0496916 0.0313144 0.0450163 0.0317131 0.0427717
0.0327508 0.0413795 0.0320531 0.0452876 0.0329606 0.0403995  0.033317 0.0380141
   0.0349 0.0363638 0.0342848 0.0405688 0.0350535  0.035324  0.035369 0.0328091
0.0378509 0.0307432 0.0373195 0.0355134 0.0378573 0.0295991  0.038121 0.0270915
0.0406346 0.0249717 0.0401885 0.0302452 0.0405262 0.0237732 0.0407348 0.0212457
0.0442174 0.0189443 0.0438569 0.0249787 0.0438977 0.0176393 0.0440501 0.0152036
 0.0475496  0.0131026   0.047275  0.0197633  0.0470685  0.0117675  0.0471683 0.00929802
 0.0511015 0.00740942  0.0509078  0.0147779  0.0504483 0.00605994  0.0504954 0.00358414
  0.0548215  0.00178313   0.0547063  0.00995193    0.053954 0.000442519   0.0539483 -0.00205553
  0.0587619 -0.00340793   0.0587173  0.00556225   0.0576492 -0.00485079   0.0575925 -0.00726793
  0.0630999 -0.00856278   0.0631213  0.00139552   0.0616924  -0.0100429   0.0615833  -0.0123686
  0.0672471  -0.0134539   0.0673287 -0.00248193   0.0655256  -0.0150847   0.0653676  -0.0171715
  0.0718687  -0.0180195   0.0720009 -0.00596808   0.0697808  -0.0197964    0.069573  -0.0216749
  0.0763567  -0.0221829   0.0765352 -0.00896801   0.0739336  -0.0239847   0.0736778  -0.0257146
 0.0810021 -0.0257508  0.0812149 -0.0113842  0.0782327 -0.0276679  0.0779337 -0.0292121
  0.084809 -0.0279367  0.0850372 -0.0127044  0.0817862  -0.029927  0.0814603 -0.0313089
 0.0885084 -0.0289546  0.0887321 -0.0128807  0.0852401 -0.0310213  0.0848907  -0.032374
 0.0912253 -0.0286324  0.0914302 -0.0120172  0.0878427  -0.030726  0.0874895  -0.032078
 0.0937749 -0.0277236  0.0939554 -0.0105033  0.0903185 -0.0297214  0.0899659 -0.0311594
   0.095845  -0.0257878   0.0959836 -0.00821069   0.0923507  -0.0278314   0.0920131  -0.0292691
   0.098148  -0.0232643   0.0982311 -0.00523425   0.0945764  -0.0252213   0.0942454  -0.0269339
  0.0996849  -0.0200347   0.0997084 -0.00191303   0.0961633  -0.0219197   0.0958574  -0.0238315
 0.0999961 -0.0157725  0.0999476 0.00201683  0.0965801 -0.0178735   0.096312 -0.0199069
 0.0997664 -0.0110995  0.0996458  0.0063043  0.0965144 -0.0131296  0.0962849 -0.0156025
  0.0996517 -0.00614426   0.0994511   0.0111313   0.0965204  -0.0082009   0.0963383  -0.0107977
   0.100001 -0.00107259   0.0997145   0.0161488   0.0969277 -0.00323399    0.096791 -0.00590106
   0.0995895   0.00426186    0.0992145     0.021399    0.0966391   0.00217388    0.0965536 -0.000777753
 0.0996003 0.00918803  0.0991348  0.0264549  0.0967241 0.00719954  0.0966857 0.00405851
 0.0990603  0.0143097  0.0985072  0.0314223  0.0962753  0.0123014  0.0962877 0.00894347
0.0982623 0.0194438 0.0976251 0.0362837 0.0956015 0.0174096 0.0956689 0.0137192
0.0975192 0.0244841 0.0968111 0.0408398 0.0949573 0.0222257 0.0950741 0.0184421
0.0962378 0.0293545 0.0954616 0.0452137 0.0938517 0.0269495 0.0940222 0.0229302
0.0953004 0.0338471 0.0944716 0.0491369 0.0930788 0.0312518 0.0932917 0.0271903
0.0938943 0.0382188 0.0930156 0.0529067 0.0919023 0.0354906 0.0921568 0.0313667
0.0925924 0.0421832 0.0916636 0.0563987 0.0908153 0.0395381 0.0911161  0.035183
0.0918829 0.0454779 0.0909071 0.0594095 0.0902682 0.0430321 0.0906063 0.0384953
0.0902795 0.0485045 0.0892709 0.0619158  0.088875 0.0465153 0.0892645 0.0415899
 0.089491 0.0507411 0.0884559 0.0638411  0.088228 0.0488418 0.0886379  0.043867
 0.088881 0.0523547 0.0878267  0.065238   0.08768 0.0505779 0.0881142 0.0454488
0.0879342 0.0539372 0.0868645 0.0665197 0.0868379 0.0521551 0.0872832 0.0470524
0.0875457 0.0551713 0.0864735 0.0674865 0.0864811 0.0534705 0.0869449 0.0482554
0.0872782 0.0555989 0.0862104 0.0677177 0.0862547 0.0539792 0.0867263 0.0486696
0.0878473 0.0549915 0.0867915 0.0671453 0.0867421 0.0536053 0.0872139 0.0481784
0.0885719 0.0538983 0.0875382 0.0660917 0.0873579 0.0522516 0.0878047 0.0469416
0.0898986  0.051549 0.0888574 0.0643603 0.0885009 0.0499602 0.0889019  0.044881
0.0914715 0.0488418 0.0904433 0.0621487 0.0898344 0.0469503 0.0901808 0.0421242
0.0936737 0.0451242 0.0926393 0.0593941 0.0917317 0.0433693  0.092018 0.0386839
0.0946141 0.0414965 0.0936171 0.0560302 0.0924878 0.0395712 0.0927082 0.0351598
0.0963038 0.0369944 0.0953445  0.051992 0.0939108 0.0348636 0.0940453 0.0308331
0.0984402 0.0317343 0.0975021 0.0476205 0.0957483 0.0293917 0.0957756 0.0260516
 0.101503 0.0256835  0.100582 0.0427321 0.0983772 0.0230693 0.0982882 0.0202214
  0.10419 0.0193331    0.1033 0.0373838  0.100688 0.0163971  0.100479 0.0141992
  0.108195  0.0121632   0.107325  0.0315158   0.104133 0.00874791   0.103778 0.00717949
   0.111987  0.00501647    0.111146   0.0255092    0.107459  0.00116891    0.106966 0.000109595
   0.115628 -0.00227632    0.114813   0.0192319    0.110607 -0.00661138    0.109966 -0.00721553
   0.119415 -0.00971404    0.118612    0.013119    0.113848  -0.0144164    0.113049  -0.0144944
  0.123188 -0.0167668   0.122384 0.00740658    0.11706 -0.0221801   0.116097 -0.0217547
  0.127175 -0.0239331   0.126369 0.00159999   0.120496 -0.0298809   0.119364 -0.0289148
  0.130687 -0.0310421   0.129898 -0.0041708    0.12359 -0.0373326   0.122311 -0.0358019
   0.132976  -0.0377931    0.132208 -0.00985747    0.125506  -0.0444111    0.124088   -0.042336
  0.135049 -0.0438085   0.134292 -0.0150357   0.127238  -0.051034   0.125704 -0.0482114
  0.136823 -0.0495031   0.136075 -0.0196124   0.128671 -0.0572349   0.127014 -0.0538005
  0.136598 -0.0542224   0.135886 -0.0236702   0.128306 -0.0622102   0.126554  -0.058519
  0.135844 -0.0587037    0.13518  -0.027369   0.127458 -0.0666802   0.125613 -0.0628295
  0.133918 -0.0620222   0.133293 -0.0309735   0.125569 -0.0702275   0.123669 -0.0662893
  0.133942 -0.0653092   0.133301 -0.0344566   0.125455 -0.0738095   0.123468 -0.0696246
  0.132392 -0.0677819   0.131745 -0.0375236   0.123921 -0.0761443   0.121841 -0.0722496
  0.132471 -0.0709824   0.131842 -0.0401743   0.123966 -0.0787308   0.121758  -0.075211
  0.130493 -0.0729272   0.129869 -0.0425688   0.122053 -0.0806101   0.119777 -0.0772407
  0.128638  -0.074711   0.128049 -0.0443335   0.120318  -0.082034   0.117993 -0.0787494
  0.126175 -0.0755459   0.125605 -0.0454696    0.11798 -0.0828843   0.115622 -0.0796933
  0.124033 -0.0757162   0.123471 -0.0459768   0.116004 -0.0827279   0.113607 -0.0798656
  0.121792 -0.0744402   0.121197 -0.0453475   0.113875 -0.0817449   0.111476  -0.078941
  0.119322 -0.0724484   0.118729  -0.043948    0.11168 -0.0794719   0.109337 -0.0767211
  0.117949 -0.0700429   0.117291 -0.0418956   0.110375 -0.0770933   0.108034 -0.0743338
    0.1151 -0.0667743   0.114395 -0.0395267   0.107751 -0.0735763   0.105456 -0.0709045
  0.114367 -0.0639022   0.113578 -0.0368141   0.107038 -0.0707462   0.104747 -0.0679497
  0.112167 -0.0604401   0.111324 -0.0339208   0.104999 -0.0671242    0.10275 -0.0643586
  0.110833 -0.0571787   0.109919 -0.0308994   0.103723 -0.0640449   0.101507 -0.0610556
  0.110666  -0.054456   0.109672 -0.0279891    0.10354 -0.0613921   0.101331 -0.0581156
  0.110857 -0.0514054   0.109757 -0.0249095   0.103678 -0.0585984   0.101475 -0.0549285
  0.109854 -0.0476546   0.108654 -0.0211987   0.102657 -0.0551284   0.100462 -0.0512504
  0.109167 -0.0437033   0.107841 -0.0173704   0.101904 -0.0514801  0.0996899 -0.0475252
  0.109088 -0.0399407   0.107611 -0.0136822    0.10165 -0.0483966  0.0994172 -0.0438487
   0.110269  -0.0364225    0.108629 -0.00981701    0.102612   -0.045214    0.100328  -0.0402171
   0.111349  -0.0322959    0.109515 -0.00533297    0.103398  -0.0419556    0.101039  -0.0365856
   0.112281   -0.028552    0.110274 -0.00100682    0.104096  -0.0384366    0.101661  -0.0328569
  0.113756 -0.0254151   0.111576 0.00280042   0.105301  -0.035912   0.102799 -0.0296315
  0.115443 -0.0232977   0.113088 0.00638993   0.106684 -0.0340234   0.104079 -0.0272357
  0.116633 -0.0210398   0.114099 0.00936252   0.107566 -0.0325767   0.104864 -0.0250358
   0.11801 -0.0196873   0.115324   0.011478   0.108685 -0.0314309   0.105871 -0.0236318
  0.119624 -0.0191659   0.116778  0.0125949   0.109979 -0.0317535    0.10703 -0.0234725
  0.121252 -0.0199867   0.118266  0.0123304    0.11128   -0.03307   0.108169 -0.0245165
  0.122715 -0.0218831   0.119612  0.0110316   0.112444 -0.0357454   0.109174 -0.0266961
  0.122885 -0.0246681   0.119736 0.00856842   0.112492  -0.038406   0.109091 -0.0293731
   0.12304 -0.0279843    0.11984 0.00525682   0.112495 -0.0422092   0.108949 -0.0330383
  0.123823 -0.0325915   0.120619 0.00110362   0.113216 -0.0467144   0.109538 -0.0374438
   0.124083  -0.0367512    0.120854 -0.00296803    0.113379  -0.0512238    0.109558  -0.0418603
   0.125626  -0.0421234     0.12237 -0.00787672    0.114775  -0.0568539    0.110782  -0.0473143
  0.126389 -0.0473185   0.123108  -0.012917   0.115411 -0.0627382   0.111254 -0.0530715
  0.126181 -0.0535746   0.122965  -0.019083   0.115279 -0.0687095   0.111009 -0.0590478
  0.124746 -0.0591895   0.121613 -0.0251381    0.11399 -0.0743709   0.109642 -0.0648285
  0.124254 -0.0653877   0.121189  -0.031822   0.113607 -0.0808125   0.109172 -0.0712738
  0.122601 -0.0717524   0.119652 -0.0387807   0.112174 -0.0870308   0.107673 -0.0777425
  0.121579 -0.0785755   0.118719 -0.0462812   0.111321 -0.0938706    0.10672 -0.0849105
  0.120272 -0.0858539    0.11754 -0.0544993    0.11028   -0.10099   0.105654 -0.0920863
   0.12107 -0.0935816   0.118417 -0.0619494   0.111103   -0.10912   0.106376  -0.100031
  0.120673  -0.101001   0.118164 -0.0695114    0.11092  -0.116343   0.106178  -0.107113
  0.120435  -0.107838   0.118052 -0.0763141   0.110831  -0.123272    0.10605  -0.113979
  0.119397  -0.113981   0.117095 -0.0829181   0.109883  -0.129924    0.10505  -0.120674
  0.119334  -0.120108   0.117092 -0.0893296   0.109921   -0.13626   0.104998  -0.127186
  0.118797  -0.125639   0.116652 -0.0950646   0.109542  -0.141829   0.104523  -0.133201
 0.118452 -0.130705  0.116425 -0.100306  0.109354 -0.147081   0.10434 -0.138498
 0.117405 -0.135017  0.115458 -0.105029  0.108484 -0.151389  0.103406 -0.143185
 0.116085 -0.138705  0.114202  -0.10925  0.107333 -0.155104  0.102227 -0.147111
 0.114669 -0.141712  0.112844 -0.112712  0.106067 -0.158187  0.100967 -0.150215
 0.112394 -0.144154  0.110601 -0.115907  0.103935 -0.160772 0.0987805 -0.153154
 0.112478   -0.1471  0.110631 -0.118985  0.103996 -0.164119 0.0987054 -0.156604
 0.111028 -0.149454  0.109213 -0.121625  0.102701 -0.166309 0.0972759 -0.159299
 0.112182 -0.150639  0.110192 -0.122818  0.103691 -0.168268 0.0980703 -0.161299
 0.112523 -0.150888  0.110389 -0.123194  0.103986 -0.168891 0.0981428 -0.162335
 0.112631 -0.150512  0.110463 -0.122496  0.104237 -0.168081 0.0981391  -0.16238
 0.111809 -0.148836  0.109616 -0.121149  0.103578 -0.166265 0.0975061 -0.160676
 0.111863 -0.146152  0.109602 -0.118348  0.103731 -0.163494 0.0975239 -0.158507
 0.110466 -0.142359  0.108172 -0.115009  0.102542 -0.159398  0.096378 -0.154708
 0.109234 -0.137174   0.10685 -0.110481  0.101446 -0.154278 0.0953234  -0.14996
 0.106754 -0.130799  0.104335 -0.105074 0.0992549 -0.147439 0.0932748 -0.143498
   0.10589  -0.124473    0.10336 -0.0994496  0.0985274  -0.141109  0.0926182  -0.137546
  0.104095  -0.117564   0.101484 -0.0938014  0.0969191  -0.134258  0.0912529  -0.130649
  0.103341  -0.111241     0.1006 -0.0884672   0.096279  -0.128061  0.0907606  -0.124448
  0.102078  -0.105771  0.0993204 -0.0835993  0.0952215  -0.122334  0.0898316  -0.119002
  0.102024  -0.101321  0.0992241 -0.0794298   0.095289  -0.117789  0.0900226  -0.114392
  0.102816 -0.0975435  0.0999174 -0.0756659  0.0961253  -0.113994  0.0908515  -0.110745
  0.103709  -0.094432   0.100737 -0.0726169  0.0970863  -0.110813  0.0918248  -0.107715
  0.104414  -0.091258   0.101307 -0.0700329  0.0977757  -0.108145  0.0925388  -0.104965
  0.104722 -0.0895932   0.101627 -0.0682964  0.0982193  -0.106186   0.093041  -0.103024
  0.105701 -0.0883325   0.102546 -0.0670696  0.0992225  -0.105179  0.0940345  -0.102042
  0.105379 -0.0869962   0.102257 -0.0658049  0.0990702  -0.103446  0.0939394  -0.100447
  0.104445 -0.0858448   0.101369 -0.0651049  0.0983057  -0.102181  0.0932864 -0.0991582
  0.103097  -0.085102   0.100117 -0.0648733  0.0972056  -0.100978     0.0923 -0.0982392
  0.101032 -0.0841764  0.0981749 -0.0646892  0.0953903 -0.0998265  0.0906302 -0.0974293
  0.099999 -0.0830255  0.0972069 -0.0640184  0.0945473 -0.0984476  0.0898899 -0.0962496
 0.0983117 -0.0809243  0.0955882 -0.0626527  0.0930958 -0.0959015  0.0885523 -0.0940999
 0.0980047  -0.078484  0.0952845 -0.0607064  0.0929133 -0.0934419  0.0884686  -0.091699
 0.0960725 -0.0760139  0.0934379 -0.0589562  0.0912338 -0.0904021  0.0869226 -0.0890647
 0.0946579 -0.0739198  0.0920919  -0.057484  0.0900336 -0.0878831  0.0858516 -0.0867786
 0.0926109 -0.0725906  0.0901599  -0.056625  0.0881923 -0.0862489  0.0841636 -0.0852419
 0.0909565 -0.0716981  0.0885915 -0.0564063  0.0867396 -0.0850052  0.0828444 -0.0841222
  0.090191 -0.0713543  0.0879082 -0.0563012  0.0861223 -0.0844391  0.0823396 -0.0835315
  0.089287 -0.0713516  0.0870489 -0.0568804  0.0853562 -0.0842284  0.0816542 -0.0833879
  0.088782   -0.07138  0.0865543  -0.057232  0.0849024 -0.0844362  0.0812333 -0.0836008
 0.0879902  -0.071751  0.0858088 -0.0578771  0.0842133 -0.0846801  0.0806018 -0.0838415
 0.0870272 -0.0722245  0.0849409 -0.0586165  0.0833807 -0.0849986     0.0799   -0.08397
 0.0856096 -0.0729387  0.0836375 -0.0596741  0.0821397  -0.085262  0.0787645 -0.0843515
 0.0845441 -0.0735866  0.0826554 -0.0607648  0.0812084 -0.0856965  0.0779341 -0.0848237
 0.0835188 -0.0742252  0.0817428 -0.0616521  0.0803312 -0.0860142  0.0771684  -0.085197
 0.0823961 -0.0746275  0.0807421 -0.0624928  0.0794027 -0.0858168  0.0763871 -0.0850468
  0.082133 -0.0750255  0.0805399 -0.0633991  0.0792659 -0.0859489  0.0763679 -0.0851355
 0.0813713  -0.074993  0.0798565 -0.0638635  0.0786553 -0.0855096   0.075863 -0.0848595
 0.0793454 -0.0751536   0.077978 -0.0648813  0.0768424 -0.0850801  0.0742803 -0.0843701
 0.0776198 -0.0760069  0.0764232 -0.0662569  0.0753387  -0.085188  0.0729429 -0.0847286
 0.0753051 -0.0772001  0.0743228 -0.0680047  0.0732859 -0.0854002  0.0711212 -0.0850065
 0.0734149 -0.0780676  0.0725766  -0.069321  0.0715778 -0.0856284  0.0695416  -0.085475
 0.0724222 -0.0793399  0.0717237 -0.0707537   0.070735 -0.0863595  0.0688261 -0.0862427
 0.0725215 -0.0809086  0.0719147 -0.0722582   0.070894 -0.0878185  0.0690746 -0.0875525
 0.0725411 -0.0830099  0.0720278 -0.0743794  0.0710156  -0.089534  0.0692862 -0.0891455
 0.0727503 -0.0860744  0.0723346 -0.0774001  0.0712962 -0.0923765  0.0696528 -0.0917959
 0.0715516 -0.0894981  0.0712593 -0.0809855  0.0702213 -0.0953007  0.0686437 -0.0948039
 0.0707712 -0.0933394  0.0705814 -0.0847401  0.0694786 -0.0990692  0.0678982 -0.0986879
 0.0692004 -0.0973219  0.0691202   -0.08903  0.0679764  -0.102845  0.0664638  -0.102484
0.0684947 -0.101512 0.0684317 -0.093378 0.0672632 -0.107161  0.065673 -0.107003
0.0671167 -0.106075  0.067153 -0.098084 0.0659097 -0.111691 0.0643358 -0.111576
0.0655661 -0.111683 0.0657071 -0.103864 0.0643887 -0.117228  0.062788 -0.117287
0.0652253 -0.118386 0.0654644 -0.110361 0.0639929  -0.12423 0.0623425 -0.124224
0.0644714 -0.124409 0.0647566 -0.116525 0.0631844  -0.13052 0.0615004 -0.130479
 0.063392 -0.130502 0.0638577 -0.122571 0.0621575  -0.13639 0.0605153 -0.136346
0.0613482 -0.136414 0.0619827 -0.128816 0.0602084 -0.141866   0.05862 -0.141963
0.0596161 -0.142897  0.060452 -0.135509 0.0586181  -0.14776 0.0570819 -0.147999
0.0581094 -0.149686 0.0591174 -0.142514 0.0571934 -0.154189 0.0556615 -0.154612
0.0566628  -0.15666 0.0579319 -0.149486 0.0558961 -0.160595 0.0544172 -0.161104
0.0548613 -0.162673 0.0562741 -0.155833 0.0541689 -0.166266 0.0527385 -0.166841
0.0540562 -0.168242 0.0555142 -0.161609 0.0533641 -0.171833 0.0519413 -0.172355
0.0528574 -0.173115 0.0543671 -0.166762 0.0521103 -0.176771 0.0507186 -0.177261
 0.051699  -0.17755 0.0531579 -0.171625 0.0508561 -0.181393 0.0494782  -0.18183
0.0503027 -0.181325 0.0517978 -0.175815 0.0493714 -0.185143 0.0480836 -0.185573
0.0484892 -0.185107  0.050009 -0.180219 0.0475277 -0.188596 0.0463789 -0.189082
0.0465157 -0.189903 0.0482226 -0.185498 0.0456595 -0.192585 0.0446664  -0.19328
0.0436806 -0.194621 0.0456154   -0.1909 0.0430249 -0.196059 0.0422656 -0.197027
0.0415592  -0.19933 0.0437116  -0.19616 0.0410389 -0.199707  0.040499 -0.200916
0.0385751  -0.20299 0.0409031 -0.200566 0.0382508 -0.202055 0.0379327  -0.20358
0.0355014 -0.205313 0.0380025 -0.203608 0.0352959 -0.203124 0.0352691 -0.204887
0.0331867 -0.205413 0.0358374 -0.204201 0.0330661 -0.202227 0.0331955 -0.204276
0.0315739 -0.204349 0.0343276 -0.203487 0.0314625 -0.200462 0.0317753 -0.202646
0.0303439 -0.202273 0.0331372 -0.201692 0.0302607 -0.197836 0.0306908 -0.200137
0.0294742 -0.199836 0.0322768  -0.19945 0.0294174 -0.195009 0.0299254 -0.197389
0.0280743 -0.197326 0.0309113 -0.197204 0.0280367 -0.191972 0.0286636 -0.194442
0.0274614 -0.195121 0.0302615 -0.195185 0.0274229 -0.189477 0.0281246 -0.191988
0.0259475 -0.192571 0.0287874 -0.192909 0.0259539 -0.186312 0.0267769 -0.188928
0.0255175 -0.190227 0.0283517 -0.190711 0.0255247 -0.183658 0.0264778 -0.186274
0.0248522 -0.187222 0.0277295 -0.187838 0.0249333 -0.180198 0.0259802 -0.182885
0.0254656 -0.184792 0.0282689  -0.18546 0.0255315 -0.177742 0.0266178 -0.180425
0.0265999 -0.182195  0.029365 -0.182814 0.0266104 -0.175266 0.0277175 -0.177941
0.0277097 -0.179571  0.030497 -0.180108 0.0277259 -0.172635 0.0288509 -0.175343
0.0279391 -0.176575 0.0308358 -0.177092 0.0280479  -0.16925 0.0292602  -0.17203
0.0289337 -0.172804 0.0318505 -0.173199 0.0290547 -0.165513 0.0302672 -0.168321
 0.030576 -0.168344 0.0335203 -0.168452 0.0307034 -0.161306  0.031912  -0.16406
 0.031681 -0.163531   0.03463 -0.163426 0.0318044 -0.156685 0.0330375 -0.159358
0.0326087 -0.158095 0.0355815 -0.157746 0.0327356 -0.151416 0.0340131  -0.15398
0.0334348 -0.152342 0.0363078  -0.15189 0.0335388 -0.145955 0.0348024 -0.148434
0.0335951 -0.146729 0.0364206 -0.146241 0.0337245 -0.140364     0.035 -0.142819
0.0334965 -0.141833 0.0362607 -0.141398 0.0336403 -0.135442 0.0349369 -0.137883
0.0325715 -0.138403 0.0354079 -0.137993 0.0327963 -0.131613 0.0341752 -0.134063
0.0313693 -0.135137 0.0342613 -0.134891 0.0316548 -0.127854 0.0331756 -0.130283
0.0299072 -0.132313 0.0329297 -0.132156  0.030315 -0.124351 0.0319519 -0.126847
0.0284616 -0.130494 0.0315953 -0.130454 0.0289666 -0.121917  0.030695 -0.124498
0.0269307 -0.129281 0.0301997 -0.129363 0.0275324 -0.120042 0.0293987 -0.122647
0.0250559  -0.12903 0.0284757 -0.129313 0.0257321 -0.119044 0.0277651 -0.121688
0.0230133  -0.12962 0.0266186 -0.130124 0.0237734  -0.11877 0.0259715 -0.121509
0.0212117 -0.131096 0.0250185 -0.131812 0.0220529 -0.119361 0.0244772  -0.12212
0.0195225  -0.13203 0.0234656  -0.13294 0.0204273 -0.119597 0.0229955 -0.122405
0.0178007 -0.133292  0.021904 -0.134381 0.0187597  -0.12015 0.0214947 -0.122988
0.0154198 -0.134713 0.0196414 -0.136063 0.0164346 -0.120846 0.0192604  -0.12379
0.0140873 -0.137481 0.0184383 -0.138934 0.0151287 -0.123144 0.0180211  -0.12613
0.0120929 -0.140507 0.0165845 -0.142137 0.0131435 -0.125598 0.0161456 -0.128615
0.0110913 -0.143489 0.0156758 -0.145161 0.0120905 -0.128373 0.0151797 -0.131338
0.00921485  -0.146229  0.0138392  -0.148041  0.0101735  -0.130863   0.013303   -0.13381
0.00795809  -0.148366  0.0126118  -0.150231  0.0088752   -0.13291  0.0119816  -0.135838
0.00739959  -0.151101  0.0119769  -0.152959 0.00821648  -0.135865  0.0112647  -0.138714
0.00661063  -0.153794  0.0112605  -0.155653 0.00744817  -0.138495  0.0104989  -0.141301
0.00576885  -0.156178  0.0104549  -0.158062  0.0065819  -0.140819 0.00964838  -0.143583
0.00501645  -0.158451 0.00975232  -0.160351 0.00582851  -0.143036 0.00892885   -0.14575
0.00391857  -0.160053 0.00871788  -0.162003 0.00475685  -0.144518 0.00791875  -0.147186
0.00344143  -0.160622 0.00826795  -0.162538 0.00433115   -0.14524 0.00748723   -0.14783
0.00328096  -0.160722 0.00797936   -0.16257 0.00410238  -0.145779 0.00717717  -0.148262
0.00372822  -0.161081 0.00831969  -0.162787 0.00447878  -0.146716 0.00742361  -0.149086
0.00426742  -0.162475 0.00874212  -0.164042 0.00492336  -0.148698 0.00775022  -0.150956
 0.0055562  -0.164688  0.0098838  -0.166028 0.00608324  -0.151751 0.00872034  -0.153877
0.00699385  -0.168234  0.0111291  -0.169351 0.00737069  -0.156213 0.00982883  -0.158189
  0.008592  -0.173054  0.0125572  -0.173941 0.00879209  -0.161956  0.0110651  -0.163793
0.0102521 -0.178495 0.0140353 -0.179179 0.0102727  -0.16827 0.0123898 -0.169972
0.0114548 -0.183664   0.01513 -0.184189 0.0113715 -0.174091 0.0133549 -0.175693
0.0128162 -0.188771   0.01636 -0.189141 0.0126021 -0.179879 0.0144757 -0.181368
0.0132906 -0.193858 0.0168425 -0.194139 0.0130145 -0.185242 0.0148354 -0.186681
0.0144634 -0.198984 0.0179517 -0.199124 0.0141142 -0.190878  0.015817  -0.19225
0.0156055 -0.204146  0.019087 -0.204144 0.0151907 -0.196422 0.0168479 -0.197722
0.0170694 -0.210074 0.0204924 -0.209925  0.016577 -0.202844  0.018137 -0.204077
0.0182626 -0.216221 0.0216599 -0.215941   0.01772 -0.209392 0.0192533 -0.210531
0.0194957 -0.222265 0.0228263 -0.221851 0.0188673 -0.215964 0.0203788 -0.216972
0.0213175 -0.227833 0.0245051 -0.227228 0.0204922 -0.222421  0.021941 -0.223246
0.0227926 -0.232977 0.0258857 -0.232187 0.0218308 -0.228324 0.0232284 -0.228978
0.0239609 -0.237017 0.0269699 -0.236081 0.0228845 -0.232995 0.0242049 -0.233533
0.0253992 -0.239919 0.0283058 -0.238817 0.0242306 -0.236571 0.0254374 -0.237004
0.0259748 -0.241913 0.0287321 -0.240798  0.024731 -0.239001 0.0258648 -0.239365
0.0254839 -0.242907   0.02819 -0.241862 0.0242533 -0.239976 0.0254076 -0.240315
0.0251235 -0.242981 0.0277184 -0.242028 0.0238478 -0.240126 0.0250175 -0.240431
0.0240565 -0.242685 0.0266486 -0.241873 0.0227735  -0.23949 0.0240726 -0.239792
0.0228635 -0.241301 0.0255317 -0.240583 0.0216253 -0.237666 0.0230325    -0.238
0.0212055 -0.238643 0.0239613 -0.238051 0.0200501 -0.234448 0.0215519 -0.234852
0.0188587 -0.235085 0.0217747  -0.23466 0.0178052 -0.230069 0.0194352  -0.23059
0.0169845 -0.230652 0.0199642  -0.23037 0.0160251  -0.22508 0.0177183 -0.225685
0.0144959  -0.22586 0.0175286 -0.225778 0.0136337 -0.219622 0.0153953 -0.220332
0.0119118 -0.219648 0.0149916  -0.21977 0.0111303 -0.212731 0.0129571 -0.213547
0.00888501  -0.212895  0.0120463  -0.213247 0.00818191  -0.205149  0.0101296  -0.206074
0.00673069  -0.206374 0.00985923  -0.206895 0.00603934  -0.198126 0.00803459  -0.199119
0.00434512  -0.200534 0.00747729  -0.201239 0.00365778  -0.191594 0.00574237  -0.192671
0.00241387  -0.195487 0.00557435  -0.196336 0.00174408  -0.185885 0.00393996  -0.187032
0.000225735   -0.190812  0.00341939   -0.191808  -0.0004215   -0.180495  0.00188783   -0.181715
-0.00168788    -0.18592  0.00151109   -0.187029 -0.00233028   -0.175009 8.09278e-05   -0.176286
 -0.00408831     -0.18107 -0.000822259    -0.182314  -0.00467351    -0.169414  -0.00214663    -0.170763
-0.00591009   -0.176986 -0.00258602   -0.178326 -0.00645882   -0.164744 -0.00381682   -0.166152
-0.00766239   -0.172811 -0.00429901   -0.174234 -0.00815695   -0.160069 -0.00543219   -0.161522
-0.00859358    -0.16895 -0.00520338   -0.170408 -0.00902567   -0.156069 -0.00630839   -0.157516
-0.00956352   -0.165259 -0.00614985   -0.166758 -0.00994684   -0.152185 -0.00722444   -0.153632
-0.00986324   -0.162483 -0.00641385   -0.164001  -0.0102019   -0.149307 -0.00745888   -0.150755
-0.00956876   -0.160876 -0.00610581   -0.162376 -0.00991652   -0.147702 -0.00717751   -0.149137
-0.00932569   -0.160885 -0.00582618    -0.16238  -0.0096974   -0.147554 -0.00688642    -0.14901
-0.00918312    -0.16287 -0.00562249   -0.164371 -0.00958447   -0.149246 -0.00667954   -0.150736
-0.00876598   -0.166393 -0.00514802   -0.167887 -0.00919814    -0.15249 -0.00619667    -0.15401
-0.00801995   -0.170781 -0.00434475   -0.172256 -0.00848643   -0.156686 -0.00539441   -0.158225
 -0.0076434   -0.175808 -0.00384781   -0.177299 -0.00811144   -0.161358 -0.00490921    -0.16293
 -0.0068469   -0.180761 -0.00299293    -0.18223 -0.00729321   -0.166245 -0.00405993   -0.167807
-0.00540981   -0.185625 -0.00154022   -0.187024 -0.00584902   -0.171343 -0.00265849   -0.172855
 -0.00405108    -0.189739 -0.000156081    -0.191069  -0.00446935    -0.175692  -0.00132171     -0.17716
-0.00238668    -0.19407    0.001474   -0.195301 -0.00284457   -0.180406 0.000235361   -0.181816
-0.00074908   -0.199655  0.00309335   -0.200788 -0.00124522   -0.186361   0.0017723   -0.187718
0.000970632   -0.205692  0.00476459   -0.206725 0.000397432   -0.192782  0.00336386   -0.194086
0.00267524  -0.211977 0.00645114  -0.212922 0.00201984  -0.199329 0.00497521   -0.20059
0.00431115  -0.218126 0.00814093  -0.218986 0.00362783  -0.205632 0.00660012  -0.206857
0.00567697  -0.223838 0.00954032  -0.224626 0.00496135  -0.211485  0.0079388  -0.212678
 0.0071667  -0.229164  0.0110611  -0.229854 0.00645695  -0.217077 0.00937726  -0.218231
0.00875285  -0.234315  0.0126273  -0.234909 0.00801361  -0.222552  0.0108785   -0.22366
 0.0101704  -0.240013  0.0140627  -0.240513 0.00938571    -0.2285  0.0122121  -0.229573
0.0115254 -0.246369 0.0154134   -0.2468 0.0106754 -0.235036 0.0134552 -0.236091
 0.013118 -0.253424 0.0170029 -0.253783 0.0121973 -0.242266 0.0149648 -0.243292
 0.014103 -0.260461  0.018043   -0.2608 0.0131263 -0.249165 0.0159592 -0.250188
0.0149678 -0.267798 0.0190037 -0.268127 0.0139919 -0.256206 0.0168779 -0.257256
0.0163224 -0.274933 0.0203319  -0.27527 0.0152727 -0.263212 0.0181657 -0.264284
0.0172423 -0.281911 0.0213877 -0.282247 0.0161948 -0.269735 0.0192003 -0.270837
0.0176603 -0.288702 0.0219721 -0.289068 0.0166338 -0.275882 0.0197455 -0.277053
0.0177146 -0.295856 0.0222286  -0.29628 0.0166741 -0.282221 0.0200018 -0.283443
0.0174444 -0.303638  0.022183 -0.304137 0.0164007 -0.289085 0.0199459 -0.290377
0.0168661 -0.311615 0.0218445 -0.312194 0.0158153 -0.296124 0.0195877 -0.297485
0.0166793 -0.319532 0.0217827 -0.320193  0.015521 -0.303342 0.0194712 -0.304758
0.0166981 -0.327278 0.0218196  -0.32802 0.0153465 -0.310627 0.0194234 -0.312081
0.0166562  -0.33451 0.0217919 -0.335331 0.0151381 -0.317398 0.0193432 -0.318885
0.0165829 -0.339882 0.0217041 -0.340772 0.0149421 -0.322401  0.019199 -0.323931
0.0156865 -0.343555 0.0208708 -0.344524 0.0140956 -0.325468 0.0183864 -0.327071
0.0149214 -0.345627 0.0202066 -0.346653  0.013362  -0.32695  0.017767 -0.328591
 0.013553  -0.34638 0.0190537 -0.347452 0.0121438 -0.326933  0.016639 -0.328643
  0.01224  -0.34582 0.0178932  -0.34696 0.0108934 -0.325642 0.0155902 -0.327381
0.00971336  -0.344269  0.0154898  -0.345553  0.0084686  -0.323077  0.0133365  -0.324901
0.00759059  -0.341907  0.0134157  -0.343315 0.00634065  -0.319866  0.0113919  -0.321753
0.00528949  -0.339685  0.0112429  -0.341202 0.00408324  -0.316728 0.00932961  -0.318684
0.00281014  -0.337775 0.00894936  -0.339393 0.00169837  -0.313905 0.00709481  -0.315938
 0.000455765    -0.335558   0.00681882    -0.337262 -0.000596848    -0.310877   0.00493102    -0.312979
-0.000988054    -0.332539   0.00546712    -0.334279  -0.00197391    -0.307543   0.00355321    -0.309663
-0.00213318   -0.328256  0.00425167   -0.330015 -0.00313241   -0.303155  0.00235233   -0.305272
-0.00310442   -0.323454   0.0032006   -0.325225 -0.00415122   -0.298242  0.00145639   -0.300354
-0.00416408   -0.318136  0.00209155   -0.319927 -0.00522864   -0.292707  0.00050429    -0.29483
-0.00465095   -0.313779  0.00154881   -0.315569 -0.00573613   -0.288264 0.000153523   -0.290388
 -0.00569868    -0.308866  0.000541457     -0.31069   -0.0067235       -0.283 -0.000669762    -0.285155
 -0.00636321    -0.303836 -0.000181611    -0.305664  -0.00738999    -0.277794  -0.00122872    -0.279965
 -0.0073462   -0.298711 -0.00113459   -0.300562 -0.00832553   -0.272398 -0.00207607   -0.274599
 -0.0076942   -0.294127 -0.00150258   -0.295973 -0.00867238   -0.267721 -0.00229681   -0.269934
-0.00816042   -0.290547  -0.0019313   -0.292402 -0.00911636   -0.263972 -0.00265328   -0.266205
-0.00893057   -0.287153 -0.00263901   -0.289034 -0.00984823   -0.260311 -0.00324274   -0.262587
-0.00932859   -0.283496 -0.00303762   -0.285376  -0.0102615   -0.256556 -0.00356775   -0.258856
-0.00951533   -0.280542 -0.00324061   -0.282415  -0.0104576   -0.253606 -0.00366556    -0.25592
-0.00929828    -0.27764 -0.00312992   -0.279472  -0.0102722   -0.251017 -0.00348611   -0.253302
-0.00890671    -0.27477 -0.00286169   -0.276553 -0.00990146   -0.248583  -0.0031474   -0.250822
-0.00853694   -0.271709 -0.00258864    -0.27345 -0.00951328   -0.245997 -0.00284353   -0.248178
-0.00789736     -0.2688  -0.0020541   -0.270493 -0.00886133   -0.243624 -0.00221114   -0.245742
-0.00695612   -0.266064 -0.00124141   -0.267696 -0.00793572   -0.241504 -0.00130459   -0.243539
 -0.00605787    -0.264211 -0.000473255    -0.265786   -0.0070702    -0.240206 -0.000461937    -0.242159
-0.00540414    -0.26335 7.64528e-05   -0.264879 -0.00646271   -0.239772 0.000107038   -0.241662
-0.00501663   -0.262414  0.00041483   -0.263912 -0.00607856   -0.239196 0.000477024   -0.241038
-0.00465673   -0.261865 0.000725644   -0.263333 -0.00573709    -0.23898 0.000797686   -0.240778
-0.00452521   -0.261855 0.000795682     -0.2633 -0.00563182   -0.239241 0.000876774   -0.241012
-0.00400926   -0.261782  0.00117716   -0.263181 -0.00515914    -0.23967  0.00121346   -0.241376
-0.00343873   -0.262109  0.00161997    -0.26346 -0.00465334   -0.240493  0.00159787   -0.242134
-0.00251829   -0.263102   0.0023905     -0.2644 -0.00382438   -0.242064  0.00241966   -0.243616
-0.00195468   -0.262943  0.00285197   -0.264206 -0.00333827   -0.242293  0.00291894   -0.243786
-0.00115412   -0.262587   0.0035556   -0.263804 -0.00255529   -0.242434  0.00365202   -0.243839
-0.000510205     -0.26275   0.00412039    -0.263933  -0.00191436    -0.243016   0.00424186    -0.244347
0.000287866   -0.263756  0.00485898   -0.264897 -0.00115196   -0.244454  0.00499949   -0.245698
  0.00102197    -0.265356   0.00555386    -0.266454 -0.000439094     -0.24649   0.00569899    -0.247649
  0.00132262    -0.266856   0.00586715    -0.267925 -0.000124949     -0.24828   0.00607134    -0.249381
  0.00129811    -0.268109   0.00587355     -0.26916 -0.000162055    -0.249692   0.00612608    -0.250765
  0.00106595    -0.268956   0.00570048    -0.269999 -0.000365904    -0.250626   0.00608485    -0.251679
 0.000983424    -0.269415   0.00563911     -0.27044 -0.000377889    -0.251318   0.00613015    -0.252334
 0.000963943    -0.270011   0.00558893    -0.271017 -0.000390747    -0.252166   0.00616706    -0.253146
 0.000815734    -0.270943   0.00542209    -0.271936 -0.000491394    -0.253301   0.00608012    -0.254261
  0.00108161     -0.27266   0.00556709    -0.273626 -0.000269348    -0.255375    0.0063136    -0.256276
 0.000950944     -0.27512    0.0053582    -0.276078 -0.000432324    -0.258012   0.00619947    -0.258898
 0.000769149    -0.278136    0.0051009     -0.27909 -0.000638703    -0.261168   0.00605315    -0.262046
 0.000577203    -0.280501    0.0048488    -0.281447 -0.000858276    -0.263664   0.00587742    -0.264538
 0.00024002   -0.283127  0.00448448   -0.284068 -0.00122112   -0.266405  0.00553868   -0.267295
-0.00054591   -0.285516    0.003737   -0.286469  -0.0020113   -0.268728  0.00481211   -0.269684
-0.00122994    -0.28774  0.00306597   -0.288708 -0.00273805    -0.27084  0.00422744   -0.271855
-0.00180398   -0.289719  0.00254696   -0.290697 -0.00332956   -0.272719  0.00374006   -0.273784
-0.00264828   -0.291558   0.0017632   -0.292556 -0.00412803   -0.274457  0.00296143   -0.275598
-0.00339563   -0.293149  0.00105895    -0.29416 -0.00485157   -0.276044  0.00226786   -0.277248
-0.00437906   -0.294148 0.000115183   -0.295181 -0.00586792   -0.276929   0.0012703   -0.278235
 -0.00544829    -0.295096 -0.000933624    -0.296156  -0.00697738    -0.277741  0.000195941    -0.279159
 -0.00610962     -0.29688  -0.00166362    -0.297935  -0.00768532    -0.279664 -0.000626607    -0.281132
-0.00684331   -0.299115  -0.0024468   -0.300172  -0.0084584   -0.282019 -0.00148665   -0.283543
 -0.0068964   -0.302079  -0.0025694   -0.303109 -0.00858304    -0.28534 -0.00171166   -0.286846
-0.00714397   -0.305122 -0.00284028   -0.306143 -0.00885801   -0.288585 -0.00204446   -0.290095
-0.00807484   -0.306797 -0.00374415   -0.307837 -0.00980915   -0.290269 -0.00308353   -0.291851
-0.00849203   -0.307615 -0.00419991    -0.30865  -0.0102586   -0.291293 -0.00363763   -0.292892
-0.00962276   -0.307575 -0.00531896   -0.308636  -0.0114852   -0.291121 -0.00491878   -0.292824
 -0.0104401   -0.306944 -0.00618852    -0.30801  -0.0123921   -0.290484 -0.00588309   -0.292258
 -0.0113285   -0.306163 -0.00712713   -0.307235   -0.013363   -0.289752 -0.00699496   -0.291583
 -0.0118379   -0.304734 -0.00772418   -0.305794   -0.013937   -0.288535 -0.00772216   -0.290381
 -0.0129922   -0.302763 -0.00892556   -0.303834    -0.01519   -0.286524 -0.00915735   -0.288434
 -0.0137045   -0.300617 -0.00970151   -0.301684  -0.0159967   -0.284387  -0.0100785   -0.286338
-0.0144847   -0.29869 -0.0105077  -0.299764 -0.0168802  -0.282407 -0.0110962  -0.284395
-0.0147768  -0.296634 -0.0108405  -0.297703 -0.0172663  -0.280434 -0.0115935  -0.282428
-0.0155355   -0.29451 -0.0115608  -0.295605 -0.0181691  -0.278077  -0.012519  -0.280144
  -0.01585  -0.292341 -0.0118798   -0.29344 -0.0185926  -0.275821 -0.0129868  -0.277919
  -0.01642   -0.28993 -0.0123583  -0.291072 -0.0192952  -0.273071 -0.0136044  -0.275273
-0.0157524  -0.287301 -0.0117266  -0.288416 -0.0188002  -0.270484 -0.0130785  -0.272688
-0.0155129  -0.284474 -0.0114936  -0.285582 -0.0187275  -0.267563 -0.0129825  -0.269798
-0.0143882  -0.281592 -0.0104416  -0.282654 -0.0177864  -0.264882 -0.0120567  -0.267069
  -0.013541   -0.278966 -0.00966163    -0.27999  -0.0171354   -0.262375  -0.0114333    -0.26453
 -0.0123178   -0.276317 -0.00852908    -0.27729  -0.0160854   -0.259965  -0.0104197   -0.262052
 -0.0113995   -0.273498 -0.00766415    -0.27444  -0.0153187   -0.257348 -0.00972798   -0.259378
-0.00990812   -0.270535 -0.00626248   -0.271426  -0.0139891   -0.254783 -0.00845727   -0.256714
-0.00784582   -0.267968 -0.00433378   -0.268788  -0.0120323   -0.253041  -0.0066875   -0.254781
-0.00584464   -0.265532 -0.00247147   -0.266286  -0.0101146   -0.251355 -0.00489033   -0.252925
 -0.00394276    -0.263432 -0.000696371    -0.264123   -0.0082463    -0.250101   -0.0032502    -0.251484
-0.00193216   -0.261282  0.00117364   -0.261907 -0.00626743   -0.248854 -0.00147475   -0.250051
0.000374522    -0.25947  0.00327502   -0.260014 -0.00402287   -0.248171 0.000471978   -0.249156
0.00174361  -0.257219 0.00430037  -0.257729 -0.0026784  -0.246805  0.0015609  -0.247657
 0.00332155   -0.254186  0.00550953   -0.254658 -0.00108572   -0.244923  0.00274531   -0.245621
0.00558343  -0.250915 0.00744149  -0.251342  0.0012019  -0.243015 0.00464201  -0.243527
 0.0075779  -0.247381 0.00915082  -0.247766 0.00322722  -0.240806 0.00626533  -0.241167
 0.0101225  -0.243185  0.0114855  -0.243511 0.00576397  -0.238011 0.00846518  -0.238204
 0.0128067  -0.238613  0.0139638  -0.238855 0.00859433  -0.234975  0.0107935  -0.235034
0.0151049 -0.233402  0.016042 -0.233585  0.011015 -0.231101 0.0128111 -0.231063
0.0166687  -0.22834 0.0174642 -0.228465 0.0127156 -0.227001 0.0141663 -0.226929
0.0178547 -0.223767 0.0185235 -0.223851 0.0140137 -0.223193 0.0151912 -0.223106
0.0186462 -0.219969 0.0192077 -0.220016 0.0149332 -0.220004 0.0158514  -0.21993
0.0192954 -0.216996 0.0197426 -0.217027 0.0156849 -0.217544 0.0163986 -0.217479
0.0201158 -0.214913 0.0204747 -0.214915 0.0165879  -0.21596 0.0171312 -0.215896
0.0205467 -0.213006 0.0208079 -0.213003 0.0170936 -0.214436 0.0174988 -0.214376
0.0207663 -0.212271 0.0209611 -0.212263 0.0173673 -0.213956 0.0176624 -0.213908
0.0206684 -0.211807 0.0207585 -0.211816  0.017327 -0.213729 0.0174881 -0.213704
0.0203174 -0.212453 0.0203726 -0.212449 0.0170024 -0.214495 0.0170758 -0.214486
 0.020036 -0.213856 0.0200159 -0.213845 0.0167488 -0.216127  0.016683 -0.216141
0.0194306 -0.216212 0.0194409 -0.216154 0.0161808 -0.218503 0.0160114 -0.218548
0.0187165 -0.219398 0.0187409  -0.21931 0.0154983 -0.221679  0.015223 -0.221754
0.0172339 -0.223611 0.0173882 -0.223474 0.0140591 -0.225556  0.013719 -0.225671
  0.01579 -0.228713 0.0160515 -0.228552 0.0126404  -0.23034 0.0122377 -0.230484
0.0139683 -0.234715 0.0144045 -0.234536 0.0108169 -0.235829 0.0103971 -0.235996
 0.0117156  -0.240733  0.0124062  -0.240565 0.00855447  -0.241015 0.00820829  -0.241202
0.00896559  -0.246593 0.00998197  -0.246461  0.0058953  -0.245794 0.00564855  -0.246005
0.00619973  -0.252034  0.0075404  -0.251973 0.00320115  -0.250096 0.00311738  -0.250323
0.00373521   -0.25761 0.00536065  -0.257632 0.00077507  -0.254658 0.00081681  -0.254897
 0.00111105    -0.26282   0.0030299   -0.262948 -0.00183714   -0.258749 -0.00161833   -0.259003
-0.00106244    -0.26739  0.00114011   -0.267614 -0.00405822   -0.262351 -0.00367508    -0.26262
-0.00344533   -0.271002 -0.00101733   -0.271338 -0.00648836   -0.264994 -0.00593405   -0.265276
-0.00565943   -0.274369 -0.00299426   -0.274815   -0.008735   -0.267503 -0.00805561   -0.267789
-0.00810071   -0.277082 -0.00521074   -0.277657  -0.0111926   -0.269359  -0.0103758   -0.269649
 -0.0104164   -0.279621 -0.00745822   -0.280295  -0.0135612   -0.271269  -0.0126501    -0.27155
 -0.0127691    -0.28176 -0.00975261   -0.282532  -0.0159552   -0.272866  -0.0149686   -0.273133
-0.0142648  -0.283467 -0.0112921  -0.284279 -0.0174707  -0.274485 -0.0165504  -0.274696
-0.0158124  -0.284141 -0.0128653  -0.284998 -0.0190086  -0.274992 -0.0181197  -0.275156
-0.0173116  -0.283818   -0.01434  -0.284732 -0.0205036  -0.274379 -0.0195823  -0.274524
-0.0184914  -0.282666  -0.015533  -0.283612 -0.0216848   -0.27297 -0.0206863  -0.273127
-0.0194957  -0.280956 -0.0165378  -0.281933 -0.0226693  -0.271024  -0.021601  -0.271195
-0.0216814  -0.278327 -0.0189113  -0.279265 -0.0248111  -0.267826 -0.0235846   -0.26804
-0.0230223  -0.274429   -0.02043  -0.275318 -0.0258931   -0.26399 -0.0247671  -0.264105
-0.0238735  -0.269968 -0.0214027  -0.270816 -0.0265102  -0.259603 -0.0254526  -0.259644
-0.0242541  -0.264913 -0.0219493  -0.265682 -0.0267949  -0.254654 -0.0257446  -0.254681
-0.0236253  -0.259738 -0.0213477   -0.26051 -0.0260809  -0.249816 -0.0250705  -0.249838
-0.0234466  -0.254005 -0.0211111  -0.254835 -0.0257173  -0.244322 -0.0247037  -0.244354
-0.0220412  -0.248776 -0.0195214  -0.249728 -0.0241751  -0.239592 -0.0232011  -0.239643
-0.0201202  -0.243035 -0.0176075  -0.243989 -0.0221958  -0.234653 -0.0213196  -0.234714
-0.0181826  -0.237149 -0.0157783  -0.238049 -0.0201795  -0.229734 -0.0194724  -0.229767
-0.0159989  -0.231622   -0.01373  -0.232442  -0.017933   -0.22527 -0.0173807  -0.225296
-0.0136657  -0.226445 -0.0115624   -0.22716 -0.0155297   -0.22126  -0.015185  -0.221255
 -0.0106329   -0.221296 -0.00878392   -0.221842  -0.0125019   -0.217433  -0.0123702   -0.217414
-0.00816103   -0.216013 -0.00657835   -0.216408  -0.0100333   -0.213269  -0.0100847   -0.213231
-0.00556154   -0.210756  -0.0042207   -0.211005 -0.00744188   -0.209095 -0.00765602   -0.209047
-0.00345843   -0.205765 -0.00235476   -0.205896 -0.00538124   -0.204936 -0.00570262   -0.204882
-0.00101114   -0.200833 -0.00014299   -0.200843 -0.00297481   -0.200878 -0.00340147   -0.200818
   0.0012083     -0.19574   0.00187851    -0.195651 -0.000751542    -0.196581  -0.00130046    -0.196511
0.00380196  -0.190557 0.00428943  -0.190356 0.00186039  -0.192257 0.00124331  -0.192177
0.00636828  -0.185237 0.00667562  -0.184933 0.00444467  -0.187778 0.00373273   -0.18768
0.00909857  -0.180364 0.00924223  -0.179953 0.00718916  -0.183731 0.00643225  -0.183599
 0.0113581  -0.176016  0.0113616  -0.175525 0.00946747  -0.180048 0.00866988  -0.179879
0.0133059 -0.171573 0.0132033 -0.171011 0.0114504 -0.176138 0.0106542 -0.175916
0.0150061 -0.167336 0.0148132 -0.166717 0.0131741 -0.172342 0.0123814 -0.172066
0.0162179 -0.163509 0.0159832 -0.162846 0.0144305 -0.168747 0.0136764 -0.168416
0.0171228 -0.160081 0.0168851 -0.159379 0.0153686 -0.165408 0.0146731 -0.165027
0.0181846 -0.157521 0.0178843 -0.156804 0.0164163  -0.16309 0.0157557 -0.162644
0.0191485 -0.155601 0.0188188 -0.154852 0.0173665 -0.161385 0.0167346 -0.160878
0.0192058 -0.154453 0.0189396 -0.153669 0.0174574   -0.1601 0.0169032 -0.159558
 0.019482  -0.15384 0.0193042 -0.152972 0.0177711 -0.159436 0.0172624 -0.158862
0.0194294 -0.153847 0.0193271 -0.152921 0.0177381 -0.159366 0.0173093  -0.15874
0.0192927 -0.154545 0.0193001 -0.153544 0.0176081 -0.159959 0.0172612  -0.15929
0.0183583 -0.155747  0.018516  -0.15471 0.0166908 -0.160838 0.0164866 -0.160135
0.0173703 -0.157617  0.017707 -0.156536 0.0156977 -0.162382 0.0156435 -0.161654
0.0158875 -0.159938 0.0163828 -0.158883 0.0141736 -0.164324 0.0142861 -0.163597
0.0148849 -0.163091 0.0155432 -0.162016  0.013149 -0.167266 0.0133608  -0.16655
0.0133514 -0.167182 0.0141831 -0.166147 0.0115727 -0.171031 0.0119216 -0.170351
0.0121481 -0.172306 0.0131844 -0.171274 0.0103514  -0.17594  0.010784 -0.175304
 0.0108376  -0.178303  0.0120308  -0.177323 0.00893718  -0.181787 0.00950577  -0.181182
0.00974827   -0.18554  0.0111371  -0.184584 0.00775973  -0.188946 0.00843168  -0.188377
0.00797306  -0.193713 0.00959091  -0.192868 0.00580683  -0.196804 0.00672233  -0.196303
 0.0064656  -0.203203 0.00838221  -0.202438 0.00414062  -0.206001 0.00528006  -0.205577
 0.0042991  -0.213131 0.00654487  -0.212536  0.0017884  -0.215391  0.0032211   -0.21511
  0.00226376    -0.223822   0.00493726    -0.223393 -0.000400554    -0.225491   0.00131472    -0.225367
 0.000365237    -0.234091   0.00345535    -0.233839  -0.00241594    -0.235187 -0.000396308    -0.235221
-0.00139689   -0.243697  0.00218893   -0.243623 -0.00424441   -0.244198  -0.0019596   -0.244392
-0.00314323    -0.25213 0.000865915   -0.252258 -0.00604287     -0.2521 -0.00349675   -0.252458
 -0.00525913    -0.259642 -0.000689997    -0.260046  -0.00815102    -0.258837  -0.00530992    -0.259404
-0.00712641   -0.266118 -0.00211281   -0.266785  -0.0100033   -0.264808 -0.00693079   -0.265561
-0.00930661   -0.271462 -0.00368394   -0.272483  -0.0120632   -0.269533 -0.00874729   -0.270503
  -0.011426   -0.275014 -0.00538601   -0.276401  -0.0140828   -0.272741  -0.0106128   -0.273917
 -0.0131462   -0.277188 -0.00665941   -0.278919  -0.0156797   -0.274715  -0.0121125   -0.276054
-0.0149392  -0.277579  -0.008141  -0.279682 -0.0173447  -0.275044 -0.0137563  -0.276539
 -0.0158092   -0.277107 -0.00883205   -0.279423  -0.0182017   -0.274821  -0.0146515   -0.276391
 -0.0167553   -0.275057 -0.00970715   -0.277601  -0.0191198   -0.273094  -0.0156309   -0.274749
 -0.0168565   -0.272232 -0.00970376   -0.274879   -0.018978   -0.271027  -0.0157682   -0.272588
-0.0171446  -0.266757  -0.010025  -0.269538 -0.0190538  -0.266313 -0.0160896   -0.26783
 -0.0164635   -0.259761 -0.00955026   -0.262466  -0.0182471   -0.260415  -0.0156461   -0.261783
 -0.0161116   -0.250371 -0.00949808   -0.253063  -0.0177948   -0.251972  -0.0154566   -0.253274
 -0.0143466   -0.239995 -0.00826266    -0.24234  -0.0160826   -0.242905  -0.0141282   -0.244004
 -0.0132663   -0.226578 -0.00780232   -0.228729  -0.0150194   -0.230714  -0.0134571   -0.231676
 -0.0119064   -0.211631 -0.00709373   -0.213542  -0.0135823   -0.217156   -0.012535   -0.217911
  -0.010574   -0.195236 -0.00644948   -0.196914  -0.0121623   -0.202087  -0.0115287   -0.202687
-0.00972768   -0.177841 -0.00622765   -0.179405  -0.0112448   -0.185641   -0.010945   -0.186151
-0.00942088   -0.159504 -0.00654619   -0.161078  -0.0108477   -0.168043  -0.0108679   -0.168511
-0.00788709    -0.14129 -0.00575235    -0.14259 -0.00917625   -0.151067 -0.00969338   -0.151328
-0.00652966   -0.122721 -0.00513062   -0.123784 -0.00769814   -0.133563 -0.00863756   -0.133663
-0.00533035   -0.104239 -0.00464327   -0.105098 -0.00637696   -0.115978 -0.00771705   -0.115933
-0.00408458  -0.0858877 -0.00409001  -0.0865295 -0.00502674   -0.098394 -0.00668871  -0.0982295
-0.00246886  -0.0676882 -0.00318015   -0.068024 -0.00330135  -0.0810469 -0.00532285  -0.0807231
 -0.0011224  -0.0495605  -0.0025217  -0.0496484  -0.0018601  -0.0635926 -0.00418661  -0.0631474
 0.000311392   -0.0318358  -0.00176153   -0.0316501 -0.000333316   -0.0464926  -0.00296129   -0.0459205
 0.00139283   -0.014244 -0.00133149  -0.0138661 0.000827885  -0.0293502 -0.00206155   -0.028687
 0.00175447   0.0027051 -0.00153698  0.00310226  0.00126319  -0.0124801 -0.00180444  -0.0117915
 0.00198107   0.0187869 -0.00184244   0.0191713  0.00155585  0.00362075 -0.00166196  0.00432353
 0.00208661    0.033806 -0.00221913   0.0341499  0.00172522   0.0187765 -0.00160988   0.0194805
 0.00224967   0.0476767 -0.00249364   0.0479979  0.00195427   0.0328323 -0.00147868   0.0335415
 0.00224348   0.0600599 -0.00286874   0.0603218  0.00201226   0.0455052 -0.00148507   0.0462033
 0.00238465   0.0708774 -0.00304181   0.0711244  0.00221453   0.0566311 -0.00133045    0.057328
 0.00236506   0.0800627  -0.0032966   0.0802618  0.00225604   0.0662248 -0.00130499   0.0669058
 0.00257896   0.0875815 -0.00327096   0.0878011   0.0025145   0.0741239   -0.001045   0.0748056
  0.00300848    0.0935071  -0.00295888     0.093813   0.00301405    0.0803167 -0.000552009    0.0810236
 0.00355587   0.0974303 -0.00246156    0.097862  0.00360498    0.084531 6.84431e-05   0.0852678
 0.00385612   0.0996946 -0.00213411    0.100195  0.00394862   0.0872135 0.000472351   0.0879592
   0.004374     0.10019 -0.00153603    0.100822  0.00448138   0.0881122  0.00109681    0.088878
 0.00438475   0.0991497 -0.00133963   0.0997938  0.00450819   0.0876694  0.00125498   0.0884136
   0.0048527    0.0962636 -0.000642221     0.097042   0.00497272    0.0852972    0.0018578    0.0860541
 0.00521278   0.0918695 9.80175e-06   0.0927599  0.00533193   0.0814993  0.00237848    0.082262
0.00583329  0.0860824  0.0009504  0.0871524 0.00593951  0.0762257 0.00316137  0.0770105
0.00643787  0.0789166 0.00191699    0.08017 0.00652337  0.0696374 0.00393647  0.0704446
0.00740179  0.0704543 0.00326675  0.0719825 0.00746138  0.0616411 0.00506156  0.0624987
0.00755599  0.0611522 0.00388899  0.0627604 0.00759341  0.0531038  0.0054305  0.0539525
0.00805379  0.0508004 0.00486733   0.052571 0.00806266  0.0433812 0.00613224  0.0442435
0.00798446  0.0397725 0.00533627  0.0415782 0.00796664  0.0332241 0.00631208  0.0340609
0.00835406   0.027873 0.00624212  0.0298201 0.00830335  0.0220181 0.00690651  0.0228677
0.00821888  0.0154235 0.00669931  0.0173975 0.00813761  0.0104672 0.00704347  0.0112943
  0.00862075   0.00247437   0.00766918   0.00460345       0.0085  -0.00180619   0.00768186 -0.000957094
 0.00875436  -0.0105296  0.00839343 -0.00830573  0.00859427  -0.0140352  0.00807697  -0.0131844
 0.0093094 -0.0236819 0.00950434 -0.0212679 0.00910021 -0.0266082 0.00885365 -0.0257217
0.00964145 -0.0367429  0.0104063 -0.0341883 0.00938207  -0.039013 0.00942566 -0.0381054
 0.0100937 -0.0496733  0.0114024 -0.0469573 0.00977774 -0.0513755  0.0100949 -0.0504388
 0.0104259 -0.0623536   0.012281 -0.0594978   0.010056 -0.0634526   0.010655 -0.0624937
 0.0105763 -0.0743847  0.0129499 -0.0714412  0.0101627 -0.0748865  0.0110269 -0.0739287
  0.010615 -0.0856767  0.0134941 -0.0826657  0.0101647 -0.0855645  0.0112922 -0.0846143
 0.0102862 -0.0958184  0.0136263 -0.0928501 0.00980472 -0.0950687  0.0111829 -0.0941627
0.00998412   -0.10496  0.0137418  -0.102031 0.00946921  -0.103628  0.0110822  -0.102759
0.00923712  -0.112872  0.0133582  -0.110118 0.00869765  -0.110912  0.0105358  -0.110124
 0.0087103   -0.11931  0.0131227  -0.116675 0.00815386  -0.116856  0.0101646  -0.116131
0.00828651  -0.124446  0.0129506  -0.121899 0.00771424  -0.121548 0.00988522  -0.120868
0.00808368  -0.128038  0.0129046  -0.125543 0.00747701  -0.124837 0.00976843  -0.124179
0.00747389  -0.130029  0.0124036  -0.127694 0.00684544  -0.126472 0.00923136  -0.125882
0.00672593  -0.130525  0.0117282  -0.128382 0.00607958  -0.126582 0.00855623  -0.126071
0.00594549  -0.129557  0.0109626  -0.127619 0.00529836  -0.125282 0.00783309  -0.124852
0.00522998  -0.127121  0.0102115  -0.125371  0.0045792  -0.122559 0.00714764  -0.122202
0.00424703  -0.123007  0.0091521  -0.121509 0.00361448  -0.118139 0.00618444  -0.117887
0.00344568  -0.117534 0.00818086  -0.116261 0.00281942  -0.112502  0.0053502  -0.112333
0.00239892  -0.110448 0.00692905  -0.109455 0.00180252  -0.105225 0.00426449  -0.105165
 0.00110997   -0.102143  0.00542528   -0.101484 0.000570381  -0.0966603  0.00296154  -0.0967325
-0.000121253   -0.0926894   0.00393848   -0.0923531 -0.000596172   -0.0869873   0.00170405   -0.0871832
-0.00163741  -0.0821603   0.0021397  -0.0822188 -0.00203451  -0.0761796 0.000169457  -0.0765275
-0.00308831  -0.0708056 0.000381197  -0.0712455  -0.0033997  -0.0645803 -0.00130709  -0.0650728
-0.00435742  -0.0600303 -0.00118161  -0.0608086  -0.0045815  -0.0536064 -0.00259819  -0.0542237
 -0.0055769  -0.0492741 -0.00269792   -0.050381 -0.00571657    -0.04266 -0.00384557  -0.0433963
-0.00633047  -0.0386895 -0.00378371  -0.0400109 -0.00639582  -0.0320598 -0.00466545  -0.0328627
-0.00700669  -0.0282996 -0.00478127   -0.029818 -0.00700092  -0.0216439 -0.00540295  -0.0225103
-0.00766788  -0.0183043 -0.00574614  -0.0200168 -0.00759181  -0.0116035 -0.00611685  -0.0125335
-0.00834311 -0.00893122 -0.00669999  -0.0108425 -0.00819987  -0.0021562  -0.0068349 -0.00315306
-0.00851533 6.49257e-05 -0.00717716 -0.00191887  -0.0083132  0.00672414 -0.00708551  0.00571998
 -0.0087086  0.00827773 -0.00764399  0.00621526 -0.00845165   0.0148542 -0.00734337   0.0138405
-0.00855276   0.0159503 -0.00776571   0.0139082 -0.00824368    0.022338 -0.00726864   0.0213478
-0.00824879   0.0223649 -0.00769846   0.0203749 -0.00789159   0.0285673 -0.00703531   0.0276059
-0.00742865   0.0278545 -0.00712176   0.0260498 -0.00703545   0.0336557 -0.00631663   0.0327902
-0.00640031   0.0320957 -0.00629672   0.0305224 -0.00597995   0.0374904 -0.00538581   0.0367312
 -0.0050418   0.0351483 -0.00512031   0.0338903 -0.00460414   0.0400238 -0.00413447   0.0394099
-0.00389777   0.0369294 -0.00409322   0.0359346 -0.00344637   0.0414241 -0.00306234   0.0409283
 -0.0026133    0.037268 -0.00288609   0.0365707 -0.00216071    0.041346 -0.00184837   0.0409831
 -0.00147362    0.0362357  -0.00176059    0.0358026  -0.00102673    0.0400183 -0.000749203      0.03977
-9.80912e-05    0.0341254 -0.000380984    0.0340098  0.000326952    0.0375289  0.000574435    0.0374211
 0.00103232   0.0306462 0.000818001   0.0307943  0.00142384   0.0338043   0.0016837   0.0338087
0.00197208   0.026351 0.00186475   0.026721 0.00232002  0.0293622 0.00261969  0.0294559
0.00317222  0.0208356 0.00320442  0.0214903 0.00346571  0.0236839 0.00381717  0.0238935
0.00405614  0.0144808 0.00427992  0.0153564 0.00429042  0.0173256 0.00473082  0.0176175
0.00463196 0.00759845  0.0050828 0.00862952 0.00480669  0.0105448 0.00536201  0.0108781
  0.00528803 -0.000175933   0.00598674   0.00103257   0.00539599    0.0028356   0.00606826   0.00321824
  0.0063069 -0.00827467  0.00724764 -0.00680173  0.00634582 -0.00528818  0.00712119 -0.00482241
0.00738048 -0.0172425 0.00857949 -0.0154955 0.00734421 -0.0143344 0.00822112 -0.0137808
0.00829878 -0.0265583 0.00977839 -0.0245726 0.00818591 -0.0236683 0.00917889 -0.0230397
0.00872203 -0.0359171  0.0105385 -0.0337802 0.00854957 -0.0327923 0.00969912 -0.0321369
0.00907035 -0.0451932  0.0112301 -0.0429248  0.0088406 -0.0418064  0.0101536 -0.0411271
0.00953661   -0.05402  0.0120193 -0.0515944 0.00925187 -0.0504235  0.0107151 -0.0497081
0.00986247 -0.0623436  0.0126589 -0.0597981 0.00952359 -0.0585093  0.0111409 -0.0577658
 0.0100922  -0.070219  0.0132037 -0.0675693 0.00970862    -0.0661  0.0114792 -0.0653424
 0.0101382 -0.0775704  0.0135592 -0.0748636 0.00971035 -0.0731167  0.0116465 -0.0723528
0.00998571 -0.0841717  0.0137195 -0.0814429 0.00952466 -0.0793108  0.0116308 -0.0785605
0.00985149 -0.0902085  0.0138713 -0.0874626 0.00936456  -0.084969   0.011627 -0.0842312
0.00976914 -0.0955347  0.0140559 -0.0927569 0.00925571 -0.0899362  0.0116626 -0.0892082
0.00966028 -0.0999712  0.0141748  -0.097178 0.00912699 -0.0940445  0.0116666  -0.093322
0.00933592  -0.103429  0.0140831   -0.10066 0.00879368 -0.0970756  0.0114695 -0.0963844
0.00910751  -0.105844  0.0140332  -0.103087 0.00855772 -0.0991436  0.0113615 -0.0984568
0.00887177  -0.107348  0.0139611  -0.104598 0.00831875  -0.100291  0.0112369 -0.0996147
0.00835724  -0.107782  0.0135707  -0.105124   0.007806  -0.100343  0.0108286 -0.0997057
 0.0077371  -0.107489  0.0130802  -0.104938 0.00719247  -0.099594  0.0103216 -0.0990126
0.00704606  -0.106243  0.0124661  -0.103837 0.00651629 -0.0979362 0.00973548  -0.097413
 0.0065236  -0.104319  0.0120046  -0.102005 0.00601311 -0.0956409 0.00929762 -0.0951648
0.00577895  -0.101548  0.0112936 -0.0993962 0.00530322 -0.0924667 0.00865733 -0.0920538
0.00513991  -0.098257  0.0106757 -0.0962357   0.004704 -0.0887929 0.00810668 -0.0884393
0.00418732 -0.0941959 0.00970949 -0.0924087 0.00380008 -0.0843158 0.00724469 -0.0840587
0.00334809 -0.0897312  0.0088445 -0.0881489 0.00301253 -0.0794587 0.00647895  -0.079293
0.00246856 -0.0846538 0.00788409 -0.0833104 0.00217953 -0.0740476  0.0056499  -0.073978
 0.0016499 -0.0794763  0.0069915 -0.0783552  0.0014119 -0.0685136  0.0048787 -0.0685409
0.000832821  -0.0738862  0.00606386  -0.0730036 0.000645896  -0.0625972  0.00409992  -0.0627214
 0.000126956   -0.0682025   0.00524323   -0.0675296 -5.37167e-06   -0.0566035    0.0034216   -0.0568159
-0.000618444   -0.0622747   0.00435004   -0.0618378 -0.000700331   -0.0504005   0.00268923   -0.0507082
-0.00126988  -0.0563897   0.0035557   -0.056164 -0.00129982  -0.0442327  0.00204673  -0.0446285
 -0.0020943  -0.0505269  0.00258935  -0.0505746 -0.00207253  -0.0380351  0.00124072  -0.0385474
-0.00280743  -0.0448599  0.00173769  -0.0451517 -0.00273686  -0.0320355 0.000539977  -0.0326538
 -0.00391412   -0.0392402  0.000509457   -0.0399097  -0.00378879   -0.0259793 -0.000536711   -0.0267657
 -0.00479465   -0.0340488 -0.000488237   -0.0350303   -0.0046214   -0.0203917  -0.00139557   -0.0213166
-0.00612362  -0.0289432 -0.00190271   -0.030395 -0.00589533  -0.0147414 -0.00267044  -0.0158786
-0.00713381  -0.0244311 -0.00299115  -0.0262573 -0.00685886 -0.00974848 -0.00363577  -0.0110544
-0.00852259  -0.0199722 -0.00443638  -0.0223166 -0.00819642 -0.00470198 -0.00495771 -0.00624135
-0.00963868  -0.0160415 -0.00560787  -0.0188234 -0.00926906 -0.00026901 -0.00601997 -0.00200095
 -0.0105765  -0.0123652 -0.00661837  -0.0155215  -0.0101707  0.00382252 -0.00692517  0.00192319
 -0.0112523 -0.00932658 -0.00735087   -0.012767  -0.0108157  0.00722882 -0.00756927  0.00520399
 -0.0122072 -0.00637923 -0.00833242  -0.0102251  -0.0117348   0.0106482 -0.00846468  0.00844551
 -0.0128668 -0.00428222 -0.00899504 -0.00842582  -0.0123669   0.0131563 -0.00906532   0.0108265
 -0.0130896 -0.00265188 -0.00923693  -0.0069258    -0.01257   0.0150363 -0.00925697   0.0126485
 -0.0128059 -0.00156931  -0.0089875 -0.00578619  -0.0122784   0.0161617  -0.0089718   0.0138216
  -0.0125318 -0.000741838   -0.0087381  -0.00490815   -0.0119986    0.0170098  -0.00869489    0.0147155
  -0.0120661 -0.000438357  -0.00828408  -0.00447132   -0.0115307    0.0172915   -0.0082285    0.0150724
  -0.0115107 -0.000288398  -0.00773818  -0.00415928   -0.0109762     0.017375  -0.00767491    0.0152528
 -0.0107147 -0.00105766 -0.00691948 -0.00465568  -0.0101853    0.016494  -0.0068769   0.0145055
-0.00977514 -0.00199742 -0.00596151 -0.00526597 -0.00925413   0.0153665 -0.00594467   0.0135444
-0.00863556 -0.00372744 -0.00477454  -0.0065685 -0.00812395   0.0134174 -0.00480818   0.0117875
-0.00743078 -0.00590903 -0.00350471 -0.00828692  -0.0069287    0.010983 -0.00360358  0.00955792
-0.00608996 -0.00863202 -0.00207908  -0.0104722  -0.0055967  0.00798374 -0.00226023  0.00678172
 -0.00486519   -0.0115399 -0.000746948   -0.0128783  -0.00437548   0.00485029  -0.00101727    0.0038478
-0.00344497  -0.0150273 0.000803237  -0.0157648 -0.00295863   0.0011065 0.000425344 0.000337464
-0.00218075  -0.0185958  0.00221245   -0.018784 -0.00169307 -0.00268871  0.00172314 -0.00324844
-0.000588968   -0.0226697   0.00395918   -0.0221514 -0.000101876  -0.00706488   0.00334127  -0.00735819
0.00118461 -0.0268684 0.00587248 -0.0255521 0.00167335 -0.0116745 0.00512213 -0.0116683
0.00282635 -0.0312807  0.0076762 -0.0292032 0.00331806  -0.016456 0.00678463 -0.0161696
0.00462371 -0.0356886 0.00961639 -0.0327712 0.00512195 -0.0213164 0.00858596  -0.020722
0.00631245 -0.0401055  0.0114661  -0.036371 0.00681694 -0.0261349  0.0102924 -0.0252414
0.00795518 -0.0441219  0.0132301 -0.0395861 0.00846782 -0.0306294  0.0119234 -0.0294554
0.00953766 -0.0479589  0.0149353 -0.0426258  0.0100585 -0.0349201  0.0134963 -0.0334715
 0.0111739   -0.05138  0.0166467 -0.0452261   0.011704 -0.0388845  0.0150892 -0.0371639
 0.0127678 -0.0544845  0.0182999 -0.0475157  0.0133045 -0.0425364  0.0166309  -0.040548
   0.01424 -0.0568852  0.0197793 -0.0491691  0.0147795 -0.0455232   0.018022 -0.0432964
 0.0154975 -0.0585234  0.0210089 -0.0501533  0.0160385 -0.0477252  0.0191875 -0.0452921
 0.0164077 -0.0593114   0.021849 -0.0504675  0.0169445 -0.0490477  0.0199895 -0.0464743
 0.0170253 -0.0595605  0.0223622 -0.0504128  0.0175519 -0.0498304  0.0204874 -0.0471609
 0.0172294 -0.0590934  0.0224389 -0.0498504   0.017741  -0.049836  0.0205687 -0.0471423
 0.0170896  -0.057891  0.0221343 -0.0487388  0.0175842 -0.0490815  0.0202979 -0.0464154
 0.0168666 -0.0562313  0.0217196 -0.0472138  0.0173423 -0.0478744   0.019935  -0.045241
 0.0162983 -0.0538154  0.0209371 -0.0450966  0.0167582 -0.0458327  0.0192288 -0.0432942
  0.015463 -0.0507884  0.0198668 -0.0425078  0.0158978  -0.043139  0.0182558 -0.0407182
  0.014539 -0.0471904  0.0186662 -0.0394153  0.0149442 -0.0398943  0.0171749 -0.0376088
 0.0135537  -0.043318  0.0173952 -0.0360806  0.0139298  -0.036343  0.0160366 -0.0341933
 0.0125478 -0.0391265  0.0160867 -0.0324419   0.012892 -0.0324645   0.014869  -0.030461
 0.0110832 -0.0346825  0.0143457 -0.0287582  0.0114019 -0.0281837  0.0132735 -0.0264049
0.00975538 -0.0301182  0.0127239 -0.0248944  0.0100446 -0.0238209  0.0118003 -0.0222476
0.00824697 -0.0252999  0.0109191 -0.0208605 0.00850906 -0.0191589  0.0101507 -0.0178264
0.00662108 -0.0200235 0.00896974 -0.0164305 0.00685633 -0.0140406 0.00837177 -0.0129748
 0.00497496   -0.014595  0.00699135  -0.0118562  0.00518406 -0.00877397  0.00656841 -0.00797795
 0.00319714  -0.0088639   0.0048722 -0.00703731  0.00338314 -0.00317352  0.00463244 -0.00267741
 0.00108913 -0.00313388  0.00245381 -0.00236213  0.00125856  0.00254159  0.00239334  0.00267614
 -0.00106126   0.00253182   1.4934e-06   0.00223741 -0.000904212   0.00821309  0.000116715   0.00797043
-0.00318434  0.00802651 -0.00241747  0.00668661 -0.00303809   0.0136949  -0.0021322   0.0130769
