-2.44422e-26  4.59163e-41  4.59163e-41
-2.44403e-26  2.76853e-06  4.59128e-41
-2.44346e-26  1.10372e-05  4.59021e-41
-2.44252e-26  2.47506e-05  4.58845e-41
-2.44121e-26  4.38538e-05  4.58599e-41
-2.43954e-26  6.82919e-05  4.58284e-41
-2.4375e-26   9.801e-05 4.57902e-41
-2.4351e-26 0.000132954 4.57451e-41
-2.43235e-26  0.000173069  4.56934e-41
-2.42925e-26  0.000218301  4.56351e-41
-2.42579e-26  0.000268596  4.55702e-41
-2.42199e-26    0.0003239  4.54988e-41
-2.41785e-26   0.00038416   4.5421e-41
-2.41337e-26  0.000449322  4.53368e-41
-2.40856e-26  0.000519333  4.52464e-41
-2.40341e-26  0.000594141  4.51497e-41
-2.39793e-26  0.000673691  4.50468e-41
-2.39213e-26  0.000757931  4.49378e-41
-2.38601e-26   0.00084681  4.48228e-41
-2.37957e-26  0.000940274  4.47018e-41
-2.37281e-26   0.00103827  4.45749e-41
-2.36574e-26   0.00114075  4.44421e-41
-2.35836e-26   0.00124766  4.43035e-41
-2.35068e-26   0.00135895  4.41592e-41
-2.3427e-26  0.00147456 4.40092e-41
-2.33441e-26   0.00159445  4.38536e-41
-2.32584e-26   0.00171856  4.36924e-41
-2.31697e-26   0.00184685  4.35258e-41
-2.30781e-26   0.00197926  4.33537e-41
-2.29836e-26   0.00211574  4.31762e-41
-2.28863e-26   0.00225625  4.29935e-41
-2.27862e-26   0.00240073  4.28055e-41
-2.26834e-26   0.00254913  4.26123e-41
-2.25778e-26    0.0027014   4.2414e-41
-2.24696e-26    0.0028575  4.22106e-41
-2.23586e-26   0.00301737  4.20022e-41
-2.22451e-26   0.00318096  4.17888e-41
-2.21289e-26   0.00334823  4.15706e-41
-2.20101e-26   0.00351913  4.13475e-41
-2.18889e-26    0.0036936  4.11197e-41
-2.17651e-26    0.0038716  4.08871e-41
-2.16388e-26   0.00405309  4.06499e-41
-2.151e-26 0.00423801 4.0408e-41
-2.13789e-26   0.00442631  4.01616e-41
-2.12454e-26   0.00461796  3.99108e-41
-2.11095e-26   0.00481289  3.96555e-41
-2.09712e-26   0.00501107  3.93958e-41
-2.08307e-26   0.00521244  3.91318e-41
-2.06879e-26   0.00541696  3.88636e-41
-2.05429e-26   0.00562458  3.85911e-41
-2.03957e-26   0.00583526  3.83146e-41
-2.02463e-26   0.00604895  3.80339e-41
-2.00947e-26    0.0062656  3.77491e-41
-1.9941e-26  0.00648517 3.74604e-41
-1.97852e-26   0.00670761  3.71678e-41
-1.96274e-26   0.00693288  3.68713e-41
-1.94675e-26   0.00716092   3.6571e-41
-1.93057e-26    0.0073917  3.62669e-41
-1.91418e-26   0.00762517  3.59591e-41
-1.89761e-26   0.00786129  3.56477e-41
-1.88084e-26       0.0081  3.53326e-41
-1.86388e-26   0.00834127   3.5014e-41
-1.84673e-26   0.00858505   3.4692e-41
-1.8294e-26   0.0088313 3.43664e-41
-1.8119e-26  0.00907997 3.40375e-41
-1.79421e-26   0.00933102  3.37053e-41
-1.77635e-26   0.00958441  3.33698e-41
-1.75832e-26   0.00984009   3.3031e-41
-1.74012e-26     0.010098  3.26891e-41
-1.72175e-26    0.0103582  3.23441e-41
-1.70322e-26    0.0106204   3.1996e-41
-1.68453e-26    0.0108849  3.16448e-41
-1.66568e-26    0.0111514  3.12907e-41
-1.64667e-26    0.0114199  3.09337e-41
-1.62752e-26    0.0116904  3.05738e-41
-1.60821e-26    0.0119629  3.02111e-41
-1.58875e-26    0.0122373  2.98456e-41
-1.56915e-26    0.0125135  2.94774e-41
-1.54941e-26    0.0127916  2.91065e-41
-1.52953e-26    0.0130715  2.87331e-41
-1.50952e-26    0.0133531   2.8357e-41
-1.48936e-26    0.0136364  2.79785e-41
-1.46908e-26    0.0139214  2.75974e-41
-1.44867e-26     0.014208   2.7214e-41
-1.42813e-26    0.0144962  2.68282e-41
-1.40747e-26    0.0147859  2.64401e-41
-1.38669e-26    0.0150771  2.60496e-41
-1.36579e-26    0.0153698   2.5657e-41
-1.34477e-26    0.0156639  2.52622e-41
-1.32364e-26    0.0159594  2.48653e-41
-1.3024e-26   0.0162562 2.44662e-41
-1.28106e-26    0.0165544  2.40652e-41
-1.2596e-26   0.0168538 2.36621e-41
-1.23804e-26    0.0171545  2.32572e-41
-1.21638e-26    0.0174563  2.28503e-41
-1.19463e-26    0.0177593  2.24416e-41
-1.17277e-26    0.0180634   2.2031e-41
-1.15083e-26    0.0183685  2.16188e-41
-1.12879e-26    0.0186747  2.12048e-41
-1.10667e-26     0.018982  2.07891e-41
-1.08445e-26    0.0192901  2.03718e-41
-1.06216e-26    0.0195992   1.9953e-41
-1.03978e-26    0.0199092  1.95326e-41
-1.01733e-26    0.0202201  1.91108e-41
-9.94793e-27    0.0205317  1.86875e-41
-9.72186e-27    0.0208441  1.82628e-41
-9.49508e-27    0.0211573  1.78367e-41
-9.26759e-27    0.0214712  1.74094e-41
-9.03944e-27    0.0217858  1.69808e-41
-8.81064e-27     0.022101   1.6551e-41
-8.58121e-27    0.0224167    1.612e-41
-8.35118e-27    0.0227331  1.56878e-41
-8.12056e-27      0.02305  1.52546e-41
-7.88939e-27    0.0233674  1.48203e-41
-7.65769e-27    0.0236852   1.4385e-41
-7.42547e-27    0.0240035  1.39488e-41
-7.19276e-27    0.0243221  1.35116e-41
-6.95959e-27    0.0246412  1.30736e-41
-6.72596e-27    0.0249605  1.26347e-41
-6.49192e-27    0.0252801   1.2195e-41
-6.25747e-27       0.0256  1.17546e-41
-6.02264e-27    0.0259201  1.13134e-41
-5.78746e-27    0.0262404  1.08716e-41
-5.55193e-27    0.0265609  1.04292e-41
-5.31609e-27    0.0268814  9.98612e-42
-5.07996e-27    0.0272021  9.54252e-42
-4.84355e-27    0.0275228   9.0984e-42
-4.60689e-27    0.0278436  8.65382e-42
-4.37001e-27    0.0281643   8.2088e-42
-4.13291e-27     0.028485  7.76339e-42
-3.89562e-27    0.0288056  7.31762e-42
-3.65816e-27    0.0291262  6.87153e-42
-3.42055e-27    0.0294466  6.42517e-42
-3.18282e-27    0.0297668  5.97856e-42
-2.94498e-27    0.0300868  5.53176e-42
-2.70705e-27    0.0304066  5.08479e-42
-2.46906e-27    0.0307262  4.63769e-42
-2.23102e-27    0.0310455  4.19051e-42
-1.99295e-27    0.0313644  3.74327e-42
-1.75487e-27     0.031683  3.29602e-42
-1.51681e-27    0.0320012   2.8488e-42
-1.27878e-27    0.0323191  2.40163e-42
-1.0408e-27   0.0326364 1.95456e-42
-8.02884e-28    0.0329533  1.50762e-42
-5.65063e-28    0.0332698  1.06085e-42
-3.2735e-28   0.0335857 6.14285e-43
-8.97649e-29     0.033901  1.67958e-43
 1.47674e-28    0.0342158 -2.78093e-43
 3.84948e-28    0.0345299 -7.23834e-43
 6.22038e-28    0.0348434 -1.16923e-42
 8.58925e-28    0.0351562 -1.61425e-42
 1.09559e-27    0.0354684 -2.05885e-42
1.33202e-27   0.0357798  -2.503e-42
 1.56819e-27    0.0360905 -2.94667e-42
 1.80409e-27    0.0364004 -3.38982e-42
 2.03969e-27    0.0367095 -3.83243e-42
 2.27498e-27    0.0370178 -4.27444e-42
 2.50995e-27    0.0373252 -4.71585e-42
2.74456e-27   0.0376317 -5.1566e-42
 2.97882e-27    0.0379373 -5.59666e-42
 3.21269e-27     0.038242 -6.03602e-42
 3.44616e-27    0.0385457 -6.47462e-42
 3.67922e-27    0.0388484 -6.91244e-42
 3.91185e-27    0.0391501 -7.34945e-42
 4.14402e-27    0.0394508 -7.78562e-42
 4.37574e-27    0.0397504 -8.22091e-42
 4.60696e-27    0.0400489 -8.65529e-42
 4.83769e-27    0.0403463 -9.08874e-42
  5.0679e-27    0.0406426 -9.52121e-42
 5.29758e-27    0.0409377 -9.95269e-42
 5.52672e-27    0.0412316 -1.03831e-41
 5.75528e-27    0.0415243 -1.08125e-41
 5.98327e-27    0.0418157 -1.12408e-41
6.21066e-27   0.0421059 -1.1668e-41
6.43744e-27   0.0423948 -1.2094e-41
 6.66359e-27    0.0426824 -1.25189e-41
 6.88909e-27    0.0429687 -1.29425e-41
 7.11394e-27    0.0432536 -1.33649e-41
7.33811e-27   0.0435371 -1.3786e-41
 7.56159e-27    0.0438193 -1.42058e-41
 7.78437e-27       0.0441 -1.46244e-41
 8.00643e-27    0.0443793 -1.50415e-41
 8.22776e-27    0.0446571 -1.54573e-41
 8.44833e-27    0.0449334 -1.58717e-41
 8.66814e-27    0.0452082 -1.62846e-41
 8.88717e-27    0.0454815 -1.66961e-41
 9.10541e-27    0.0457532 -1.71061e-41
 9.32284e-27    0.0460234 -1.75145e-41
 9.53946e-27    0.0462919 -1.79214e-41
 9.75523e-27    0.0465589 -1.83268e-41
 9.97016e-27    0.0468242 -1.87306e-41
 1.01842e-26    0.0470878 -1.91327e-41
 1.03974e-26    0.0473498 -1.95332e-41
1.06097e-26     0.04761 -1.9932e-41
 1.08211e-26    0.0478686 -2.03291e-41
 1.10316e-26    0.0481254 -2.07245e-41
 1.12411e-26    0.0483804 -2.11181e-41
1.14497e-26   0.0486337  -2.151e-41
 1.16573e-26    0.0488852 -2.19001e-41
  1.1864e-26    0.0491349 -2.22883e-41
 1.20697e-26    0.0493827 -2.26747e-41
 1.22744e-26    0.0496287 -2.30593e-41
 1.24781e-26    0.0498728 -2.34419e-41
 1.26807e-26     0.050115 -2.38226e-41
 1.28824e-26    0.0503554 -2.42014e-41
 1.30829e-26    0.0505938 -2.45782e-41
1.32825e-26   0.0508302 -2.4953e-41
 1.34809e-26    0.0510647 -2.53259e-41
 1.36783e-26    0.0512972 -2.56966e-41
 1.38746e-26    0.0515277 -2.60654e-41
1.40698e-26   0.0517562 -2.6432e-41
 1.42638e-26    0.0519827 -2.67966e-41
1.44567e-26   0.0522072 -2.7159e-41
 1.46485e-26    0.0524296 -2.75193e-41
 1.48392e-26    0.0526499 -2.78775e-41
 1.50286e-26    0.0528681 -2.82334e-41
  1.5217e-26    0.0530842 -2.85872e-41
 1.54041e-26    0.0532981 -2.89387e-41
   1.559e-26      0.05351 -2.92879e-41
1.57747e-26   0.0537197 -2.9635e-41
 1.59582e-26    0.0539272 -2.99797e-41
 1.61405e-26    0.0541325 -3.03221e-41
 1.63215e-26    0.0543356 -3.06622e-41
1.65013e-26   0.0545365    -3.1e-41
 1.66799e-26    0.0547352 -3.13354e-41
 1.68571e-26    0.0549316 -3.16684e-41
1.70331e-26   0.0551258 -3.1999e-41
 1.72078e-26    0.0553177 -3.23272e-41
1.73812e-26   0.0555074 -3.2653e-41
 1.75533e-26    0.0556947 -3.29763e-41
 1.77241e-26    0.0558797 -3.32971e-41
 1.78936e-26    0.0560624 -3.36154e-41
 1.80617e-26    0.0562428 -3.39313e-41
 1.82285e-26    0.0564208 -3.42446e-41
 1.83939e-26    0.0565964 -3.45554e-41
  1.8558e-26    0.0567697 -3.48636e-41
 1.87207e-26    0.0569406 -3.51692e-41
  1.8882e-26    0.0571091 -3.54723e-41
 1.90419e-26    0.0572751 -3.57727e-41
 1.92005e-26    0.0574388 -3.60706e-41
 1.93576e-26       0.0576 -3.63657e-41
 1.95133e-26    0.0577588 -3.66583e-41
 1.96676e-26    0.0579151 -3.69481e-41
 1.98205e-26     0.058069 -3.72353e-41
 1.99719e-26    0.0582203 -3.75198e-41
 2.01219e-26    0.0583692 -3.78016e-41
 2.02705e-26    0.0585156 -3.80806e-41
 2.04176e-26    0.0586595 -3.83569e-41
 2.05632e-26    0.0588009 -3.86305e-41
 2.07073e-26    0.0589397 -3.89013e-41
   2.085e-26     0.059076 -3.91693e-41
 2.09911e-26    0.0592098 -3.94345e-41
 2.11308e-26     0.059341 -3.96969e-41
  2.1269e-26    0.0594696 -3.99565e-41
 2.14057e-26    0.0595957 -4.02132e-41
 2.15408e-26    0.0597191 -4.04671e-41
 2.16744e-26      0.05984 -4.07181e-41
 2.18065e-26    0.0599583 -4.09663e-41
 2.19371e-26     0.060074 -4.12116e-41
2.20661e-26   0.0601871 -4.1454e-41
 2.21936e-26    0.0602975 -4.16935e-41
2.23196e-26   0.0604054  -4.193e-41
 2.24439e-26    0.0605105 -4.21637e-41
 2.25667e-26    0.0606131 -4.23944e-41
  2.2688e-26     0.060713 -4.26221e-41
 2.28076e-26    0.0608102 -4.28469e-41
 2.29257e-26    0.0609048 -4.30687e-41
 2.30422e-26    0.0609967 -4.32876e-41
 2.31571e-26    0.0610859 -4.35034e-41
 2.32704e-26    0.0611724 -4.37163e-41
 2.33821e-26    0.0612562 -4.39262e-41
2.34922e-26   0.0613374 -4.4133e-41
 2.36007e-26    0.0614159 -4.43368e-41
 2.37076e-26    0.0614916 -4.45376e-41
 2.38129e-26    0.0615646 -4.47353e-41
2.39165e-26    0.061635  -4.493e-41
 2.40185e-26    0.0617026 -4.51216e-41
 2.41189e-26    0.0617674 -4.53102e-41
 2.42176e-26    0.0618296 -4.54957e-41
 2.43147e-26     0.061889 -4.56781e-41
 2.44102e-26    0.0619457 -4.58574e-41
  2.4504e-26    0.0619996 -4.60336e-41
 2.45961e-26    0.0620508 -4.62067e-41
 2.46866e-26    0.0620993 -4.63767e-41
 2.47755e-26     0.062145 -4.65436e-41
 2.48626e-26    0.0621879 -4.67074e-41
 2.49482e-26    0.0622281 -4.68681e-41
  2.5032e-26    0.0622655 -4.70256e-41
2.51142e-26   0.0623002  -4.718e-41
 2.51947e-26    0.0623321 -4.73312e-41
 2.52735e-26    0.0623612 -4.74793e-41
 2.53507e-26    0.0623876 -4.76242e-41
2.54261e-26   0.0624111 -4.7766e-41
 2.54999e-26     0.062432 -4.79046e-41
  2.5572e-26      0.06245 -4.80401e-41
 2.56425e-26    0.0624653 -4.81724e-41
 2.57112e-26    0.0624778 -4.83015e-41
 2.57782e-26    0.0624875 -4.84274e-41
 2.58436e-26    0.0624944 -4.85502e-41
 2.59072e-26    0.0624986 -4.86697e-41
 2.59692e-26       0.0625 -4.87861e-41
 2.60294e-26    0.0624986 -4.88993e-41
  2.6088e-26    0.0624944 -4.90093e-41
 2.61448e-26    0.0624875 -4.91161e-41
    2.62e-26    0.0624778 -4.92197e-41
 2.62535e-26    0.0624653 -4.93202e-41
 2.63052e-26      0.06245 -4.94174e-41
 2.63553e-26     0.062432 -4.95114e-41
 2.64036e-26    0.0624111 -4.96022e-41
 2.64502e-26    0.0623876 -4.96898e-41
 2.64952e-26    0.0623612 -4.97743e-41
 2.65384e-26    0.0623321 -4.98555e-41
 2.65799e-26    0.0623002 -4.99335e-41
 2.66198e-26    0.0622655 -5.00083e-41
 2.66579e-26    0.0622281 -5.00799e-41
 2.66943e-26    0.0621879 -5.01483e-41
  2.6729e-26     0.062145 -5.02135e-41
  2.6762e-26    0.0620993 -5.02755e-41
 2.67933e-26    0.0620508 -5.03342e-41
 2.68229e-26    0.0619996 -5.03898e-41
 2.68508e-26    0.0619457 -5.04422e-41
 2.68769e-26     0.061889 -5.04914e-41
 2.69014e-26    0.0618296 -5.05374e-41
 2.69242e-26    0.0617674 -5.05802e-41
 2.69453e-26    0.0617026 -5.06198e-41
 2.69647e-26     0.061635 -5.06563e-41
 2.69824e-26    0.0615646 -5.06895e-41
 2.69984e-26    0.0614916 -5.07196e-41
 2.70127e-26    0.0614159 -5.07464e-41
 2.70253e-26    0.0613374 -5.07701e-41
 2.70362e-26    0.0612562 -5.07907e-41
2.70455e-26   0.0611724 -5.0808e-41
  2.7053e-26    0.0610859 -5.08222e-41
 2.70589e-26    0.0609967 -5.08332e-41
 2.70631e-26    0.0609048 -5.08411e-41
 2.70656e-26    0.0608102 -5.08458e-41
 2.70664e-26     0.060713 -5.08474e-41
 2.70656e-26    0.0606131 -5.08458e-41
 2.70631e-26    0.0605105 -5.08411e-41
 2.70589e-26    0.0604054 -5.08333e-41
 2.70531e-26    0.0602975 -5.08223e-41
 2.70456e-26    0.0601871 -5.08082e-41
2.70364e-26    0.060074 -5.0791e-41
 2.70256e-26    0.0599583 -5.07707e-41
 2.70132e-26      0.05984 -5.07473e-41
 2.69991e-26    0.0597191 -5.07208e-41
 2.69833e-26    0.0595957 -5.06912e-41
 2.69659e-26    0.0594696 -5.06585e-41
 2.69469e-26     0.059341 -5.06228e-41
2.69262e-26   0.0592098 -5.0584e-41
 2.69039e-26     0.059076 -5.05421e-41
   2.688e-26    0.0589397 -5.04972e-41
 2.68545e-26    0.0588009 -5.04492e-41
 2.68273e-26    0.0586595 -5.03982e-41
 2.67986e-26    0.0585156 -5.03442e-41
 2.67682e-26    0.0583692 -5.02871e-41
 2.67363e-26    0.0582203 -5.02271e-41
2.67027e-26    0.058069 -5.0164e-41
2.66675e-26   0.0579151 -5.0098e-41
2.66308e-26   0.0577588 -5.0029e-41
2.65925e-26      0.0576 -4.9957e-41
2.65526e-26   0.0574388 -4.9882e-41
 2.65111e-26    0.0572751 -4.98041e-41
 2.64681e-26    0.0571091 -4.97233e-41
 2.64235e-26    0.0569406 -4.96396e-41
 2.63774e-26    0.0567697 -4.95529e-41
 2.63297e-26    0.0565964 -4.94633e-41
 2.62805e-26    0.0564208 -4.93708e-41
 2.62297e-26    0.0562428 -4.92755e-41
 2.61774e-26    0.0560624 -4.91772e-41
 2.61236e-26    0.0558797 -4.90762e-41
 2.60683e-26    0.0556947 -4.89722e-41
 2.60115e-26    0.0555074 -4.88655e-41
 2.59531e-26    0.0553177 -4.87559e-41
 2.58933e-26    0.0551258 -4.86435e-41
  2.5832e-26    0.0549316 -4.85283e-41
 2.57692e-26    0.0547352 -4.84103e-41
 2.57049e-26    0.0545365 -4.82896e-41
 2.56392e-26    0.0543356 -4.81661e-41
  2.5572e-26    0.0541325 -4.80398e-41
 2.55033e-26    0.0539272 -4.79109e-41
 2.54333e-26    0.0537197 -4.77792e-41
 2.53617e-26      0.05351 -4.76448e-41
 2.52888e-26    0.0532981 -4.75078e-41
2.52144e-26   0.0530842 -4.7368e-41
 2.51386e-26    0.0528681 -4.72257e-41
 2.50614e-26    0.0526499 -4.70806e-41
2.49828e-26   0.0524296 -4.6933e-41
 2.49028e-26    0.0522072 -4.67828e-41
 2.48215e-26    0.0519827 -4.66299e-41
 2.47388e-26    0.0517563 -4.64745e-41
 2.46547e-26    0.0515277 -4.63166e-41
2.45692e-26   0.0512972 -4.6156e-41
2.44825e-26   0.0510647 -4.5993e-41
 2.43943e-26    0.0508302 -4.58275e-41
 2.43049e-26    0.0505938 -4.56595e-41
2.42142e-26   0.0503554 -4.5489e-41
2.41221e-26    0.050115 -4.5316e-41
 2.40287e-26    0.0498728 -4.51406e-41
 2.39341e-26    0.0496287 -4.49628e-41
 2.38382e-26    0.0493827 -4.47826e-41
2.3741e-26  0.0491349  -4.46e-41
 2.36425e-26    0.0488852 -4.44151e-41
 2.35428e-26    0.0486337 -4.42278e-41
 2.34419e-26    0.0483804 -4.40382e-41
 2.33397e-26    0.0481254 -4.38463e-41
 2.32364e-26    0.0478686 -4.36521e-41
 2.31318e-26      0.04761 -4.34556e-41
  2.3026e-26    0.0473498 -4.32569e-41
  2.2919e-26    0.0470878 -4.30559e-41
 2.28109e-26    0.0468242 -4.28528e-41
 2.27016e-26    0.0465589 -4.26475e-41
2.25912e-26   0.0462919  -4.244e-41
 2.24796e-26    0.0460234 -4.22304e-41
 2.23669e-26    0.0457532 -4.20186e-41
  2.2253e-26    0.0454815 -4.18048e-41
 2.21381e-26    0.0452082 -4.15888e-41
 2.20221e-26    0.0449334 -4.13709e-41
  2.1905e-26    0.0446571 -4.11509e-41
 2.17868e-26    0.0443793 -4.09288e-41
 2.16675e-26       0.0441 -4.07048e-41
 2.15473e-26    0.0438193 -4.04789e-41
2.14259e-26   0.0435371 -4.0251e-41
 2.13036e-26    0.0432536 -4.00211e-41
 2.11802e-26    0.0429687 -3.97894e-41
 2.10559e-26    0.0426824 -3.95558e-41
 2.09306e-26    0.0423948 -3.93204e-41
 2.08043e-26    0.0421059 -3.90831e-41
  2.0677e-26    0.0418157 -3.88441e-41
 2.05488e-26    0.0415243 -3.86032e-41
 2.04197e-26    0.0412316 -3.83606e-41
 2.02897e-26    0.0409377 -3.81163e-41
 2.01587e-26    0.0406426 -3.78703e-41
 2.00269e-26    0.0403463 -3.76227e-41
 1.98941e-26    0.0400489 -3.73733e-41
 1.97606e-26    0.0397504 -3.71224e-41
 1.96261e-26    0.0394508 -3.68698e-41
 1.94909e-26    0.0391501 -3.66157e-41
 1.93548e-26    0.0388484 -3.63601e-41
 1.92179e-26    0.0385457 -3.61029e-41
 1.90802e-26     0.038242 -3.58442e-41
 1.89417e-26    0.0379373 -3.55841e-41
 1.88025e-26    0.0376317 -3.53225e-41
 1.86625e-26    0.0373252 -3.50596e-41
 1.85218e-26    0.0370178 -3.47952e-41
 1.83804e-26    0.0367095 -3.45295e-41
 1.82382e-26    0.0364004 -3.42625e-41
 1.80954e-26    0.0360905 -3.39942e-41
 1.79519e-26    0.0357798 -3.37246e-41
 1.78077e-26    0.0354684 -3.34538e-41
 1.76629e-26    0.0351562 -3.31817e-41
 1.75175e-26    0.0348434 -3.29085e-41
 1.73715e-26    0.0345299 -3.26342e-41
 1.72248e-26    0.0342158 -3.23587e-41
 1.70776e-26     0.033901 -3.20821e-41
 1.69298e-26    0.0335857 -3.18045e-41
 1.67815e-26    0.0332698 -3.15258e-41
 1.66326e-26    0.0329533 -3.12461e-41
 1.64832e-26    0.0326364 -3.09655e-41
 1.63333e-26    0.0323191 -3.06839e-41
  1.6183e-26    0.0320012 -3.04014e-41
 1.60321e-26     0.031683 -3.01181e-41
 1.58808e-26    0.0313644 -2.98339e-41
 1.57291e-26    0.0310455 -2.95489e-41
  1.5577e-26    0.0307262 -2.92631e-41
 1.54245e-26    0.0304066 -2.89765e-41
 1.52716e-26    0.0300868 -2.86893e-41
 1.51183e-26    0.0297668 -2.84013e-41
 1.49647e-26    0.0294466 -2.81127e-41
 1.48107e-26    0.0291262 -2.78235e-41
 1.46565e-26    0.0288056 -2.75337e-41
 1.45019e-26     0.028485 -2.72434e-41
 1.43471e-26    0.0281643 -2.69525e-41
  1.4192e-26    0.0278436 -2.66612e-41
 1.40367e-26    0.0275228 -2.63694e-41
 1.38811e-26    0.0272021 -2.60772e-41
 1.37254e-26    0.0268814 -2.57846e-41
 1.35694e-26    0.0265609 -2.54917e-41
 1.34134e-26    0.0262404 -2.51984e-41
 1.32571e-26    0.0259201 -2.49049e-41
 1.31007e-26       0.0256 -2.46112e-41
 1.29443e-26    0.0252801 -2.43172e-41
 1.27877e-26    0.0249605 -2.40231e-41
 1.26311e-26    0.0246412 -2.37288e-41
 1.24744e-26    0.0243221 -2.34345e-41
1.23177e-26   0.0240035  -2.314e-41
 1.21609e-26    0.0236852 -2.28456e-41
 1.20042e-26    0.0233674 -2.25512e-41
 1.18475e-26      0.02305 -2.22568e-41
 1.16908e-26    0.0227331 -2.19625e-41
 1.15343e-26    0.0224167 -2.16684e-41
 1.13778e-26     0.022101 -2.13744e-41
 1.12214e-26    0.0217858 -2.10806e-41
1.10651e-26   0.0214712 -2.0787e-41
  1.0909e-26    0.0211573 -2.04937e-41
 1.07531e-26    0.0208441 -2.02008e-41
 1.05973e-26    0.0205317 -1.99082e-41
1.04418e-26   0.0202201 -1.9616e-41
 1.02864e-26    0.0199092 -1.93242e-41
 1.01314e-26    0.0195992 -1.90329e-41
 9.97659e-27    0.0192901 -1.87421e-41
 9.82209e-27     0.018982 -1.84519e-41
 9.66791e-27    0.0186747 -1.81622e-41
 9.51407e-27    0.0183685 -1.78732e-41
 9.36058e-27    0.0180634 -1.75849e-41
 9.20748e-27    0.0177593 -1.72972e-41
 9.05477e-27    0.0174563 -1.70104e-41
  8.9025e-27    0.0171545 -1.67243e-41
 8.75066e-27    0.0168538 -1.64391e-41
  8.5993e-27    0.0165544 -1.61547e-41
 8.44842e-27    0.0162562 -1.58713e-41
 8.29806e-27    0.0159594 -1.55888e-41
 8.14824e-27    0.0156639 -1.53073e-41
 7.99897e-27    0.0153698 -1.50269e-41
 7.85028e-27    0.0150771 -1.47476e-41
 7.70219e-27    0.0147859 -1.44694e-41
 7.55473e-27    0.0144962 -1.41924e-41
 7.40792e-27     0.014208 -1.39166e-41
7.26178e-27   0.0139214 -1.3642e-41
 7.11634e-27    0.0136364 -1.33688e-41
 6.97162e-27    0.0133531 -1.30969e-41
 6.82763e-27    0.0130715 -1.28264e-41
 6.68442e-27    0.0127916 -1.25574e-41
 6.54199e-27    0.0125135 -1.22898e-41
 6.40038e-27    0.0122373 -1.20238e-41
  6.2596e-27    0.0119629 -1.17593e-41
 6.11969e-27    0.0116904 -1.14965e-41
 5.98066e-27    0.0114199 -1.12353e-41
 5.84254e-27    0.0111514 -1.09758e-41
 5.70536e-27    0.0108849 -1.07181e-41
 5.56913e-27    0.0106204 -1.04622e-41
 5.43389e-27    0.0103582 -1.02081e-41
 5.29966e-27     0.010098 -9.95597e-42
 5.16646e-27   0.00984009 -9.70574e-42
 5.03431e-27   0.00958441 -9.45749e-42
 4.90325e-27   0.00933102 -9.21128e-42
  4.7733e-27   0.00907997 -8.96715e-42
 4.64448e-27    0.0088313 -8.72515e-42
 4.51682e-27   0.00858505 -8.48533e-42
 4.39034e-27   0.00834127 -8.24773e-42
4.26508e-27      0.0081 -8.0124e-42
4.14105e-27  0.00786129 -7.7794e-42
 4.01828e-27   0.00762517 -7.54876e-42
  3.8968e-27    0.0073917 -7.32055e-42
3.77663e-27  0.00716092 -7.0948e-42
  3.6578e-27   0.00693288 -6.87157e-42
3.54034e-27  0.00670761 -6.6509e-42
 3.42427e-27   0.00648517 -6.43285e-42
 3.30962e-27    0.0062656 -6.21747e-42
3.19641e-27  0.00604895 -6.0048e-42
3.08468e-27  0.00583526 -5.7949e-42
 2.97445e-27   0.00562458 -5.58782e-42
2.86574e-27  0.00541696 -5.3836e-42
2.75859e-27  0.00521244 -5.1823e-42
 2.65301e-27   0.00501107 -4.98397e-42
 2.54905e-27   0.00481289 -4.78866e-42
 2.44672e-27   0.00461796 -4.59643e-42
 2.34605e-27   0.00442631 -4.40731e-42
 2.24708e-27   0.00423801 -4.22138e-42
 2.14982e-27   0.00405309 -4.03867e-42
 2.05431e-27    0.0038716 -3.85924e-42
 1.96057e-27    0.0036936 -3.68315e-42
 1.86864e-27   0.00351913 -3.51044e-42
 1.77854e-27   0.00334823 -3.34117e-42
 1.69029e-27   0.00318096 -3.17539e-42
 1.60393e-27   0.00301737 -3.01316e-42
 1.51949e-27    0.0028575 -2.85453e-42
   1.437e-27    0.0027014 -2.69955e-42
 1.35647e-27   0.00254913 -2.54828e-42
 1.27795e-27   0.00240073 -2.40077e-42
 1.20146e-27   0.00225625 -2.25708e-42
 1.12703e-27   0.00211574 -2.11725e-42
  1.0547e-27   0.00197926 -1.98136e-42
 9.84476e-28   0.00184685 -1.84944e-42
 9.16405e-28   0.00171856 -1.72156e-42
 8.50512e-28   0.00159445 -1.59778e-42
 7.86827e-28   0.00147456 -1.47814e-42
7.25381e-28  0.00135895 -1.3627e-42
 6.66201e-28   0.00124766 -1.25153e-42
  6.0932e-28   0.00114075 -1.14467e-42
 5.54766e-28   0.00103827 -1.04219e-42
 5.02571e-28  0.000940274 -9.44133e-43
 4.52764e-28   0.00084681 -8.50566e-43
 4.05377e-28  0.000757931 -7.61543e-43
 3.60439e-28  0.000673691 -6.77122e-43
 3.17981e-28  0.000594141 -5.97361e-43
 2.78034e-28  0.000519333 -5.22317e-43
  2.4063e-28  0.000449322 -4.52049e-43
 2.05799e-28   0.00038416 -3.86616e-43
 1.73573e-28    0.0003239 -3.26075e-43
 1.43982e-28  0.000268596 -2.70485e-43
 1.17058e-28  0.000218301 -2.19906e-43
 9.28326e-29  0.000173069 -1.74396e-43
 7.13377e-29  0.000132954 -1.34015e-43
 5.26047e-29    9.801e-05 -9.88235e-44
 3.66655e-29  6.82919e-05 -6.88801e-44
 2.35522e-29  4.38538e-05 -4.42452e-44
 1.32967e-29  2.47506e-05 -2.49792e-44
 5.93126e-30  1.10372e-05 -1.11425e-44
1.48823e-30 2.76853e-06 -2.7958e-45
-9.18355e-41            0 -1.63133e-55
0 0 0
0 0 0
0 0 0
0 0 0
0 0 0
0 0 0
0 0 0
0 0 0
0 0 0
0 0 0
0 0 0
0 0 0
0 0 0
0 0 0
0 0 0
0 0 0
0 0 0
0 0 0
0 0 0
0 0 0
0 0 0
0 0 0
0 0 0
0 0 0
0 0 0
0 0 0
0 0 0
0 0 0
0 0 0
0 0 0
0 0 0
0 0 0
0 0 0
0 0 0
0 0 0
0 0 0
0 0 0
0 0 0
0 0 0
0 0 0
0 0 0
0 0 0
0 0 0
0 0 0
0 0 0
0 0 0
0 0 0
0 0 0
0 0 0
0 0 0
0 0 0
0 0 0
0 0 0
0 0 0
0 0 0
0 0 0
0 0 0
0 0 0
0 0 0
0 0 0
0 0 0
0 0 0
0 0 0
0 0 0
0 0 0
0 0 0
0 0 0
0 0 0
0 0 0
0 0 0
0 0 0
0 0 0
0 0 0
0 0 0
0 0 0
0 0 0
0 0 0
0 0 0
0 0 0
0 0 0
0 0 0
0 0 0
0 0 0
0 0 0
0 0 0
0 0 0
0 0 0
0 0 0
0 0 0
0 0 0
0 0 0
0 0 0
0 0 0
0 0 0
0 0 0
0 0 0
0 0 0
0 0 0
0 0 0
0 0 0
0 0 0
0 0 0
0 0 0
0 0 0
0 0 0
0 0 0
0 0 0
0 0 0
