 2.75738e-39 -0.000365071  2.75738e-39 -0.000365071  1.76528e-39 -0.000365071  1.76528e-39 -0.000365071
-5.77423e-05 -0.000314012 -5.62252e-05 -0.000314048 -8.15643e-05 -0.000313319 -7.78774e-05 -0.000313442
-3.01145e-05 -0.000163921 -2.93954e-05 -0.000163938 -4.24841e-05 -0.000163562 -4.05691e-05 -0.000163625
1.56049e-05 8.50062e-05 1.52645e-05 8.50143e-05 2.19626e-05 8.48221e-05 2.09978e-05 8.48541e-05
7.94129e-05 0.000431765 7.75649e-05 0.000431809 0.000111251 0.000430844  0.00010657 0.000430999
0.000161176 0.000875358 0.000157308  0.00087545 0.000225044 0.000873511 0.000215898 0.000873813
0.000258947  0.00141483 0.000253794  0.00141496 0.000363234  0.00141183 0.000349048   0.0014123
0.000372927  0.00204919 0.000365638  0.00204936 0.000525005  0.00204483 0.000505685  0.00204546
0.000502506  0.00277746 0.000494768  0.00277764 0.000709875  0.00277153 0.000685523  0.00277233
0.000647447  0.00359865 0.000640446  0.00359881 0.000917761  0.00359095  0.00088851  0.00359191
0.000809767  0.00451174 0.000800678  0.00451195  0.00115008  0.00450205  0.00111294  0.00450327
0.000988043  0.00551577 0.000977073  0.00551602  0.00140498  0.00550391  0.00135801  0.00550546
0.00118504  0.0066097 0.00116706 0.00661012 0.00168313 0.00659554 0.00162519 0.00659744
0.00140088 0.00779256 0.00137231 0.00779323 0.00198529 0.00777592 0.00191416 0.00777826
0.00163265 0.00906345 0.00159058 0.00906443  0.0023112  0.0090441 0.00222185 0.00904704
0.00187393  0.0104215  0.0018221  0.0104228 0.00265952  0.0103992 0.00255456  0.0104026
0.00214116  0.0118655 0.00206829  0.0118672 0.00302886  0.0118402 0.00290208  0.0118443
0.00242021  0.0133947 0.00233206  0.0133967 0.00341707  0.0133662 0.00326337  0.0133712
0.00271744   0.015008 0.00260872  0.0150105 0.00383299  0.0149761 0.00365077  0.0149821
0.00302417  0.0167047 0.00290648  0.0167074 0.00427218   0.016669 0.00405993  0.0166759
0.00335045  0.0184835  0.0032143  0.0184867 0.00472203  0.0184443 0.00448142  0.0184522
0.00368756  0.0203439 0.00354227  0.0203472 0.00519352  0.0203008   0.004924  0.0203096
0.00405189  0.0222843 0.00388227  0.0222882  0.0056836  0.0222376 0.00539475   0.022247
0.00442483  0.0243043 0.00424223  0.0243086 0.00619383  0.0242537 0.00588497  0.0242638
0.00478853  0.0264035 0.00460626  0.0264077 0.00671604  0.0263485 0.00640008  0.0263588
0.00518704  0.0285798 0.00501695  0.0285837 0.00726715  0.0285204 0.00692843  0.0285314
0.00556825  0.0308335 0.00542603  0.0308368 0.00781716  0.0307695 0.00746275   0.030781
0.00600836  0.0331619 0.00586955  0.0331651 0.00839697  0.0330939 0.00803147  0.0331057
0.00643586  0.0355657 0.00629403   0.035569 0.00899742  0.0354929 0.00860928  0.0355055
0.00688592  0.0380433 0.00675235  0.0380464 0.00963654   0.037965 0.00919055  0.0379795
0.00716573  0.0405982 0.00717796  0.0405979  0.0102828  0.0405104 0.00966772  0.0405302
0.00747162  0.0432248  0.0076592  0.0432205  0.0109681  0.0431271  0.0102024  0.0431517
0.00782106  0.0459219 0.00812442   0.045915  0.0116698  0.0458148  0.0106652  0.0458469
0.00818522  0.0486892 0.00863825  0.0486789  0.0124013  0.0485723  0.0111688  0.0486115
0.00859375  0.0515251  0.0091245  0.0515132  0.0131364  0.0513996  0.0115859  0.0514484
0.00900974  0.0544297 0.00964749  0.0544154  0.0139079  0.0542946  0.0120402  0.0543529
0.00953656  0.0573998  0.0101302  0.0573864  0.0146661   0.057258   0.012489  0.0573256
0.0100358 0.0604374 0.0106724 0.0604231  0.015452 0.0602877  0.012976 0.0603641
 0.010631  0.063539  0.011179 0.0635267 0.0162274  0.063384 0.0134246 0.0634698
0.0111977 0.0667065 0.0117041 0.0666951 0.0170267 0.0665449 0.0139021 0.0666399
0.0118634 0.0699361  0.012247 0.0699275 0.0178603 0.0697691 0.0143898  0.069874
0.0125177 0.0732294 0.0128843 0.0732211 0.0187408 0.0730553 0.0148853 0.0731714
0.0131985 0.0765847 0.0135297 0.0765771 0.0196275 0.0764041 0.0153659 0.0765318
0.0138561 0.0800022 0.0141583 0.0799953 0.0205376  0.079814 0.0158858 0.0799528
0.0147127  0.083476 0.0147803 0.0834744 0.0214529 0.0832846 0.0164264 0.0834341
0.0155302 0.0870106 0.0154981 0.0870113  0.022329 0.0868167  0.016995 0.0869747
0.0164149 0.0906026  0.016225 0.0906071 0.0231978 0.0904083 0.0176002 0.0905735
0.0172662 0.0942537 0.0171015 0.0942576 0.0240884 0.0940575 0.0182105 0.0942304
0.0182009 0.0979601  0.018004 0.0979648 0.0249628 0.0977649 0.0188874 0.0979431
0.0191271  0.101723 0.0190236  0.101726 0.0258698  0.101528  0.019584  0.101712
0.0201293   0.10554 0.0200047  0.105543 0.0268434  0.105344 0.0202721  0.105536
0.0211312  0.109412 0.0209511  0.109416 0.0278447  0.109215 0.0210012  0.109415
 0.022122  0.113338 0.0218898  0.113344 0.0288906  0.113138 0.0217117  0.113348
0.0230963  0.117317 0.0229441  0.117321 0.0300013  0.117112 0.0224283  0.117334
0.0242538  0.121344 0.0239869  0.121351 0.0311404  0.121138 0.0231958  0.121371
0.0253856  0.125423  0.025068  0.125432 0.0323041  0.125215 0.0239595   0.12546
0.0266718  0.129549 0.0261498  0.129563 0.0334958  0.129341 0.0247559  0.129599
0.0279182  0.133725 0.0273181  0.133741 0.0346792  0.133518 0.0254738  0.133789
0.0291794   0.13795 0.0284622   0.13797  0.035888  0.137743 0.0262478  0.138027
0.0304396  0.142223 0.0297053  0.142244 0.0370677  0.142017 0.0269773  0.142315
0.0317542  0.146542 0.0306983  0.146572 0.0382515  0.146339 0.0277461  0.146649
 0.032988   0.15091 0.0318097  0.150943 0.0394632  0.150706 0.0286332  0.151026
0.0341724  0.155325 0.0325771   0.15537 0.0406822  0.155119 0.0295525  0.155449
   0.0353  0.159786  0.033529  0.159836 0.0418604  0.159579 0.0304258  0.159917
0.0361036  0.164301 0.0343138  0.164352 0.0430565  0.164082 0.0314232  0.164427
 0.036914   0.16886 0.0351824  0.168908 0.0442378  0.168629 0.0324661  0.168979
0.0377817  0.173459 0.0359844  0.173509 0.0454505  0.173218  0.033486  0.173574
 0.038655    0.1781  0.036821  0.178151 0.0466457  0.177849 0.0345497   0.17821
0.0397219  0.182776 0.0377647  0.182831 0.0478798   0.18252 0.0355644  0.182888
0.0407518  0.187494 0.0388545  0.187547 0.0490345  0.187234 0.0365085  0.187608
0.0419529  0.192246 0.0398285  0.192305  0.050204  0.191987 0.0373561   0.19237
0.0430351  0.197041 0.0408864  0.197101 0.0514195  0.196777 0.0381868  0.197172
0.0444273  0.201864 0.0418491  0.201936 0.0527314  0.201602 0.0389336  0.202013
0.0456712  0.206729 0.0430592  0.206802 0.0540912  0.206463  0.039663  0.206891
0.0467413  0.211635 0.0440436  0.211711 0.0553932  0.211362 0.0404688  0.211804
0.0478007  0.216577 0.0451858  0.216651 0.0566234  0.216299 0.0413307  0.216752
 0.048749  0.221558 0.0462246  0.221628 0.0577488  0.221274 0.0422704  0.221732
0.0497069  0.226572 0.0475516  0.226632 0.0588907  0.226283 0.0431642  0.226747
 0.050465  0.231625 0.0487782  0.231672 0.0602083   0.23132  0.044293   0.23179
0.0512292   0.23671  0.050063  0.236743 0.0615025   0.23639 0.0453115  0.236868
0.0522995  0.241819 0.0512058  0.241849 0.0631456   0.24148 0.0465346  0.241973
 0.053449  0.246956 0.0528686  0.246972 0.0646699  0.246605  0.047693   0.24711
0.0539154  0.252143 0.0544206  0.252129 0.0662506  0.251758 0.0487885   0.25228
0.0545613  0.257354 0.0561094  0.257311 0.0677139  0.256945 0.0498035  0.257481
0.0546414   0.26261 0.0576306  0.262526 0.0692529  0.262158 0.0511676  0.262702
0.0548899  0.267889 0.0588525  0.267779 0.0704657  0.267411 0.0524967  0.267952
0.0548902  0.273201 0.0599361  0.273062 0.0717707  0.272689 0.0538731  0.273228
0.0552871   0.27853 0.0607066  0.278382 0.0734353   0.27798 0.0551464  0.278533
0.0560437  0.283874 0.0615914  0.283724 0.0751051  0.283297 0.0563069  0.283867
0.0568011  0.289244 0.0623763  0.289094 0.0769224  0.288635 0.0575038  0.289226
0.0576687  0.294636  0.062879  0.294496 0.0786482     0.294 0.0583583  0.294618
0.0586801  0.300047 0.0636884  0.299914 0.0799075  0.299405 0.0593211  0.300031
0.0592949  0.305492  0.063986  0.305368 0.0813133  0.304828 0.0603896  0.305464
0.0599133  0.310959 0.0646992  0.310834 0.0828381   0.31027 0.0615235  0.310918
0.0609269  0.316438 0.0658188   0.31631 0.0844331  0.315731 0.0627055  0.316393
0.0619743  0.321937 0.0672987  0.321797 0.0859895  0.321214 0.0638149   0.32189
0.0614684  0.327495 0.0675575  0.327338 0.0875239  0.326718 0.0651284  0.327403
0.0612456  0.333065 0.0680622  0.332892 0.0883097  0.332269 0.0667886  0.332926
0.0621397  0.338627 0.0682514  0.338472 0.0893958  0.337827 0.0680911  0.338477
 0.063033  0.344206 0.0690203  0.344056 0.0905656  0.343401 0.0694755  0.344044
0.0643219  0.349794 0.0682346  0.349697 0.0918442  0.348989 0.0707958   0.34963
0.0657722  0.355395 0.0681935  0.355335 0.0934151  0.354584  0.072144  0.355233
0.0671928  0.361013  0.067754  0.360999 0.0950054  0.360194 0.0737287  0.360846
0.0682844  0.366654  0.067467  0.366674 0.0965604  0.365821 0.0751271  0.366479
0.0697291  0.372301 0.0672911   0.37236 0.0981464  0.371462 0.0764787  0.372128
0.0707973  0.377972  0.067143  0.378059 0.0996112  0.377121 0.0778956  0.377789
0.0726864  0.383636 0.0668227  0.383776  0.101182   0.38279 0.0794598   0.38346
0.0739948  0.389328 0.0667113    0.3895  0.102699  0.388474  0.081046  0.389144
0.0759918  0.395014 0.0663303  0.395242  0.104132  0.394173 0.0823783  0.394846
0.0773312  0.400728 0.0661547   0.40099  0.105724  0.399878 0.0835066  0.400566
0.0781305  0.406467 0.0656464  0.406756  0.107368  0.405593 0.0844248  0.406302
0.0789864  0.412215 0.0654422  0.412525  0.108763  0.411326  0.085504  0.412045
0.0798507  0.417972 0.0648243  0.418312  0.110144   0.41707 0.0867927  0.417791
0.0808495  0.423735 0.0645176  0.424101  0.111262  0.422831 0.0882437  0.423542
0.0813035   0.42952 0.0643021  0.429897   0.11236  0.428602 0.0897904  0.429298
 0.082103  0.435303 0.0639379  0.435702  0.113508  0.434379 0.0912086  0.435066
 0.082275   0.44111 0.0635495  0.441515  0.114391  0.440172 0.0927552  0.440838
0.0832495  0.446903 0.0633916  0.447329   0.11575  0.445955 0.0942231  0.446618
0.0832957  0.452725 0.0629985  0.453154  0.117197  0.451741 0.0958355    0.4524
0.0832417  0.458553 0.0632181  0.458972   0.11831  0.457543 0.0973614  0.458189
0.0830758  0.464389 0.0627902  0.464806  0.119458   0.46335 0.0990092   0.46398
0.0830279  0.470226 0.0635244  0.470624  0.121066  0.469144   0.10052  0.469779
0.0829117  0.476067 0.0633032  0.476462  0.122659  0.474943  0.101608  0.475593
0.0833417  0.481899 0.0639566  0.482287  0.124888  0.480723  0.102695   0.48141
0.0837888  0.487732 0.0644533  0.488117  0.126917  0.486511  0.103338  0.487241
0.0850637  0.493549 0.0653663  0.493942  0.129227  0.492292  0.104149   0.49307
0.0861612   0.49937 0.0659555  0.499773   0.13147  0.498076  0.104652  0.498908
0.0889521  0.505153 0.0669661  0.505597  0.133166  0.503879  0.105313  0.504741
0.0913843  0.510944 0.0676491  0.511427   0.13488  0.509682  0.106178   0.51057
0.0934774  0.516742 0.0688177  0.517248  0.136103  0.515501  0.107246  0.516392
0.0954048  0.522542 0.0700267  0.523067  0.137426  0.521315  0.107696  0.522229
 0.098534   0.52831 0.0715694  0.528878  0.139269  0.527109  0.108269  0.528061
 0.101485   0.53408 0.0722773  0.534702  0.141064  0.532902  0.109535  0.533872
 0.103126  0.539879 0.0737141  0.540509   0.14283  0.538694  0.110922  0.539677
 0.104823  0.545673 0.0741594  0.546331  0.144705  0.544478  0.112631  0.545469
 0.105744  0.551482 0.0758217  0.552126  0.147371   0.55023  0.114305  0.551258
 0.106741  0.557285 0.0768547  0.557929  0.150014  0.555978  0.116135  0.557039
 0.107419   0.56309 0.0784633  0.563715  0.151681  0.561755  0.117965  0.562814
 0.108235  0.568886 0.0800557  0.569496  0.153445  0.567523  0.118815  0.568609
   0.1098  0.574657 0.0814687  0.575274  0.155021  0.573291  0.119889  0.574393
 0.111624  0.580414 0.0826775  0.581048  0.156789  0.579046  0.120137  0.580192
 0.112849   0.58618 0.0840166  0.586813  0.159366  0.584764  0.120759  0.585973
 0.113716  0.591946 0.0851284  0.592574  0.161893  0.590476    0.1211  0.591754
 0.115706  0.597675 0.0870499  0.598311  0.163995  0.596194  0.121906  0.597514
 0.117876  0.603391 0.0881592  0.604055  0.165847  0.601913  0.122018  0.603283
  0.11948  0.609111 0.0907158  0.609761  0.167224  0.607638  0.122258  0.609039
 0.120632  0.614833 0.0926368  0.615468  0.168589  0.613355  0.122225  0.614792
0.122227 0.620533 0.094339  0.62117 0.169987 0.619059   0.1225 0.620526
0.123294 0.626235 0.095801 0.626864 0.171531 0.624747 0.121331 0.626285
 0.125699  0.631891 0.0966301   0.63256   0.17433  0.630378   0.12044  0.632025
 0.127542  0.637549 0.0971934  0.638249  0.177076  0.635998  0.118462  0.637779
 0.129509  0.643192 0.0987911  0.643905  0.178819  0.641643  0.117296  0.643498
 0.131102  0.648831 0.0999738  0.649556  0.180238  0.647285  0.115722  0.649213
0.132307 0.654466 0.101411 0.655188 0.181859 0.652907 0.114826 0.654898
0.133942 0.660076 0.102739 0.660808 0.183523 0.658513 0.113439 0.660579
 0.13405 0.665711 0.104268 0.666409 0.185012 0.664111 0.112252 0.666239
 0.13491 0.671312 0.105673 0.671997 0.186537 0.669692 0.110174 0.671903
0.135468 0.676905 0.106886 0.677574 0.187946 0.675261 0.108483 0.677541
0.136601 0.682466 0.107594 0.683145 0.189907 0.680795 0.105799 0.683182
0.138033 0.688003 0.108395 0.688698 0.191712 0.686317 0.103257 0.688801
0.139239 0.693529 0.108974 0.694238 0.193046  0.69184 0.100671 0.694402
 0.140466  0.699037  0.108129  0.699789  0.194193  0.697351 0.0979281  0.699986
 0.141199   0.70454  0.107711  0.705314  0.195775  0.702829 0.0954483  0.705545
0.142304 0.710014 0.108321 0.710799 0.197041   0.7083   0.0929 0.711085
  0.14166  0.715515  0.108981  0.716264  0.198524  0.713744 0.0906512  0.716599
 0.141803  0.720976  0.110709  0.721689  0.199364  0.719191 0.0889409  0.722083
 0.139671  0.726475  0.112271  0.727097   0.20077  0.724599 0.0880852  0.727533
 0.138319  0.731932  0.113315  0.732495  0.201613  0.730006 0.0875246  0.732958
 0.136838  0.737371  0.113743  0.737885  0.202668  0.735384 0.0875019  0.738353
 0.135428  0.742786  0.114446  0.743247  0.203607  0.740746 0.0870239  0.743734
 0.133086  0.748199   0.11483  0.748595  0.204299  0.746094 0.0874414  0.749079
 0.131261  0.753577  0.116113  0.753903  0.204995  0.751421 0.0878005  0.754404
   0.1293  0.758934  0.117033  0.759195  0.205328  0.756737 0.0881014  0.759706
 0.127529  0.764263  0.118416  0.764455  0.205658   0.76203 0.0884787  0.764985
 0.124911  0.769585  0.119648  0.769694  0.207251  0.767255 0.0882256   0.77025
 0.122873  0.774869  0.120466  0.774919  0.208814  0.772457 0.0884112  0.775484
 0.120865  0.780127  0.120876  0.780127  0.210271  0.777639 0.0895243   0.78068
 0.119926  0.785338    0.1217  0.785302  0.212211  0.782779 0.0900393   0.78586
0.118268 0.790537 0.121742 0.790468 0.213839 0.787904  0.09143 0.791003
 0.117619   0.79569  0.122792  0.795588   0.21549  0.793003 0.0928061  0.796119
 0.116673  0.800823  0.122797  0.800703  0.216705  0.798092 0.0951663  0.801195
 0.116612  0.805912  0.123656  0.805774  0.218285  0.803141 0.0974065  0.806246
 0.115615  0.810992  0.125031  0.810809  0.218198  0.808223 0.0996789  0.811269
0.115935  0.81602 0.126778 0.815809 0.218542 0.813262 0.101776 0.816267
 0.11625  0.82102 0.128183 0.820788 0.218874 0.818274 0.102867 0.821254
0.116257 0.825999 0.130507  0.82572 0.220126 0.823225  0.10422 0.826209
0.117038 0.830934 0.132166 0.830637 0.222253 0.828117 0.104953 0.831146
0.117871  0.83584 0.134781 0.835506 0.224532 0.832975 0.106509  0.83604
0.118966 0.840712 0.137439 0.840344 0.225505  0.83785 0.108136 0.840904
0.120854  0.84554 0.139363 0.845167 0.227196  0.84267 0.109828 0.845737
0.122259 0.850347 0.141382 0.849959 0.226485 0.847545 0.112169 0.850529
 0.12427 0.855113 0.142016 0.854751 0.226489 0.852364 0.114557  0.85529
0.125619  0.85986 0.143024 0.859504 0.226343 0.857157 0.116202 0.860033
0.128144 0.864553  0.14334 0.864241 0.227682 0.861867 0.117218 0.864756
0.129168 0.869244 0.144044 0.868938 0.227448 0.866601 0.119376 0.869427
0.130687 0.873894  0.14268 0.873648 0.228035 0.871274 0.121597 0.874065
0.130279 0.878549 0.142343 0.878304 0.229573 0.875883 0.124206 0.878664
0.130341 0.883162 0.140264 0.882963 0.231627 0.880441  0.12723 0.883222
0.129513  0.88776  0.13929 0.887566  0.23306 0.884988  0.13086 0.887734
0.129283 0.892313 0.137039 0.892162 0.234443 0.889503 0.133614  0.89223
0.128165  0.89685 0.135249 0.896714 0.233375 0.894069 0.136522 0.896688
 0.12741 0.901345 0.131602 0.901266 0.232503 0.898594 0.138789 0.901125
0.123429 0.905865 0.128463 0.905773 0.233414 0.903024 0.141469 0.905519
0.120404  0.91033 0.126677 0.910219 0.234046 0.907429 0.144647 0.909868
0.116415 0.914775 0.125109 0.914625 0.234694 0.911799  0.14704 0.914198
0.113046 0.919172 0.124494 0.918979 0.235082 0.916142  0.14813 0.918519
0.110476 0.923519 0.123852 0.923297 0.235698 0.920442 0.149278 0.922805
0.107776 0.927831 0.125181 0.927545  0.23614 0.924712 0.150034 0.927062
0.106603 0.932083 0.125863 0.931769 0.236433  0.92895 0.149841 0.931304
0.105198 0.936302 0.127237 0.935944 0.236276 0.933167 0.150219 0.935498
0.107522 0.940429 0.127735 0.940098 0.235826 0.937357 0.148459 0.939699
0.109491 0.944523 0.127967 0.944219 0.234536 0.941537 0.147102 0.943854
0.109761 0.948606 0.127438 0.948317 0.234349 0.945643 0.144772 0.947991
0.111041 0.952637 0.127182 0.952372 0.233638 0.949729 0.142322 0.952092
 0.11238 0.956628 0.126545 0.956396 0.234093 0.953738 0.138969 0.956171
0.113102 0.960591 0.126057  0.96038 0.234784 0.957702 0.135756 0.960206
0.112687 0.964532 0.125709 0.964322 0.234901 0.961645 0.131946 0.964213
0.111799 0.968443 0.126062 0.968213 0.234412 0.965569 0.128785 0.968166
0.112009 0.972297  0.12524 0.972086 0.234702 0.969429 0.125397 0.972083
0.111201 0.976128 0.125152 0.975907 0.235187 0.973243 0.122591 0.975949
0.113017 0.979879 0.124614 0.979695 0.236949 0.976978 0.120228 0.979767
0.115017 0.983588 0.122822 0.983465 0.238027 0.980694 0.118589 0.983533
 0.11698 0.987257 0.121481 0.987186 0.240167 0.984336 0.115879 0.987274
0.117182 0.990913 0.120553  0.99086 0.241476 0.987964 0.114484 0.990954
0.117161 0.994532 0.119291 0.994498 0.244455 0.991497 0.113263 0.994591
0.117251 0.998108 0.120556 0.998056 0.247171 0.994998 0.112294 0.998182
0.117355  1.00164 0.120904  1.00159 0.250765 0.998428 0.112133  1.00172
0.119231  1.00511 0.121488  1.00507 0.254711   1.0018 0.112111  1.00522
0.121172  1.00853 0.122663  1.00851 0.259057  1.00512 0.112423  1.00866
 0.12376   1.0119 0.125471  1.01188  0.26449  1.00836 0.113742  1.01206
0.126455  1.01523 0.127952   1.0152  0.26921  1.01158 0.114957  1.01541
0.129896   1.0185 0.130427  1.01849 0.273849  1.01476 0.116736  1.01871
0.133655  1.02172 0.133752  1.02172 0.279846  1.01784 0.118636  1.02196
0.136011  1.02492 0.137489   1.0249 0.285932  1.02088 0.120169  1.02518
0.139184  1.02807 0.142368  1.02801 0.293828   1.0238 0.121485  1.02836
0.141316  1.03119 0.148149  1.03106 0.302029  1.02665 0.122006  1.03151
0.143831  1.03425  0.15423  1.03406  0.30999  1.02947 0.123406   1.0346
0.146297  1.03728 0.162464  1.03696 0.318972   1.0322 0.125395  1.03764
0.148949  1.04026 0.169932  1.03983 0.328216  1.03486 0.127812  1.04062
0.150986   1.0432 0.180356  1.04259 0.337699  1.03746 0.129993  1.04357
0.151963  1.04612 0.187688  1.04536 0.347832  1.03997 0.131986  1.04647
0.155399  1.04895 0.196751  1.04804 0.357766  1.04244 0.134064  1.04933
0.157746  1.05175 0.205871  1.05066 0.367127  1.04489 0.137736  1.05212
0.161912  1.05447 0.215989   1.0532 0.376881  1.04725 0.140667  1.05487
0.164351  1.05718 0.226063  1.05569 0.385494  1.04962 0.143548  1.05758
0.165664  1.05987  0.23605  1.05812 0.394884   1.0519 0.147042  1.06023
0.166298  1.06252 0.245528  1.06051 0.403299  1.05417 0.150976  1.06282
 0.16616  1.06515 0.255232  1.06284 0.411625  1.05639 0.154546  1.06537
0.166623  1.06771  0.26422  1.06513 0.419782  1.05857 0.157968  1.06789
0.164565  1.07029 0.273105  1.06738 0.426795  1.06076  0.16094  1.07036
0.163141   1.0728 0.280516  1.06962 0.433742   1.0629 0.164377  1.07277
0.162701  1.07524 0.287392  1.07182  0.44052  1.06499 0.167787  1.07514
0.161735  1.07765 0.293727    1.074 0.447241  1.06704 0.171115  1.07746
0.161485     1.08 0.299241  1.07615 0.451912  1.06915 0.175111  1.07973
0.160628  1.08232 0.302591  1.07833 0.456691  1.07121  0.17897  1.08194
0.160049  1.08458  0.30553  1.08048  0.45965  1.07332 0.182125  1.08412
 0.15887  1.08681 0.305846  1.08268 0.462823  1.07536 0.186149  1.08624
0.158515  1.08897 0.305935  1.08484 0.464191  1.07747 0.189918  1.08831
0.157467   1.0911  0.30503  1.08699 0.464577  1.07957 0.193038  1.09035
0.156268  1.09318 0.303482  1.08912 0.464233  1.08168 0.195848  1.09234
0.154089  1.09523 0.300309  1.09125 0.463521  1.08375  0.19855  1.09429
0.153091  1.09722   0.2967  1.09335 0.462259  1.08581 0.199868  1.09623
0.151028  1.09917 0.292085  1.09544 0.460881  1.08782 0.200852  1.09812
 0.14733   1.1011 0.286461  1.09751 0.459397  1.08979 0.200594      1.1
0.144144  1.10298 0.279888  1.09956 0.457348  1.09174 0.201984  1.10179
0.143034  1.10477 0.273194  1.10155 0.454669  1.09368 0.201846  1.10357
0.140935  1.10653 0.265287  1.10354 0.452436  1.09554 0.201781  1.10529
0.142763  1.10817 0.256225  1.10549 0.449017  1.09741 0.200952  1.10699
0.143106  1.10979 0.246979   1.1074  0.44433   1.0993 0.200736  1.10862
0.144496  1.11134 0.236583  1.10928 0.440904  1.10108 0.199917  1.11022
 0.14461  1.11287 0.226398  1.11108  0.43686  1.10283 0.198531  1.11178
0.146328  1.11432 0.216159  1.11283 0.432238  1.10456  0.19652  1.11331
0.146819  1.11574 0.204545  1.11455 0.428766  1.10618 0.196298  1.11474
0.146543  1.11713 0.193403  1.11619  0.42635  1.10769 0.195506  1.11614
0.145702  1.11847 0.180685   1.1178 0.423285  1.10919 0.195379  1.11748
0.144239  1.11978 0.168067  1.11934 0.420742  1.11061 0.194667  1.11878
0.142685  1.12104 0.156616  1.12079 0.418787  1.11195 0.192367  1.12006
0.141124  1.12224 0.145605  1.12217 0.416915  1.11323 0.191223  1.12127
0.139375   1.1234 0.133643   1.1235 0.414795  1.11448 0.190611  1.12242
 0.13912  1.12449 0.123437  1.12473 0.414031   1.1156 0.190323  1.12351
0.138909  1.12553 0.114361  1.12589 0.414066  1.11664 0.190266  1.12454
0.138897  1.12651 0.106008  1.12698 0.414147  1.11763 0.190502  1.12552
 0.138988   1.12744 0.0976918   1.12801  0.414412   1.11856  0.191196   1.12644
 0.139711   1.12831 0.0913057   1.12896  0.415668   1.11939  0.192391    1.1273
0.139971  1.12914 0.084064  1.12987 0.417312  1.12015 0.192991  1.12812
 0.141054   1.12991 0.0795379   1.13069  0.420271   1.12079  0.194201   1.12888
 0.141007   1.13064 0.0749452   1.13147  0.425176   1.12129  0.196818   1.12955
 0.141863   1.13131 0.0726679   1.13217  0.430051   1.12173  0.199546   1.13017
 0.139291   1.13198 0.0728462    1.1328  0.436969   1.12202  0.204846   1.13068
  0.13837   1.13258 0.0733726   1.13338   0.44422   1.12224  0.209615   1.13115
 0.138229   1.13311 0.0763811   1.13388   0.45234   1.12235  0.216493   1.13151
  0.13959   1.13357 0.0796582   1.13433  0.461346   1.12235  0.224074    1.1318
 0.140124     1.134 0.0855439   1.13471  0.470663   1.12228  0.233746   1.13197
 0.141316   1.13436 0.0910659   1.13503  0.479428   1.12218   0.24367   1.13208
 0.142029   1.13467 0.0990812   1.13527  0.489234   1.12196  0.246604   1.13233
0.144478  1.13491  0.10753  1.13545 0.500051  1.12162 0.250391   1.1325
0.147165   1.1351 0.118503  1.13553 0.511581  1.12117 0.251063  1.13271
0.150496  1.13522 0.129441  1.13556 0.522432  1.12069 0.252945  1.13283
0.153293  1.13529 0.141185   1.1355 0.534795  1.12006 0.253236  1.13295
0.155662  1.13533 0.152599  1.13538 0.546701  1.11938 0.254476  1.13299
0.159198  1.13529 0.163903   1.1352 0.560084  1.11854 0.255977  1.13297
0.164022  1.13518 0.173722  1.13499 0.572377   1.1177 0.257811  1.13289
0.166374  1.13506 0.181883  1.13475  0.58456   1.1168 0.259816  1.13276
0.169985  1.13486 0.188252  1.13448 0.595898  1.11589  0.26208  1.13256
0.173329  1.13462 0.192836  1.13421 0.607737  1.11487 0.264291  1.13232
0.176659  1.13433 0.200296  1.13381  0.61766  1.11393 0.266544  1.13202
0.179363  1.13399 0.205293  1.13342 0.627608  1.11292 0.269134  1.13167
 0.18226   1.1336 0.211065  1.13295 0.635006  1.11203 0.268792  1.13135
0.185471  1.13316 0.213776   1.1325 0.642835  1.11106 0.269804  1.13094
0.188756  1.13266 0.214831  1.13205 0.647876  1.11024 0.268621  1.13054
0.190905  1.13213 0.214984  1.13157 0.653219  1.10934 0.268313  1.13007
0.192984  1.13155 0.210863  1.13114  0.65626  1.10856 0.264222  1.12967
0.195445  1.13092 0.207665  1.13063 0.658904  1.10776 0.261293  1.12918
0.196824  1.13026 0.199483   1.1302 0.660041  1.10703 0.254635  1.12874
 0.19714  1.12957 0.192017  1.12968 0.661126  1.10625 0.248612  1.12824
0.191808  1.12896 0.179861  1.12921 0.659313  1.10565 0.240148  1.12775
0.185143  1.12832 0.168319  1.12867 0.658044  1.10495 0.232407  1.12718
0.179939   1.1276 0.154942  1.12808  0.65407  1.10441 0.221002  1.12664
0.173552  1.12685 0.141206  1.12744  0.64917  1.10388 0.210249  1.12603
0.168117  1.12602 0.125172  1.12676 0.644879  1.10326 0.196077  1.12543
0.161237  1.12517  0.10854    1.126 0.639989  1.10263 0.182661  1.12475
 0.153482   1.12429 0.0911395   1.12517  0.635827    1.1019  0.166537   1.12404
 0.144414   1.12336 0.0737123   1.12426  0.630923   1.10116  0.150364   1.12326
  0.13861   1.12233 0.0552741   1.12327  0.624529   1.10049  0.132441   1.12242
 0.130976   1.12127 0.0357148   1.12219  0.618554   1.09973  0.113571   1.12151
 0.127884   1.12008   0.01725   1.12102  0.611261   1.09901 0.0953301   1.12051
   0.122037     1.11889 -0.00272038     1.11976      0.6044      1.0982   0.0770397     1.11941
 0.119979   1.11759 -0.021792    1.1184  0.596256   1.09743 0.0573366   1.11824
 0.115525   1.11627 -0.041462   1.11695  0.588564   1.09657 0.0383437   1.11697
  0.112129    1.11489 -0.0583989    1.11543   0.580526    1.09568  0.0188174    1.11561
    0.107635      1.11347   -0.0759826      1.11381     0.573191      1.09468 -0.000541742      1.11415
  0.105847    1.11197 -0.0897404    1.11216    0.56504    1.09369 -0.0202889    1.11261
  0.103397    1.11043  -0.104039    1.11042   0.557124    1.09262 -0.0392786    1.11097
 0.101132   1.10883 -0.115867   1.10864  0.548773   1.09152 -0.057244   1.10924
0.0991119   1.10718 -0.127324   1.10681  0.541013   1.09033 -0.074481   1.10744
 0.0971917    1.10548  -0.137082    1.10493   0.532719    1.08912 -0.0891439    1.10557
0.0947205   1.10374 -0.146086   1.10301  0.524908   1.08782 -0.103346   1.10364
  0.09267   1.10195 -0.152832   1.10107  0.516779   1.08649 -0.113522   1.10169
0.0908772    1.1001 -0.159092   1.09909  0.509243   1.08506  -0.12177   1.09971
0.0893661   1.09821  -0.16269   1.09711  0.501772   1.08358 -0.127002   1.09772
0.0893653   1.09625 -0.164308   1.09511  0.495012     1.082 -0.129909   1.09572
0.0906355   1.09422 -0.163181   1.09312  0.487864   1.08039 -0.131554   1.09368
0.0939524   1.09213 -0.161343    1.0911    0.4819   1.07866 -0.130487   1.09164
0.0996883   1.08996 -0.158374   1.08905  0.475657   1.07689  -0.12775   1.08958
 0.107804    1.0877 -0.154349   1.08697  0.469646   1.07506  -0.12356   1.08749
 0.116223   1.08539 -0.150415   1.08484  0.463664   1.07317 -0.119484   1.08535
 0.128322   1.08297 -0.145481   1.08268  0.458563   1.07119 -0.114579   1.08317
 0.141192   1.08046 -0.141207   1.08046  0.453716   1.06914 -0.109053   1.08095
 0.156915   1.07783 -0.136255    1.0782  0.449497   1.06701 -0.103687   1.07868
  0.170632    1.07517  -0.132867    1.07587   0.445559    1.06481 -0.0967918    1.07637
  0.186822    1.07238  -0.127814    1.07352   0.442689    1.06251 -0.0912037      1.074
  0.206981    1.06941  -0.122162    1.07112   0.440716    1.06011 -0.0853624    1.07159
  0.227771    1.06633  -0.115691    1.06869   0.438737    1.05766 -0.0795405    1.06912
  0.251042    1.06306  -0.109215     1.0662   0.437073    1.05515 -0.0710824    1.06663
  0.274243    1.05968  -0.102103    1.06368   0.435488    1.05259 -0.0628702    1.06408
  0.297466    1.05619 -0.0959891    1.06109   0.434322    1.04996 -0.0526476    1.06149
  0.319908    1.05261 -0.0888525    1.05846   0.433426    1.04727 -0.0429569    1.05884
  0.339247    1.04904 -0.0802416     1.0558   0.433656    1.04448 -0.0316976    1.05614
  0.356981    1.04545 -0.0721706    1.05308   0.432796     1.0417 -0.0220081    1.05337
  0.372935    1.04186 -0.0642163     1.0503   0.433026    1.03881  -0.012949    1.05055
  0.387912    1.03823  -0.055611    1.04748   0.431185    1.03599 -0.0053342    1.04767
  0.402387    1.03454 -0.0483294    1.04459   0.431354    1.03301 0.00177285    1.04474
   0.41429    1.03092 -0.0397077    1.04166   0.429838    1.03009 0.00957629    1.04176
 0.421891   1.02746 -0.031435   1.03868  0.428153   1.02713 0.0153478   1.03873
   0.42682     1.0241 -0.0238429    1.03564   0.421566    1.02438  0.0206177    1.03565
  0.430412    1.02076 -0.0172191    1.03255   0.414316    1.02163  0.0269365    1.03252
  0.431428    1.01751 -0.0109835    1.02941   0.406576    1.01885  0.0337197    1.02935
   0.432511     1.01422 -0.00504296     1.02622    0.398534     1.01604   0.0393759     1.02613
    0.430988      1.01103 -9.25927e-06      1.02299     0.396457      1.01288    0.0444085      1.02286
  0.430163    1.00776 0.00436741    1.01971   0.392802    1.00975  0.0501022    1.01955
  0.425407    1.00466 0.00760636    1.01638   0.389933    1.00655  0.0551311    1.01619
 0.421003    1.0015 0.0101322   1.01301  0.384744   1.00341 0.0595537   1.01279
 0.415143  0.998377  0.010158   1.00961  0.382472   1.00008 0.0631019   1.00936
  0.411076   0.995111 0.00809889    1.00616   0.378263   0.996813  0.0659957    1.00588
   0.40589   0.991861 0.00447047    1.00267   0.377879   0.993309  0.0681331    1.00237
    0.3992   0.988648 0.00424819   0.999142   0.374947    0.98989  0.0693683   0.998828
  0.391779   0.985427 0.00163318    0.99557   0.372094   0.986425  0.0708494    0.99524
  0.385552   0.982099 0.00195119   0.991957   0.366619   0.983048  0.0697567   0.991636
   0.381078    0.978638 0.000456584    0.988303    0.361232    0.979623    0.069309    0.987985
    0.375613     0.975185 -0.000242216     0.984609     0.353761     0.976254    0.0669463     0.984311
   0.370998    0.971646 -0.00213235    0.980874    0.345862    0.972859   0.0638803    0.980602
   0.365521    0.968109 -0.00288605      0.9771    0.337117    0.969458   0.0598538    0.976861
   0.360649      0.9645 -0.00430199    0.973286    0.326863    0.966075   0.0542692    0.973089
   0.354642    0.960905 -0.00430262    0.969433     0.31717    0.962618   0.0483851    0.969277
   0.348722    0.957264 -0.00464789    0.965542    0.308703    0.959061   0.0455065    0.965403
   0.343094    0.953567 -0.00489184    0.961611    0.300666     0.95544   0.0423875    0.961491
   0.337486    0.949827 -0.00522748    0.957642    0.292532    0.951777   0.0414932    0.957527
   0.331105    0.946083 -0.00643135    0.953635     0.28549    0.948027    0.040843    0.953523
   0.325632    0.942256 -0.00643538     0.94959     0.27885    0.944218   0.0403401    0.949481
   0.319716    0.938408 -0.00831689    0.945507    0.274071    0.940297   0.0405363    0.945398
   0.314088    0.934508 -0.00755249    0.941388      0.2708    0.936279   0.0406984    0.941277
    0.30946    0.930524 -0.00750311    0.937232    0.268579    0.932185   0.0415742    0.937116
   0.304821    0.926502 -0.00591877    0.933041    0.265512    0.928085   0.0416566    0.932922
   0.300933    0.922411 -0.00573692    0.928812    0.263255    0.923918   0.0431063    0.928684
   0.298408    0.918224 -0.00411401    0.924549    0.260401    0.919737   0.0441952    0.924412
   0.295615    0.914013 -0.00345017    0.920249    0.257675    0.915515   0.0456786    0.920101
    0.294239     0.909705 -0.000651866     0.915914     0.255583     0.911233    0.0480509     0.915749
  0.295665   0.905244 0.00175282   0.911543   0.253222   0.906927  0.0512146   0.911354
  0.297839   0.900714 0.00573306   0.907135   0.250874   0.902585   0.054275   0.906925
 0.299061  0.896189 0.0109462  0.902689   0.24968  0.898166 0.0560955  0.902469
  0.30036  0.891625 0.0174362  0.898201  0.249716  0.893668 0.0581091  0.897978
 0.298008  0.887188  0.025668  0.893668  0.248839  0.889169 0.0599796  0.893453
 0.297222  0.882648 0.0317141  0.889101  0.249058  0.884597  0.061874  0.888893
 0.295218  0.878129 0.0397539  0.884484  0.249659  0.879977 0.0640718  0.884297
 0.294413  0.873523 0.0455679   0.87984  0.250456  0.875316 0.0661021   0.87967
 0.293768  0.868879 0.0531356  0.875145  0.250514   0.87065 0.0684998  0.875005
 0.294176  0.864155   0.05895  0.870424  0.251434  0.865919 0.0707587  0.870308
 0.294147  0.859418 0.0656951  0.865656  0.250983  0.861208 0.0735746  0.865573
 0.295011  0.854609 0.0710924  0.860864  0.252158  0.856403 0.0759802   0.86081
 0.294672  0.849822 0.0778933   0.85602  0.251435  0.851639 0.0788316  0.856009
 0.294492  0.844997 0.0816263  0.851177  0.251364  0.846819 0.0805424   0.85119
 0.289511   0.84036 0.0859747  0.846292  0.251551  0.841958 0.0832606  0.846328
 0.284967  0.835672 0.0874813  0.841413  0.251399  0.837081 0.0852245  0.841444
 0.277757   0.83107 0.0890517  0.836504  0.250209  0.832215 0.0883224  0.836514
  0.27174  0.826382 0.0900996  0.831572  0.249678  0.827293 0.0897711  0.831577
 0.266929  0.821612 0.0912181   0.82661  0.246886  0.822432 0.0914838  0.826606
 0.261982  0.816816 0.0913117  0.821634  0.243671  0.817558 0.0922861   0.82162
 0.259589  0.811885 0.0904723  0.816644  0.239132  0.812707  0.093137  0.816605
 0.256379   0.80696 0.0876725  0.811654  0.234161  0.807844 0.0915731  0.811598
 0.256176  0.801882  0.084023  0.806649  0.233664  0.802782 0.0937005  0.806509
 0.254383  0.796844 0.0794707  0.801626   0.23171  0.797749 0.0932859  0.801431
 0.253967  0.791721 0.0749799  0.796574  0.233725  0.792537 0.0967336  0.796267
 0.252236  0.786628 0.0671756  0.791531  0.234239  0.787356 0.0979688  0.791111
 0.250783  0.781497 0.0600374  0.786447  0.232465  0.782238 0.0981126  0.785946
 0.248255  0.776386 0.0524471  0.781335  0.229985  0.777123 0.0974227   0.78077
 0.245179  0.771273 0.0456849  0.776182  0.227109  0.771997  0.093368  0.775623
 0.241853  0.766146 0.0404233  0.770989  0.223993  0.766857 0.0900175  0.770439
 0.238655  0.760989 0.0352907  0.765766  0.221411  0.761671 0.0853673  0.765249
 0.235089  0.755823 0.0315586  0.760509  0.218869  0.756461 0.0810713  0.760029
 0.231963  0.750616 0.0281121  0.755225  0.216537  0.751219 0.0777775  0.754769
 0.228511  0.745398  0.026721  0.749907   0.21384  0.745968 0.0747463  0.749482
 0.224968  0.740162 0.0251166  0.744569  0.210705  0.740711 0.0732419  0.744152
 0.222186  0.734873 0.0242696  0.739205  0.207903   0.73542 0.0719583  0.738798
 0.218845  0.729584 0.0233409   0.73382  0.204679  0.730122 0.0710021  0.733418
 0.215791  0.724263 0.0229398  0.728412  0.201701  0.724794  0.070049  0.728018
  0.21321  0.718902 0.0226482  0.722983  0.198787  0.719443 0.0692462  0.722595
 0.210623  0.713522 0.0239081  0.717528  0.195641   0.71408  0.068762  0.717149
 0.208963  0.708086 0.0249721  0.712054  0.193513  0.708661  0.067383  0.711694
  0.20698  0.702644 0.0265554  0.706558  0.191666  0.703213 0.0668001   0.70621
 0.207484  0.697087 0.0280297  0.701044  0.190563  0.697719 0.0656386  0.700715
 0.208237  0.691501 0.0303708  0.695507  0.188727  0.692234 0.0651253  0.695194
 0.209874  0.685861 0.0323652  0.689953  0.186605  0.686741 0.0651308   0.68965
 0.211429  0.680205 0.0328273   0.68439  0.184998  0.681213 0.0657915  0.684079
 0.214193   0.67448 0.0340152  0.678807  0.183317   0.67567 0.0661197  0.678497
 0.216998  0.668734 0.0346145   0.67321  0.182324  0.670087 0.0662498    0.6729
 0.220837  0.662922 0.0357136  0.667595  0.180555  0.664516 0.0661873   0.66729
 0.224319  0.657104 0.0365767  0.661966  0.179294  0.658912 0.0664522  0.661661
 0.227201  0.651294 0.0379687  0.656317  0.178667   0.65327 0.0664104  0.656021
 0.229592  0.645487  0.038422  0.650662  0.178593  0.647595 0.0659596  0.650373
 0.229975  0.639757 0.0388945  0.644992  0.178993  0.641887 0.0656072  0.644709
 0.230791  0.633993 0.0394572  0.639309  0.179958  0.636145 0.0660809  0.639021
  0.22989  0.628296 0.0402564  0.633611  0.180762  0.630394 0.0670396  0.633314
 0.229282  0.622573 0.0411984  0.627899  0.182009  0.624614 0.0675498    0.6276
 0.227415  0.616898 0.0419305  0.622177  0.183718  0.618802 0.0680343  0.621875
 0.226504  0.611167 0.0421008  0.616449  0.184892  0.612997 0.0683436  0.616141
 0.223559  0.605522 0.0426262  0.610706  0.187277  0.607132  0.069296  0.610386
 0.221507  0.599825 0.0430327  0.604955  0.188527  0.601299 0.0694559  0.604633
  0.21773  0.594201 0.0438262   0.59919  0.188417  0.595511 0.0704161  0.598858
 0.214527  0.588539 0.0447559  0.593415  0.187632  0.589741 0.0706663  0.593085
 0.210511  0.582908 0.0455969  0.587632  0.187067  0.583954 0.0708646  0.587304
 0.206739  0.577256 0.0464395   0.58184  0.184897  0.578225 0.0704708  0.581524
 0.202264  0.571629 0.0470454  0.576043  0.183881  0.572441 0.0734826  0.575681
 0.198023  0.565982 0.0476315  0.570239  0.181896   0.56669 0.0748008  0.569857
 0.191755   0.56042 0.0480593   0.56443  0.180095  0.560926 0.0758772   0.56403
 0.186378  0.554808 0.0485895  0.558614  0.176335  0.555237 0.0755914  0.558221
 0.179166  0.549266  0.048636  0.552798  0.173958  0.549485 0.0753134  0.552407
 0.172797  0.543678 0.0487207  0.546977  0.169574  0.543811 0.0736791  0.546612
 0.165495  0.538119 0.0484926  0.541156  0.166127  0.538093 0.0725147  0.540804
 0.158974  0.532518 0.0482568  0.535331  0.160909  0.532442  0.069486  0.535025
 0.152255  0.526916 0.0476152  0.529508   0.15631   0.52676  0.066754  0.529237
 0.146283  0.521278 0.0460101  0.523693  0.150183  0.521132 0.0628825  0.523463
   0.1404  0.515629 0.0441915  0.517879  0.144677  0.515475 0.0596233  0.517676
 0.134834  0.509964 0.0435835   0.51205  0.137603  0.509867 0.0540166  0.511919
 0.128994  0.504303 0.0424585  0.506225   0.13138  0.504223 0.0490089  0.506148
 0.123387   0.49863  0.041645  0.500398  0.124244  0.498602 0.0426886  0.500386
  0.11755  0.492959 0.0403683  0.494575  0.117846   0.49295 0.0371608  0.494608
 0.112021  0.487275 0.0414898  0.488728  0.110242  0.487328 0.0317923  0.488823
 0.106851  0.481578 0.0418534   0.48289  0.103587  0.481671 0.0269248  0.483029
 0.101835  0.475874  0.043065  0.477044  0.096153  0.476029 0.0219314  0.477233
 0.097917   0.47014 0.0437479  0.471207 0.0896329  0.470356 0.0176191   0.47143
0.0941214  0.464403 0.0447669  0.465368 0.0825869   0.46469 0.0130378  0.465626
 0.0916487   0.458635  0.0452207   0.459541  0.0763893      0.459 0.00906919    0.45982
 0.0888119   0.452879  0.0442252   0.453736   0.070047    0.45331 0.00515519   0.454014
0.0866105  0.447113 0.0433036  0.447936 0.0644436  0.447603 0.0019071  0.448209
  0.0846333    0.441346   0.0416599     0.44215   0.0591072     0.44189 -0.00125004    0.442407
  0.0830265    0.435576    0.040231    0.436368   0.0543825    0.436167 -0.00393011    0.436609
  0.0814327    0.429813    0.039036     0.43059   0.0501343     0.43044 -0.00624812    0.430816
  0.0798605    0.424057    0.038055    0.424817   0.0463483     0.42471 -0.00795076    0.425031
  0.0785348    0.418304   0.0369217    0.419055   0.0432357    0.418976 -0.00928471    0.419254
 0.0779083   0.412542  0.0359008     0.4133  0.0403868   0.413245 -0.0101856   0.413487
 0.0771824   0.406792  0.0347803   0.407555  0.0382441   0.407515 -0.0106252   0.407731
 0.0774493   0.401028  0.0337847    0.40182  0.0363302    0.40179 -0.0106294   0.401987
 0.0775445   0.395278  0.0327938   0.396095   0.035282   0.396067 -0.0102876   0.396255
  0.0789395    0.389505   0.0320194    0.390379   0.0343075    0.390353 -0.00962341    0.390535
  0.0799363    0.383753   0.0313785    0.384674   0.0341436    0.384643 -0.00844942    0.384829
  0.0821031    0.377979   0.0306779    0.378982   0.0342017    0.378943 -0.00677157    0.379137
  0.0836079    0.372235   0.0299619    0.373305   0.0348329    0.373249 -0.00508545    0.373457
  0.0863805    0.366463   0.0295931    0.367637    0.035583    0.367568 -0.00301856    0.367792
   0.0882713     0.360728    0.0288071     0.361989    0.0367961     0.361894 -0.000794102     0.362139
  0.090986   0.354978   0.028483   0.356352   0.038257   0.356232 0.00174575     0.3565
 0.0926615   0.349273  0.0273036   0.350739  0.0399573   0.350581 0.00438799   0.350875
 0.0949505    0.34356  0.0267544   0.345137  0.0411392   0.344952 0.00743377   0.345263
0.0975651  0.337846 0.0260551  0.339554 0.0425579  0.339336 0.0103208  0.339665
0.0994808  0.332171 0.0257669  0.333985  0.044541  0.333727 0.0134528   0.33408
 0.101597  0.326502 0.0257229  0.328433 0.0461486   0.32814  0.016342  0.328511
 0.102938  0.320879 0.0255393  0.322901 0.0483677  0.322559 0.0196632  0.322955
 0.104388  0.315268 0.0255961  0.317387 0.0500021  0.317006 0.0222861   0.31742
 0.105157  0.309704 0.0255953  0.311895 0.0520816  0.311463 0.0253032  0.311898
 0.106192  0.304146 0.0257133  0.306422 0.0535625   0.30595 0.0273852  0.306403
 0.106398  0.298646 0.0258133  0.300973 0.0553233  0.300451 0.0299285  0.300923
 0.106797  0.293159 0.0258334  0.295547 0.0564601  0.294988 0.0315354  0.295474
 0.106283  0.287737 0.0261162  0.290141 0.0576292  0.289545  0.033463  0.290042
 0.106062  0.282324 0.0260433  0.284764  0.058163  0.284142 0.0345748  0.284645
 0.105001  0.276977 0.0260898  0.279411  0.058685  0.278763 0.0361076  0.279265
 0.104185  0.271643 0.0260096  0.274085 0.0585548  0.273427 0.0364141   0.27393
 0.102366  0.266387 0.0261576  0.268783 0.0579524  0.268131 0.0371298  0.268614
 0.100563  0.261157 0.0261322   0.26351 0.0572461  0.262865 0.0369302  0.263341
0.0990522   0.25594  0.026128  0.258265 0.0564174   0.25763 0.0370773  0.258089
0.0973653  0.250762 0.0260929  0.253048 0.0556808  0.252422 0.0360863  0.252888
0.0955183  0.245621 0.0259918  0.247863   0.05485  0.247246  0.035512  0.247708
0.0937881  0.240505 0.0255159  0.242712 0.0540004    0.2421 0.0341593  0.242573
0.0918187  0.235433 0.0264385  0.237573 0.0530602  0.236989 0.0331058  0.237463
0.0910365  0.230331 0.0267293  0.232473 0.0519934  0.231913 0.0310224  0.232404
 0.089547  0.225299 0.0265484  0.227414 0.0509993  0.226867 0.0291763  0.227372
0.0877065  0.220318 0.0260427  0.222392 0.0499299  0.221857 0.0265261  0.222385
0.0854989   0.21539  0.025497  0.217405 0.0486832  0.216886 0.0240918  0.217426
0.0834822  0.210488 0.0246683  0.212457 0.0476143  0.211945 0.0210827  0.212508
0.0812145  0.205635 0.0240738  0.207541 0.0462049   0.20705 0.0183963  0.207617
0.0791321  0.200808 0.0233529  0.202663 0.0449706  0.202186 0.0151808  0.202765
0.0768648  0.196029 0.0225501  0.197824 0.0434162  0.197368 0.0123142  0.197942
 0.0744552   0.191295  0.0217942   0.193021  0.0418515   0.192588 0.00911784   0.193154
  0.071972   0.186603  0.0208698    0.18826  0.0401505    0.18785 0.00614995   0.188398
 0.0694988    0.18195  0.0200927   0.183536  0.0385188    0.18315 0.00305966   0.183676
  0.0669569    0.177341   0.0193746    0.178851   0.0368706     0.17849 0.000271668    0.178988
  0.0647897    0.172754   0.0186732    0.174206   0.0351808    0.173872 -0.00240539    0.174335
 0.0625376   0.168213  0.0179948   0.169603  0.0335425   0.169294 -0.0048066   0.169719
  0.0606686    0.163696   0.0173493    0.165042   0.0318826    0.164758 -0.00696712    0.165142
  0.0586906    0.159229   0.0167387    0.160524   0.0303151    0.160264 -0.00887115    0.160606
 0.0567857   0.154802  0.0161016   0.156051  0.0288764   0.155809 -0.0106496   0.156112
0.0548139  0.150423 0.0154268  0.151622 0.0275584  0.151397 -0.012122  0.151662
 0.0530334   0.146082  0.0147486    0.14724  0.0263627   0.147027 -0.0135653   0.147255
 0.0513097   0.141784  0.0141015   0.142903  0.0252998   0.142701 -0.0147609   0.142895
 0.0496081   0.137533  0.0134983   0.138613  0.0243302    0.13842 -0.0157588   0.138582
  0.047971   0.133328  0.0129245   0.134371  0.0234357   0.134185 -0.0163784   0.134322
 0.0462696   0.129175  0.0124095   0.130178  0.0225666   0.129999 -0.0166926   0.130115
 0.0446824   0.125066  0.0118296   0.126034  0.0217299   0.125862 -0.0168814   0.125959
 0.0431574   0.121006  0.0113822    0.12194   0.020884   0.121775 -0.0168047   0.121858
 0.0417711   0.116991  0.0108148   0.117898  0.0200719    0.11774 -0.0166523   0.117809
 0.0404819   0.113024  0.0103127   0.113908  0.0193139   0.113755 -0.0162492   0.113818
 0.0392206    0.10911 0.00985158   0.109971  0.0185805   0.109823  -0.015753   0.109881
  0.038053   0.105245  0.0094819   0.106086  0.0178954   0.105944 -0.0150907   0.106001
 0.0366391   0.101447 0.00900729   0.102258  0.0172022    0.10212 -0.0143629   0.102178
 0.0353445  0.0976996 0.00868632  0.0984828  0.0165803  0.0983502 -0.0135183  0.0984115
 0.0340515  0.0940089  0.0083541  0.0947646  0.0159185  0.0946377 -0.0126335  0.0947026
 0.0328535  0.0903715  0.0081312  0.0911024  0.0153996  0.0909795 -0.0117239  0.0910512
   0.03157  0.0867968 0.00784008  0.0874992  0.0148874  0.0873793 -0.0107409  0.0874589
 0.0303729  0.0832774 0.00757745  0.0839547  0.0144415  0.0838367 -0.0098095  0.0839244
  0.0291804   0.0798182   0.0073745   0.0804693   0.0139512   0.0803551 -0.00879187   0.0804506
  0.0280411   0.0764177  0.00718435   0.0770445   0.0134682   0.0769341 -0.00786387   0.0770358
 0.0269222  0.0730783 0.00696402  0.0736816  0.0129514  0.0735756 -0.0069416  0.0736819
  0.0257818   0.0698029  0.00676883   0.0703809   0.0124193     0.07028 -0.00612071   0.0703887
  0.0246622   0.0665905   0.0065586   0.0671437   0.0118966   0.0670476 -0.00533675   0.0671579
  0.0235673   0.0634415   0.0063433   0.0639709   0.0114116   0.0638787 -0.00461475   0.0639902
  0.0224811   0.0603578  0.00611975   0.0608632   0.0109171   0.0607752 -0.00396158   0.0608866
  0.0214311   0.0573389  0.00588986   0.0578216   0.0104567   0.0577371 -0.00339504   0.0578478
  0.0203979   0.0543867   0.0056632   0.0548469  0.00997872   0.0547663 -0.00290463   0.0548751
   0.019375   0.0515023  0.00543618   0.0519399  0.00952527   0.0518628 -0.00250744   0.0519693
  0.0183834   0.0486856  0.00517654   0.0491021  0.00906673   0.0490282 -0.00207943   0.0491321
  0.0173939    0.045939  0.00491811   0.0463339   0.0086137   0.0462632 -0.00174668   0.0463637
  0.0164273   0.0432623  0.00463861   0.0436364  0.00816536   0.0435686 -0.00141823   0.0436657
  0.0154835   0.0406565  0.00435562   0.0410104  0.00771165   0.0409457 -0.00118153   0.0410384
   0.0145336     0.038124   0.00405049     0.038457   0.00726664     0.038395 -0.000935253    0.0384834
   0.0136385    0.0356625   0.00378034    0.0359763   0.00681316    0.0359178 -0.000789433    0.0360012
   0.0127632    0.0332749    0.0034882    0.0335701   0.00637866    0.0335144 -0.000630925     0.033593
   0.0118898    0.0309629   0.00322005    0.0312386   0.00591571    0.0311869 -0.000552195    0.0312597
   0.0110153    0.0287275   0.00294298    0.0289831   0.00549038    0.0289346 -0.000472694    0.0290022
   0.0101586    0.0265689   0.00267981    0.0268044   0.00502263    0.0267603 -0.000445913    0.0268214
  0.00933019    0.0244873   0.00241022    0.0247036      0.00459    0.0246631 -0.000414233    0.0247185
  0.00857353    0.0224817   0.00214609    0.0226814    0.0041299    0.0226454 -0.000413263    0.0226942
  0.00783078    0.0205557   0.00189149    0.0207387   0.00370639    0.0207066 -0.000403109    0.0207495
  0.00711428    0.0187097   0.00163217    0.0188767   0.00328174    0.0188486 -0.000409667    0.0188854
    0.006425    0.0169447   0.00139607    0.0170959   0.00289553    0.0170713 -0.000400502    0.0171028
  0.00577667    0.0152608   0.00117022    0.0153975   0.00251856    0.0153763 -0.000403174    0.0154026
  0.00515302      0.01366  0.000968182    0.0137822   0.00218088     0.013764 -0.000383153    0.0137859
  0.00454784    0.0121433  0.000784938     0.012251   0.00186008    0.0122358 -0.000373121    0.0122536
  0.00398367    0.0107108  0.000630769    0.0108049   0.00157744    0.0107922 -0.000357584    0.0108065
  0.00346968   0.00936279  0.000493499   0.00944489   0.00131526   0.00943458 -0.000340547   0.00944578
 0.00298972  0.00810119 0.000379023  0.00817194  0.00108721  0.00816362 -0.00032168  0.00817226
  0.00254583   0.00692682  0.000281185   0.00698706  0.000882422    0.0069805 -0.000298644   0.00698697
 0.00213769  0.00584069 0.000205894  0.00589121 0.000708107  0.00588611 -0.00027426  0.00589085
  0.00176432   0.00484382  0.000149729   0.00488541  0.000556599   0.00488156 -0.000245228    0.0048849
  0.00142725   0.00393713  0.000106574   0.00397066  0.000430629   0.00396779 -0.000214997   0.00397009
  0.00112791   0.00312153   7.3895e-05   0.00314798  0.000323677   0.00314591 -0.000181498    0.0031474
 0.000863848   0.00239812  5.02181e-05   0.00241834  0.000236689   0.00241689 -0.000148664   0.00241781
 0.000634437   0.00176795  3.24037e-05   0.00178275  0.000165895   0.00178177 -0.000115022    0.0017823
 0.000440738   0.00123194   2.0698e-05    0.0012422  0.000110242   0.00124158 -8.35377e-05   0.00124185
 0.000282678   0.00079111  1.22027e-05  0.000797682  6.79584e-05  0.000797315 -5.53311e-05  0.000797443
 0.000159704  0.000446486  6.96282e-06  0.000450203  3.69587e-05  0.000450011 -3.23452e-05  0.000450058
 7.12658e-05  0.000199101  2.10382e-06  0.000200763  1.61329e-05  0.000200679 -1.47483e-05  0.000200693
 1.78558e-05  4.99429e-05  4.08856e-07  5.03589e-05  3.95532e-06  5.03387e-05 -3.75887e-06  5.03407e-05
  2.8638e-15  8.00759e-15  5.64318e-17  8.07432e-15  6.28918e-16  8.07114e-15 -6.03501e-16   8.0714e-15
0 0 0 0 0 0 0 0
0 0 0 0 0 0 0 0
0 0 0 0 0 0 0 0
0 0 0 0 0 0 0 0
0 0 0 0 0 0 0 0
0 0 0 0 0 0 0 0
0 0 0 0 0 0 0 0
0 0 0 0 0 0 0 0
0 0 0 0 0 0 0 0
0 0 0 0 0 0 0 0
0 0 0 0 0 0 0 0
0 0 0 0 0 0 0 0
0 0 0 0 0 0 0 0
0 0 0 0 0 0 0 0
0 0 0 0 0 0 0 0
0 0 0 0 0 0 0 0
0 0 0 0 0 0 0 0
0 0 0 0 0 0 0 0
0 0 0 0 0 0 0 0
0 0 0 0 0 0 0 0
0 0 0 0 0 0 0 0
0 0 0 0 0 0 0 0
0 0 0 0 0 0 0 0
0 0 0 0 0 0 0 0
0 0 0 0 0 0 0 0
0 0 0 0 0 0 0 0
0 0 0 0 0 0 0 0
0 0 0 0 0 0 0 0
0 0 0 0 0 0 0 0
0 0 0 0 0 0 0 0
0 0 0 0 0 0 0 0
0 0 0 0 0 0 0 0
0 0 0 0 0 0 0 0
0 0 0 0 0 0 0 0
0 0 0 0 0 0 0 0
0 0 0 0 0 0 0 0
0 0 0 0 0 0 0 0
0 0 0 0 0 0 0 0
0 0 0 0 0 0 0 0
0 0 0 0 0 0 0 0
0 0 0 0 0 0 0 0
0 0 0 0 0 0 0 0
0 0 0 0 0 0 0 0
0 0 0 0 0 0 0 0
0 0 0 0 0 0 0 0
0 0 0 0 0 0 0 0
0 0 0 0 0 0 0 0
0 0 0 0 0 0 0 0
0 0 0 0 0 0 0 0
0 0 0 0 0 0 0 0
0 0 0 0 0 0 0 0
0 0 0 0 0 0 0 0
0 0 0 0 0 0 0 0
0 0 0 0 0 0 0 0
0 0 0 0 0 0 0 0
0 0 0 0 0 0 0 0
0 0 0 0 0 0 0 0
0 0 0 0 0 0 0 0
0 0 0 0 0 0 0 0
0 0 0 0 0 0 0 0
0 0 0 0 0 0 0 0
0 0 0 0 0 0 0 0
0 0 0 0 0 0 0 0
0 0 0 0 0 0 0 0
0 0 0 0 0 0 0 0
0 0 0 0 0 0 0 0
0 0 0 0 0 0 0 0
0 0 0 0 0 0 0 0
0 0 0 0 0 0 0 0
0 0 0 0 0 0 0 0
0 0 0 0 0 0 0 0
0 0 0 0 0 0 0 0
0 0 0 0 0 0 0 0
0 0 0 0 0 0 0 0
0 0 0 0 0 0 0 0
0 0 0 0 0 0 0 0
0 0 0 0 0 0 0 0
0 0 0 0 0 0 0 0
0 0 0 0 0 0 0 0
0 0 0 0 0 0 0 0
0 0 0 0 0 0 0 0
0 0 0 0 0 0 0 0
0 0 0 0 0 0 0 0
0 0 0 0 0 0 0 0
0 0 0 0 0 0 0 0
0 0 0 0 0 0 0 0
0 0 0 0 0 0 0 0
0 0 0 0 0 0 0 0
0 0 0 0 0 0 0 0
