-0.00191228 4.37272e-39 2.62363e-38
 -0.00167706 -0.000165154  0.000270568
0.000313413 0.000247234 0.000230242
 0.00328099 0.000614672 0.000136999
 0.00674478 0.000636951 3.68731e-05
  0.0101608 0.000622677  1.6566e-05
  0.0139592  0.00111417 0.000257781
  0.0181142  0.00154547 0.000574021
  0.0227157  0.00167037 0.000849903
 0.0275858  0.0018895 0.00114344
 0.0326433  0.0018934 0.00144275
  0.038124 0.00181537 0.00180095
 0.0438871 0.00139615 0.00218884
  0.0501409 0.000988148  0.00260509
  0.0565558 0.000934437  0.00306632
 0.0631089   0.001048 0.00366192
 0.0697065 0.00104986 0.00411844
 0.0760071 0.00103593 0.00453998
  0.0818241 0.000773661  0.00511634
  0.0870787 0.000478849  0.00567072
  0.0924313 0.000583185  0.00606424
 0.0971697 0.00021728 0.00647292
   0.102144 -0.00047471  0.00680497
   0.106155 -0.00144765  0.00726233
   0.108623 -0.00121219  0.00788063
   0.109747 -0.00205802  0.00822846
   0.109948 -0.00135216  0.00876811
   0.108337 -0.00157965  0.00909486
    0.105798 -0.000503524   0.00975885
    0.101313 -0.000294797    0.0102014
 0.0960356 0.00392609  0.0108798
 0.0890378 0.00676466  0.0113757
 0.0812662 0.00970173  0.0115899
0.0725804 0.0115316 0.0117855
0.0631701 0.0134946 0.0118121
0.0530615 0.0145163 0.0117758
0.0434048 0.0150035 0.0115591
0.0337889 0.0148148 0.0113143
0.0245053 0.0142425 0.0109097
0.0152434  0.013592 0.0106487
0.00664685  0.0120363  0.0103277
-0.00108678  0.00983735   0.0100114
-0.00851669  0.00786124  0.00970736
-0.0156513 0.00641172 0.00955789
-0.0224421 0.00400721 0.00926043
-0.0288053 0.00185977 0.00894517
  -0.0346755 -0.000257627   0.00870177
  -0.040046 -0.00258629  0.00848507
 -0.0450135 -0.00483664  0.00828039
 -0.0497284 -0.00704813  0.00812087
-0.0540541 -0.0090081 0.00795241
-0.0578479 -0.0102527  0.0080359
-0.0610326   -0.01077 0.00822404
   -0.0635 -0.0112965 0.00843599
 -0.065428 -0.0120018 0.00866894
-0.0665086 -0.0121352 0.00895594
-0.0668726 -0.0123459 0.00924338
-0.0664891   -0.01205 0.00950287
 -0.065603 -0.0111547  0.0100099
 -0.0639685 -0.00988765   0.0104643
 -0.0615907 -0.00771056   0.0111288
 -0.0596658 -0.00573517   0.0118872
 -0.0577031 -0.00245138   0.0128765
  -0.056191 0.000764437   0.0136598
-0.0542843 0.00491891  0.0148247
-0.0521295 0.00874111  0.0157212
-0.0496081  0.0124426  0.0165024
-0.0469856  0.0159364  0.0171104
-0.0442052  0.0186913  0.0173988
-0.0408854  0.0211458  0.0174162
-0.0371849   0.023342  0.0173239
-0.0330151  0.0252782  0.0173083
-0.0283045  0.0263491  0.0172435
-0.0232436  0.0266221  0.0171859
-0.0179755  0.0272305  0.0173992
-0.0126938  0.0272348  0.0174637
-0.00761363   0.0274948   0.0176838
-0.00229374   0.0268336   0.0178172
0.00312844  0.0257553  0.0182435
0.00819207   0.024529   0.018647
0.0135441 0.0214453 0.0191879
0.0178453 0.0174132 0.0194606
0.0215549 0.0148473 0.0199696
0.0248135 0.0123349 0.0204461
0.0272169 0.0103397 0.0212588
 0.0285553 0.00935316  0.0219803
 0.0289194 0.00866774  0.0227578
 0.0285025 0.00736359  0.0238458
 0.0274601 0.00576592  0.0247951
 0.0258103 0.00443825  0.0257481
 0.0238108 0.00393893  0.0265753
 0.0215617 0.00387526  0.0270986
 0.0193547 0.00478138  0.0277962
0.0167177  0.004927 0.0284034
 0.0124267 0.00378305  0.0286019
0.00743287 0.00204457  0.0285174
0.00107766  0.0040156  0.0292033
-0.00683093  0.00631658   0.0294515
-0.0152906 0.00739515   0.029211
-0.0244968 0.00791753  0.0286819
-0.0342925 0.00994273  0.0284716
-0.0444561  0.0110574  0.0280033
-0.0544945  0.0121049  0.0275863
-0.0639775  0.0134515  0.0271496
-0.0727335  0.0138579  0.0266271
-0.0808726  0.0145924  0.0262103
-0.0888261  0.0141695  0.0257034
-0.0969286  0.0138269  0.0252564
-0.103844 0.0130655 0.0247348
-0.109836 0.0125181 0.0243514
-0.114862 0.0127201 0.0242467
-0.118643 0.0123987 0.0239882
-0.121216 0.0121594 0.0238846
-0.122999  0.011325 0.0236611
-0.123732 0.0102884 0.0236904
 -0.123556 0.00904236  0.0237931
-0.122544 0.0084423 0.0241778
  -0.12097 0.00646725  0.0244659
  -0.11881 0.00544516  0.0251336
 -0.115663 0.00410472  0.0254143
-0.112143 0.0033597 0.0256788
-0.108719 0.0013616 0.0255049
  -0.105283 0.000844384   0.0251997
  -0.101372 -0.00167712   0.0245983
 -0.0964247 -0.00314358   0.0239379
 -0.0913997 -0.00589288   0.0229855
 -0.0864203 -0.00753371   0.0220614
-0.0817051 -0.0106226  0.0205001
-0.0768088 -0.0131037  0.0191779
-0.0716694 -0.0149574  0.0178056
-0.0668298 -0.0156507  0.0165093
-0.0624515 -0.0175099  0.0151555
 -0.059366 -0.0186966  0.0143483
-0.0565066 -0.0188295  0.0137016
-0.0536404 -0.0183075  0.0132966
-0.0511227 -0.0182686   0.012921
-0.0492125 -0.0175605  0.0126549
-0.0474314 -0.0160181  0.0121847
-0.0455431 -0.0137004  0.0114886
-0.0435626 -0.0114897  0.0107714
 -0.0420126 -0.00839461   0.0100201
 -0.0405871 -0.00562029  0.00960751
-0.0404394 -0.0025237   0.009434
  -0.0401994 -0.000503305   0.00885934
-0.0409216 0.00259784  0.0083028
 -0.041769 0.00493834 0.00735635
-0.0434051 0.00804007 0.00657724
-0.0460286  0.0106853 0.00566688
 -0.049055  0.0145266 0.00469778
 -0.052448  0.0164082 0.00383631
-0.0567765   0.019513 0.00304716
-0.0614015  0.0220711 0.00195105
 -0.0658134    0.025094 0.000930507
   -0.070143    0.0273195 -4.84272e-06
  -0.0740822    0.0292062 -0.000970516
 -0.0781705   0.0311832 -0.00170886
 -0.0825817   0.0326019 -0.00259679
 -0.0880772   0.0336877 -0.00339369
 -0.0940694   0.0340958 -0.00436462
  -0.100692   0.0334411 -0.00541342
  -0.106642   0.0326312 -0.00639127
  -0.112408   0.0327689 -0.00706508
  -0.116847   0.0321676 -0.00746211
  -0.120801   0.0305076 -0.00811812
  -0.124084   0.0290053 -0.00830987
  -0.126801   0.0264179 -0.00877655
  -0.129295    0.023931 -0.00867739
  -0.131295   0.0213962 -0.00862941
  -0.132325   0.0181984 -0.00832144
  -0.132741   0.0146545 -0.00813413
  -0.132229   0.0112377 -0.00760447
  -0.132308  0.00707828 -0.00713346
 -0.131769 0.00314612 -0.0066586
  -0.130752 -0.00115869 -0.00626227
  -0.129057  -0.0053641 -0.00570011
  -0.126935 -0.00950581 -0.00506528
   -0.12401  -0.0138087 -0.00419125
  -0.121148  -0.0185109 -0.00332451
 -0.117528 -0.0220564 -0.0022411
  -0.113407  -0.0259334 -0.00132922
   -0.109311   -0.0286552 -0.000229598
  -0.105095  -0.0317318 0.000680856
 -0.100769 -0.0330893 0.00152277
-0.0967959 -0.0349527 0.00231397
-0.0935238 -0.0354008 0.00304281
-0.0908686  -0.036247 0.00381083
-0.0877726 -0.0363909 0.00443102
-0.0841616 -0.0366918 0.00491716
-0.0801112 -0.0356469 0.00517935
-0.0760001  -0.034194 0.00563603
-0.0723214 -0.0310225 0.00589831
 -0.069669 -0.0274064 0.00635472
-0.0680485  -0.022786 0.00676885
-0.0674704 -0.0185464 0.00732668
-0.0675385 -0.0129564 0.00808295
 -0.0680746 -0.00646402  0.00923167
  -0.0689713 -6.58327e-05    0.0105237
-0.0705905 0.00659392  0.0120503
-0.0722405  0.0132469  0.0135113
-0.0745275  0.0202774  0.0150145
-0.0776015  0.0279248  0.0160342
-0.082759 0.0354791 0.0172119
-0.0887419  0.0423951   0.018929
-0.0953056  0.0471811  0.0204512
-0.102293 0.0519901 0.0218757
-0.109599 0.0557739 0.0230685
-0.116941 0.0579766 0.0240527
-0.123748 0.0585352 0.0248354
-0.129829 0.0578848 0.0253446
-0.135461 0.0561931 0.0257329
-0.140534 0.0533772 0.0255679
-0.145534  0.050461 0.0254605
-0.150034 0.0476233 0.0257727
 -0.15428 0.0437478 0.0259762
-0.158747 0.0391045 0.0264438
-0.163098 0.0335419 0.0269357
-0.168047 0.0283249 0.0273388
-0.172645 0.0226993 0.0275017
-0.176751  0.016541 0.0276218
 -0.179309 0.00989148  0.0274701
 -0.179666 0.00115089  0.0271416
  -0.178332 -0.00697421   0.0267704
 -0.175715 -0.0147723  0.0262511
 -0.172395 -0.0216863  0.0257391
 -0.168509 -0.0286191  0.0253749
 -0.165053 -0.0357056  0.0246926
-0.162184 -0.042351 0.0242761
 -0.158711 -0.0490766  0.0237302
 -0.15564 -0.055315 0.0233027
 -0.15367 -0.061963 0.0229153
   -0.1527 -0.0671642  0.0224138
 -0.150788 -0.0714961   0.021873
  -0.14853 -0.0755028  0.0213164
 -0.145644 -0.0769737  0.0208799
 -0.141485 -0.0784536    0.02049
 -0.136237 -0.0779194  0.0200141
 -0.131538 -0.0760901  0.0194898
 -0.127218 -0.0742489  0.0189326
-0.124457 -0.070788 0.0185148
 -0.122236 -0.0666348  0.0180118
 -0.121788 -0.0594683  0.0179325
 -0.121378 -0.0530328  0.0174915
 -0.121796 -0.0451386  0.0173835
 -0.122903 -0.0379839  0.0170677
 -0.125227 -0.0292027   0.016897
 -0.128001 -0.0204438  0.0171118
 -0.131647 -0.0107718  0.0174406
   -0.135331 -0.000408822    0.0177399
 -0.139624 0.00990403  0.0180392
-0.142992 0.0214537 0.0184876
-0.147068  0.032478 0.0190899
-0.150496 0.0422815 0.0196647
-0.153056 0.0514799 0.0202323
-0.154165 0.0598188 0.0206197
-0.155122 0.0678119 0.0211979
-0.155169  0.075414  0.021504
-0.154577 0.0822121  0.022229
-0.153368 0.0875848 0.0226221
-0.152258 0.0923069 0.0231625
-0.150969 0.0956689 0.0236598
-0.149472  0.098371 0.0243455
-0.148269 0.0993679 0.0246785
-0.147088 0.0998073 0.0251916
-0.146101 0.0997664 0.0258592
-0.145745  0.098174 0.0268052
-0.145859 0.0951678 0.0275951
-0.146577 0.0909266 0.0286939
-0.147739 0.0848458 0.0292545
-0.148492 0.0780585 0.0298503
-0.149057 0.0699671 0.0303968
-0.148551 0.0616146 0.0307623
-0.148524 0.0522662 0.0307146
-0.147376 0.0419148 0.0309564
-0.147145 0.0310823 0.0309508
-0.147529 0.0207133 0.0310615
-0.148665 0.0104112 0.0310848
  -0.149005 1.40727e-05   0.0309883
 -0.149748 -0.0106798  0.0309361
 -0.150931 -0.0206067  0.0310066
 -0.153326 -0.0318537  0.0307942
 -0.155783 -0.0429438  0.0305588
 -0.158649 -0.0532136  0.0302847
 -0.161834 -0.0624939  0.0300233
  -0.16588 -0.0717386   0.029532
 -0.170056 -0.0786793  0.0291387
 -0.175008 -0.0858431  0.0285251
  -0.18015 -0.0917557  0.0281819
-0.186959 -0.097107 0.0274943
-0.193533 -0.101576 0.0271998
-0.200509 -0.104577 0.0266868
-0.207596 -0.107611 0.0261532
-0.215203 -0.109216 0.0254383
-0.223961 -0.109593 0.0247005
-0.231563 -0.108264 0.0240988
-0.238591 -0.103164 0.0227572
-0.244334 -0.097612 0.0214632
 -0.249557 -0.0898492  0.0197826
 -0.253865 -0.0812662  0.0182718
  -0.25811 -0.0714053  0.0168254
 -0.261257 -0.0604261  0.0157688
 -0.264541 -0.0493161  0.0147659
 -0.266199 -0.0376165  0.0138165
 -0.268225 -0.0240142  0.0128716
-0.269906 -0.010201 0.0118105
-0.273391 0.0040758  0.010544
 -0.277078  0.0176423 0.00863397
 -0.281568  0.0318796 0.00703551
 -0.285022  0.0463818 0.00491577
  -0.28807  0.0598217 0.00336645
  -0.29006  0.0738588 0.00162447
   -0.29196   0.0864117 0.000364735
   -0.291845     0.100372 -0.000850831
  -0.289836    0.111153 -0.00178154
  -0.285769    0.123227 -0.00261406
  -0.278669    0.132243 -0.00337233
 -0.269725   0.143932 -0.0037813
  -0.257888    0.152298 -0.00375295
  -0.245782    0.159192 -0.00433031
  -0.231638    0.163719 -0.00443939
  -0.217713    0.166118 -0.00473238
  -0.201842    0.166359 -0.00459092
  -0.186617    0.164199 -0.00472831
  -0.169562    0.160432 -0.00460971
  -0.153602    0.153321 -0.00500211
  -0.137287    0.144983 -0.00507756
  -0.123475    0.131793 -0.00583859
   -0.11066    0.118017 -0.00606762
   -0.10021    0.101203 -0.00691262
 -0.0900782   0.0834993 -0.00703925
-0.0818279  0.0631389  -0.007708
 -0.0739728    0.042703 -0.00802172
 -0.0683989    0.019742 -0.00914937
 -0.0643926 -0.00270611 -0.00984161
-0.0628699  -0.025701 -0.0107041
-0.0632485 -0.0479986 -0.0112022
-0.0666956 -0.0700976  -0.011713
-0.0722993 -0.0907431 -0.0119635
-0.0806166   -0.11137 -0.0121677
-0.0900571  -0.130342 -0.0122344
 -0.100486   -0.14814 -0.0124775
 -0.111043  -0.164526 -0.0127727
 -0.122415  -0.178774 -0.0133382
 -0.134665  -0.191382 -0.0138943
 -0.147265  -0.201388 -0.0147011
 -0.160143  -0.208705 -0.0156641
 -0.174395  -0.211675 -0.0166666
 -0.190007  -0.212588 -0.0178365
 -0.206847   -0.20945 -0.0189958
  -0.22426  -0.203644 -0.0204175
 -0.243053    -0.1936 -0.0214038
  -0.26117  -0.181666 -0.0229275
 -0.279108  -0.168451 -0.0249749
 -0.296014  -0.152923 -0.0274144
 -0.313117  -0.136924 -0.0299344
 -0.329636  -0.118906 -0.0327487
 -0.345182 -0.0993176 -0.0352367
 -0.358317 -0.0783535 -0.0378127
 -0.369852 -0.0556473  -0.039653
 -0.378231 -0.0313367 -0.0417869
  -0.384931 -0.00575645   -0.043388
 -0.388512   0.020426 -0.0453305
 -0.389304   0.046237 -0.0467962
 -0.387393  0.0706799 -0.0485186
 -0.383565  0.0953521 -0.0498391
 -0.379025   0.119465 -0.0512796
 -0.371325   0.141124 -0.0523853
 -0.361832   0.159501 -0.0529314
 -0.350133   0.174823 -0.0536648
 -0.337581   0.184828 -0.0534454
 -0.322582   0.190558 -0.0534322
-0.305131  0.193964 -0.052792
 -0.285756   0.194518 -0.0523234
 -0.265706   0.191871 -0.0509578
 -0.245839   0.186567 -0.0498696
  -0.22456   0.177907 -0.0476155
 -0.203609   0.166304 -0.0456772
 -0.183263   0.152989 -0.0430233
 -0.163269   0.137161 -0.0411492
 -0.143614   0.118805 -0.0390566
 -0.125877   0.100215 -0.0372415
 -0.110216  0.0805099 -0.0354439
-0.0969644  0.0601303 -0.0339986
-0.0858713   0.040226 -0.0328518
-0.0772749  0.0204725 -0.0316608
 -0.0700333 -0.00076681  -0.0299513
-0.0650096 -0.0210805 -0.0283566
-0.0620878 -0.0411866 -0.0264385
-0.0620006 -0.0593048 -0.0242498
 -0.064878 -0.0767095 -0.0221737
-0.0710878 -0.0919655 -0.0196916
-0.0799096  -0.106382 -0.0175811
-0.0911438  -0.118691 -0.0155749
 -0.104393  -0.127944 -0.0139476
 -0.120106   -0.13499 -0.0123183
 -0.138187  -0.139934 -0.0112948
  -0.15884  -0.141582 -0.0101808
  -0.181475   -0.142212 -0.00937582
  -0.205686   -0.140585 -0.00899731
  -0.232223   -0.137797 -0.00880876
  -0.258506   -0.132301 -0.00874657
  -0.285915    -0.12595 -0.00860581
   -0.31253   -0.116475 -0.00836822
  -0.337805    -0.10562 -0.00782057
  -0.362077  -0.0935562 -0.00727021
  -0.384661   -0.079625 -0.00640351
  -0.404978  -0.0652024 -0.00571487
  -0.423294  -0.0500476 -0.00478252
  -0.439946   -0.034389 -0.00382104
  -0.454492  -0.0190591 -0.00251232
  -0.466644 -0.00375277 -0.00119161
  -0.47547  0.0114938 0.00044049
 -0.481046  0.0268549 0.00254196
-0.482869 0.0420956  0.004546
 -0.481953  0.0562409 0.00675455
 -0.477711  0.0688943 0.00883675
-0.471269 0.0791402 0.0105114
-0.461563 0.0879157 0.0120751
-0.449717 0.0931702 0.0133199
-0.436232 0.0987005 0.0144563
-0.420949 0.0967071 0.0162076
-0.404021 0.0947384 0.0175007
 -0.38574  0.086604 0.0196821
-0.365107 0.0800487  0.021724
-0.343179 0.0732603 0.0234158
-0.320549 0.0660488 0.0249508
-0.297658 0.0597659 0.0261731
-0.274668 0.0514854 0.0272646
 -0.25225 0.0427012 0.0286141
-0.230766 0.0325772 0.0299036
-0.210573 0.0215405 0.0314658
 -0.191199 0.00973477  0.0326743
  -0.173364 -0.00235513   0.0340944
 -0.157522 -0.0148737  0.0353252
 -0.143866 -0.0260407   0.036557
 -0.131831 -0.0365999  0.0375963
 -0.121936 -0.0465364  0.0385125
 -0.114337 -0.0561145  0.0391561
 -0.110268 -0.0648081  0.0394998
-0.109208 -0.072557 0.0399107
 -0.111331 -0.0801933  0.0398883
 -0.115918 -0.0865869  0.0396383
 -0.123242 -0.0915504  0.0391927
  -0.13313 -0.0941213  0.0390396
 -0.145235 -0.0949971  0.0386187
 -0.159417 -0.0941653  0.0384186
  -0.17516 -0.0914601  0.0378168
 -0.192758 -0.0875109  0.0374923
 -0.211234 -0.0818627  0.0372004
-0.230639  -0.07481 0.0372071
 -0.250046 -0.0653283  0.0374983
-0.269361 -0.056091 0.0378348
 -0.288717 -0.0454758  0.0384053
 -0.308615 -0.0349277  0.0388808
-0.328175 -0.023301 0.0393196
 -0.346839 -0.0121764  0.0392132
  -0.363487 -0.00145868    0.039372
 -0.378125 0.00891117  0.0390208
-0.390726 0.0199429 0.0386323
-0.401385 0.0303189 0.0378043
-0.410464  0.040524 0.0370242
-0.417644 0.0505918  0.035821
 -0.42344 0.0566443  0.035474
-0.427012 0.0619805 0.0349692
-0.428676 0.0668581 0.0348082
-0.427083 0.0713174 0.0338294
-0.422699 0.0745471   0.03338
-0.415818 0.0773835 0.0322473
-0.406649 0.0780935 0.0315721
-0.395663   0.07906 0.0301199
-0.383287  0.077666 0.0287466
-0.370358 0.0770641 0.0269626
-0.355278 0.0737859 0.0255323
-0.338517 0.0706531 0.0232431
-0.319299 0.0656342 0.0215004
-0.299491 0.0606249 0.0195161
-0.277562 0.0541531 0.0180851
-0.254889 0.0453719 0.0161908
-0.231035  0.035419 0.0147384
 -0.20789 0.0252556 0.0131927
-0.184491  0.013583 0.0120323
 -0.162506 0.00261021  0.0108886
  -0.140755 -0.00959174  0.00994713
 -0.121085  -0.019326 0.00957293
 -0.102292 -0.0298224 0.00940995
-0.0856072 -0.0390657 0.00945868
-0.0703299 -0.0483759 0.00963232
-0.0577046 -0.0571972 0.00990856
-0.0471523 -0.0650509  0.0105165
-0.0390668  -0.072266  0.0113049
-0.0334246 -0.0788571  0.0119876
-0.0308911 -0.0846367  0.0128596
-0.0310513 -0.0898422   0.013592
-0.0344483 -0.0940691  0.0146347
-0.0408165  -0.097903  0.0154256
-0.0502429  -0.100703  0.0165856
-0.0619751  -0.103072  0.0176469
-0.0763078  -0.103549  0.0190454
-0.0932047  -0.103693  0.0202782
-0.112586 -0.101433 0.0220081
 -0.133934 -0.0994339  0.0234531
 -0.157403 -0.0944349  0.0254636
 -0.182586 -0.0885715  0.0269553
 -0.207551 -0.0815539  0.0282975
 -0.231665 -0.0737497   0.029655
-0.254621 -0.065147 0.0305408
 -0.276471 -0.0557264  0.0317734
 -0.297053 -0.0452632  0.0324589
  -0.31652 -0.0344882  0.0333633
 -0.334154 -0.0223869  0.0336245
 -0.349801 -0.0101347  0.0342172
 -0.363233 0.00315279  0.0343172
-0.374402 0.0164553 0.0346762
 -0.38315 0.0301861 0.0346996
-0.389424   0.04357 0.0350472
-0.392949 0.0576485 0.0348417
-0.393767 0.0711818 0.0348332
-0.391923 0.0843703  0.034546
-0.386951 0.0941991 0.0342787
-0.379382  0.103577 0.0337223
-0.369085  0.110228 0.0333423
-0.356216  0.116278 0.0328464
-0.341398  0.117858  0.032086
-0.325053  0.117945 0.0307929
-0.306305   0.11665 0.0300636
-0.285901  0.115503 0.0291952
-0.263701  0.113003  0.028435
-0.241119  0.109088 0.0275395
-0.217327  0.103862 0.0267644
-0.193083 0.0971241 0.0258627
-0.168561 0.0901202 0.0253096
-0.144646 0.0824638 0.0247479
-0.120855 0.0746574 0.0244852
-0.0980909  0.0653514  0.0241469
-0.0759943  0.0553324  0.0241329
-0.0561217  0.0440646  0.0241134
-0.0377996  0.0328625  0.0244613
-0.0216645  0.0204085  0.0248685
-0.00708135  0.00820826   0.0255226
 0.00542447 -0.00401661   0.0263801
 0.0163869 -0.0152834  0.0275899
 0.0255318 -0.0260044  0.0288243
 0.0327012 -0.0363664  0.0302742
 0.0378551 -0.0460889  0.0317607
  0.041562 -0.0551582  0.0335716
  0.043026 -0.0632315  0.0354541
 0.0425598 -0.0697554  0.0372873
 0.0400922 -0.0755999  0.0389872
0.0359102 -0.079777   0.04057
 0.0297258 -0.0834199  0.0421051
 0.0218262 -0.0853342  0.0436919
 0.0120642 -0.0867287  0.0453389
0.000964595   -0.085012   0.0473212
 -0.011489 -0.0830332  0.0491455
-0.0251644 -0.0790935   0.050929
-0.0395729 -0.0751858  0.0526137
-0.0547362 -0.0694466  0.0544569
-0.0697578 -0.0631554  0.0561921
-0.0845658 -0.0561053  0.0578824
-0.0985959 -0.0481537  0.0593241
 -0.112167 -0.0391945  0.0606336
 -0.124526 -0.0293864  0.0618096
 -0.136092 -0.0193422  0.0628176
  -0.146423 -0.00927245   0.0636806
  -0.155545 0.000922889   0.0643874
-0.163102  0.010608 0.0650201
-0.169432 0.0199658 0.0653761
-0.174102 0.0287099 0.0655656
-0.177143 0.0363043 0.0657183
-0.178652 0.0432092 0.0657296
 -0.17889 0.0491295 0.0656714
-0.177624 0.0544251   0.06536
-0.174922 0.0585189 0.0652561
-0.170603 0.0617225 0.0646744
-0.164863 0.0633495  0.064242
-0.157691 0.0648825 0.0634358
-0.149526 0.0653403 0.0628047
-0.140364 0.0658272 0.0617705
-0.129841 0.0653537 0.0609254
-0.118769 0.0642171 0.0596035
-0.106893 0.0621452 0.0583473
-0.0950511  0.0602874  0.0570106
-0.0822235   0.057423  0.0557147
-0.0689299  0.0542518  0.0542098
-0.0549781  0.0498371  0.0528397
-0.0408132  0.0455738  0.0513941
-0.0265343    0.04056  0.0498325
-0.0124129  0.0345706  0.0479669
0.00183184  0.0280327  0.0459235
0.0158692 0.0210444 0.0437511
0.0297313  0.014008 0.0414793
  0.043124 0.00653096  0.0390382
   0.0563878 -0.000700833    0.0365206
  0.0692192 -0.00856833   0.0339112
0.0816323  -0.01589 0.0312002
 0.0932783 -0.0227142  0.0285165
  0.104143 -0.0293831  0.0258191
 0.113701 -0.035883 0.0231633
 0.122076 -0.041928 0.0202164
   0.12882 -0.0455108  0.0179031
  0.133767 -0.0481456  0.0154375
  0.137172 -0.0509261   0.012854
  0.137476 -0.0529823  0.0101709
  0.135605 -0.0541959 0.00788159
  0.131466 -0.0548297 0.00527106
  0.125651 -0.0546208 0.00313342
   0.117533  -0.0535108 0.000942711
   0.107475  -0.0508599 -0.00116677
  0.0955592  -0.0475942 -0.00332116
  0.0821272  -0.0447288 -0.00548455
  0.0671218  -0.0405855 -0.00750466
   0.051183  -0.0360393 -0.00952342
 0.0342783 -0.0307943 -0.0114078
 0.0169384 -0.0243328 -0.0132646
-0.000936733   -0.0178105   -0.0150569
-0.0187843 -0.0106432 -0.0166944
 -0.0365111 -0.00342138  -0.0182606
-0.0539245 0.00430273 -0.0198927
-0.0710477  0.0117803 -0.0214975
-0.0876147  0.0189797 -0.0230943
  -0.10346  0.0254129 -0.0246252
 -0.118263   0.031047 -0.0262072
   -0.1316  0.0365676 -0.0276629
 -0.143421  0.0414227 -0.0289461
 -0.153574  0.0452396 -0.0301772
 -0.162092  0.0493251 -0.0312255
 -0.168637  0.0520556 -0.0320939
 -0.173914   0.055639 -0.0328356
 -0.177041  0.0579617 -0.0335195
 -0.178479  0.0608003 -0.0340166
  -0.17776  0.0626929 -0.0346274
 -0.175167  0.0647623 -0.0350268
 -0.169749  0.0645986 -0.0351304
 -0.162435  0.0644848 -0.0350364
 -0.152667  0.0641022 -0.0352761
 -0.141081  0.0625902 -0.0351695
 -0.126874  0.0585835 -0.0347265
  -0.11099  0.0537208 -0.0339521
-0.0927676  0.0457772 -0.0325851
-0.0734642  0.0373328 -0.0311193
-0.0526917  0.0279129 -0.0294237
-0.0319868  0.0176886 -0.0275619
-0.0105758 0.00780777 -0.0256107
  0.0104389 -0.00291087  -0.0235927
 0.0316021 -0.0136188 -0.0214871
 0.0519405 -0.0253936 -0.0195064
 0.0711681 -0.0363961 -0.0176132
 0.0886499 -0.0473227 -0.0158827
  0.104453 -0.0566639 -0.0141897
  0.118351 -0.0648494 -0.0127502
  0.130205  -0.071605 -0.0111183
  0.139332  -0.077199 -0.0097718
   0.145814  -0.0806807 -0.00825972
  0.149373 -0.0834425 -0.0071336
   0.150136  -0.0832199 -0.00566325
   0.148098  -0.0824058 -0.00447906
   0.143586  -0.0797452 -0.00309713
   0.137675  -0.0785745 -0.00138102
   0.128172  -0.0761988 0.000582703
   0.11647 -0.0727935 0.00162009
  0.102098 -0.0685041 0.00278699
 0.0858494 -0.0625585 0.00371227
 0.0681942 -0.0563171  0.0047115
 0.0496902 -0.0489004 0.00544169
 0.0303894 -0.0408663 0.00619984
 0.0109182 -0.0323239 0.00693119
-0.00862131   -0.022913  0.00761707
-0.0276806  -0.013748 0.00823381
 -0.0466455 -0.00446193  0.00903625
-0.0649824 0.00466437 0.00960311
-0.0825589  0.0136479  0.0103983
-0.0990269  0.0219802  0.0110563
-0.114564 0.0303325 0.0118127
-0.128742 0.0378915 0.0127408
 -0.14166 0.0450348 0.0137972
-0.152815 0.0507573 0.0150538
-0.162475 0.0557648 0.0163068
-0.170382 0.0587479 0.0173512
-0.175709 0.0612466 0.0185483
-0.179306 0.0638272 0.0192082
 -0.18004 0.0654893 0.0198848
-0.178737 0.0656368 0.0207937
-0.175039 0.0648702 0.0215873
 -0.16995 0.0633746 0.0225233
-0.162202 0.0614179 0.0234663
-0.152612 0.0578805 0.0243677
-0.140494 0.0539887 0.0252141
-0.126887 0.0478604 0.0258516
-0.111399 0.0415563 0.0265531
-0.0949661  0.0337068  0.0270745
-0.0770894  0.0261638  0.0275055
