8.4085e-41 8.4085e-41 8.4085e-41 8.4085e-41 8.4085e-41 8.4085e-41 8.4085e-41 8.4085e-41
0.0354479 -0.112796 0.0817956 -0.121642 -0.285551 -0.104599  0.116873 -0.123074
 0.0676059   -1.12181  0.0240112  -0.238013  -0.158373  -0.222302   0.213212 0.00612084
 0.0918456   -1.12446 -0.0250777  -0.287565 0.00915792  -0.277416   0.297214 -0.0473811
 0.0182065   0.172312 -0.0388124   -0.78529   0.147517  -0.342525   0.321424 -0.0464258
-0.0218731   0.114799 -0.0489211  -0.796032   0.255097  -0.371098   0.342696 -0.0738776
 0.195962   1.09028 0.0169252   -1.2041  0.311788 -0.343149  0.311831 -0.328476
 0.390223   1.00649  0.202949  -1.18931  0.400959 -0.356732  0.282626 -0.329357
0.580872 0.897281 0.250297 -1.18849 0.502565 -0.71521  0.25928 0.134648
   0.7516  0.831786  0.270825   -1.1315  0.587286 -0.701708  0.229122  0.117438
  0.801061   0.926569   0.356869   -1.27823   0.582872  -0.660227   0.262258 0.00919744
   0.831648    0.857078    0.403502    -1.21776    0.591752   -0.640366    0.342477 -8.7256e-05
 0.761221   0.92958  0.497884  -1.34854  0.578725  -1.12311  0.390864 -0.301392
 0.629768  0.869313  0.565769   -1.2855  0.527469  -1.07119  0.420144 -0.291593
 0.528265  0.813346  0.659828  -1.26019  0.456211  -1.48646  0.498476 -0.285514
 0.566545  0.770452  0.757307  -1.20265  0.396099   -1.4067  0.478569 -0.265283
0.413741 0.726348 0.826059 -1.15137  0.36391  -1.3241 0.563677 0.482148
0.348464 0.694492 0.827924 -1.08431 0.378386 -1.25298 0.724893 0.464783
 0.256844  0.690563  0.844324 -0.959951   0.30347  -0.98945  0.765404   0.71846
 0.250252  0.695018  0.770532 -0.814714  0.219526 -0.893156   0.77104  0.726269
 0.193244    2.7543  0.752143 -0.800377  0.263836 -0.816149  0.850681  0.745025
 0.185083   2.68156  0.673028 -0.802854  0.287956  -0.73162    0.8925  0.767572
0.0650755   6.28796  0.622546 -0.732619  0.321864 -0.621193  0.840954  0.797632
0.0163607    6.0718  0.527791 -0.481768  0.347335 -0.519538  0.791481      2.73
 0.153064   5.97612  0.519806 -0.387142  0.425447 -0.319555  0.701841   2.70629
 0.119499   5.80889  0.280842 -0.171217  0.422364 -0.165132  0.662777   2.71025
 0.291215   5.82708   0.18057 0.0221971  0.549048  0.097855   0.70734   5.13282
  0.160994    5.71639 -0.0286324   0.364731   0.586322   0.258811   0.643515    5.06507
  0.197765    5.90031 -0.0219105   0.560985    0.60392   0.452563   0.636976    8.19018
 0.179464   5.85664 -0.123889  0.735665  0.511068  0.678851   0.70271    8.0164
  1.05537   7.49541 0.0138167   1.04097  0.485857  0.934564   1.34651   9.12274
   1.72265    7.37136 -0.0666772     1.3173   0.367013    1.13647     1.6941    8.90181
   2.14068    7.74252 -0.0109218    1.59868   0.272054    1.36375    2.35895    9.11202
 2.47158  7.67722 -0.11046  1.81085  0.14175  1.60194   2.8096  8.89135
    2.6144    7.91075 -0.0414515     2.0487  0.0843187    1.90763    3.57037    9.94886
   2.73733    7.92603 -0.0717177    2.33662 -0.0336224    2.22036    4.12129    9.69484
  2.48638   7.84393 0.0826283   2.64675 -0.029147   2.54668   4.64267   10.3009
   2.38566    7.87423  0.0585364     2.9676 -0.0597877    2.80517     4.9905     10.071
     2.02396      8.03372     0.184689      3.26875 -0.000660744       3.1285      5.42994      10.4635
  1.81907   8.16167  0.271476   3.47933 0.0285454    3.4337   5.74007   10.2678
  1.38504   8.43938  0.327074   3.77588 0.0029877   3.71422   5.99202    10.542
  1.06227   8.43925   0.14899   5.32236 -0.102303   4.04057   6.19919   10.3572
  0.736092    8.71325 0.00102236    5.52634  -0.168229    4.26734    6.42513    10.6499
  0.532428    8.73559 -0.0595995    5.83094  -0.244018      4.603    6.52931    10.5665
-0.0935882    9.40724 -0.0714057    6.05233  -0.284621    4.89328    6.57397    10.7841
-0.528833   9.44181 -0.274907   6.78618 -0.194935   5.16024   6.55123   10.7216
  -1.03213    9.72713  -0.449476    6.95741 -0.0667059    5.42736    6.45172    10.8793
  -1.3788   9.71238 -0.892798   8.27575  0.031642   5.71221   6.35377   10.8613
 -1.8262  10.2358 -1.31155   8.3858 0.180505  5.96866  6.13258  10.9504
-2.17803  10.2375 -1.88352  8.98317 0.275615  6.25011  5.89871  10.9842
 -2.6039  10.8196 -2.29142   9.0875 0.260331  6.53624  5.70793   11.036
-2.95308  10.8564 -2.56364  9.47738 0.220972  7.56227  5.46457  11.0978
-3.21565  11.2918 -2.76514  9.51134 0.131491  7.79346   5.2814  11.1571
  -3.39332    11.2998   -3.11267    10.1052 -0.0349178    8.84901    5.10853    11.2237
 -3.82216   11.8844  -3.37675   10.1223 -0.207368   9.03623   4.87205   11.3104
 -4.13562   11.8809  -3.64581   10.4959 -0.378546   9.29468   4.66774   11.3793
 -4.62267   12.5008  -3.86042   10.4305 -0.552766    9.4837   4.43635   11.5073
 -4.96997   12.5141  -4.15366   10.8644 -0.675732   9.74166    4.3463   11.4956
 -5.27284   12.8235  -4.35498    10.847 -0.801844   9.95051   4.18637   11.6293
 -5.51353   12.8366  -4.64652   11.0316 -0.854624   10.1099    4.1055   11.7433
 -5.77357   13.7278  -4.54468   11.1764 -0.888572   10.3063    3.9806   11.8697
 -5.87237    13.762  -4.58298   11.3996 -0.937259   10.3942   3.71443   12.0016
 -5.86967   15.2546  -4.15566   11.6738 -0.972748    10.624   3.43542   12.1366
 -5.76951   15.2717  -3.97663   11.8045 -0.936965   10.8656   3.24263    12.286
 -5.26325   15.1511  -3.59327   12.1409 -0.910061   11.0549   2.92171   13.8438
  -4.7904   15.1737  -3.32609   12.2221 -0.852825   11.3186   2.58138   13.9229
 -4.40648   15.2293  -2.99075   12.4765 -0.822297   11.5109   2.30338    13.988
 -4.04511   15.2702  -2.70941    12.631 -0.761125   11.9191   2.00703   14.0826
 -3.90826   15.2956  -2.55514   12.8129 -0.734561   12.1017   1.79566   14.1996
 -3.72693   15.3581  -2.55446   12.9942 -0.613969   12.4894   1.68269   14.2897
 -3.72117   15.3974  -2.42078   13.2233 -0.507982   12.6802   1.68334   14.3567
 -3.57977    15.485  -2.36994   13.4746 -0.446873   12.8604   1.70446    14.448
 -3.73855   15.9948  -2.21781   13.6981 -0.475173   13.0325   1.80882   13.5871
  -3.7249   16.0498  -2.30367    13.962 -0.536443   13.2441   1.92295   13.7464
  -3.5347   16.1032  -2.15907    14.123 -0.528026   13.4327   1.95762   13.7398
 -3.33729   16.1733  -2.16005   14.4883 -0.445269   13.6081   1.93997   13.9006
 -3.04474   16.3285  -2.05777   14.6696 -0.267483   13.7417   1.85642   14.0342
 -2.77391   16.4297  -2.20525    15.366 -0.111711   13.9168   1.82203   14.2255
 -2.34499   16.5756  -2.24352   15.4716 -0.112193   14.9081   1.59209   14.5582
  -1.94829     16.653   -2.31678    15.8195 -0.0858229    15.0645    1.47633    14.7511
 -1.82688   16.7565  -2.25753   15.9282 -0.340121   17.9473   1.20584   15.1622
 -1.77045   16.8923   -2.6094   17.0018 -0.470038   17.9702   1.01296   15.3466
 -1.17533   17.7439  -2.83401   17.0827 -0.625886   17.6974  0.888523   15.4867
-0.762143   17.7648  -3.13397   18.0288  -0.67093   16.7483  0.839204   15.6391
0.0472006   18.6187  -3.27168   18.1506 -0.762164    16.883  0.534328   16.0373
 0.667765    18.614  -3.16636   18.2828 -0.597963    17.909  0.284138   16.2487
   1.4182   19.2869   -2.9598   18.4252 -0.508094   18.0376 0.0242572   16.6764
  1.82571   19.3722  -2.53895   18.5846 -0.675254   18.5162   -0.1372   16.9033
  1.94928   19.6621  -2.22431   18.7294 -0.826225   18.6531 -0.202892   17.4034
  2.06207   19.7947   -1.8599   18.8744  -1.05952   19.3337 -0.284165   17.6484
 2.09136  21.0017 -1.32953  19.2076   -1.206  19.5126 -0.12561  17.9145
   2.02312    21.1085   -1.03894    19.3681   -1.02662    19.9164 -0.0480295    18.1781
   2.21619    22.5203  -0.436202    19.8696  -0.951038    20.0816 -0.0420102    18.4456
   2.39039    22.5708  -0.142577    20.0615  -0.951919    20.2683 -0.0751689    20.8016
  2.30269   22.8031 -0.123213   20.2997 -0.991471   20.4679 -0.132882   20.9977
  2.19995    22.935 -0.323597   20.5818 -0.999111   21.4141 -0.138735   24.5013
  3.0407  25.7026 0.231572  21.4022 -0.98797  21.7153 -0.26448  24.5785
  3.64429   25.7516  0.598946   21.5619 -0.528193    22.307  -0.58315   24.7269
  3.54545   25.8455   1.12261   22.4807 -0.276462   22.5458 -0.664989   24.8456
   3.45119    25.9438    1.27296    22.6389 -0.0894283     22.799  -0.784258    24.9899
  3.13756    26.016   2.28932   24.1178 0.0241905   23.0671 -0.854874   25.1366
   2.75565    26.1905    2.81131    24.1336 -0.0313631    23.3178  -0.932332    25.3071
   2.41701    26.4014    3.50837    24.8727 -0.0908697     23.591   -1.13002    25.5166
  2.27962   26.5483   4.06604   24.7626 -0.124373   24.1831  -1.20877   25.6902
  1.96361   26.7325   4.51763   25.3711 -0.169604   24.4392  -1.25335   26.4532
  1.86697   26.9073   4.91516   25.4382 -0.145716   24.6762  -1.32532   26.5958
  1.35379   27.2277    5.3654   25.8962 -0.176323   24.9407   -1.4644   27.2878
   1.1732   27.3352   5.66941   25.8745 -0.175106   25.2181  -1.60078   27.4738
 0.661551   27.7878   6.07842   26.4844 -0.130503   25.4956  -1.59647   27.6412
  0.51235   27.9699   6.34841   26.5453 -0.165522   25.7616  -1.48859   27.8188
 0.636895   28.1287    6.7521    27.012 -0.222035   26.0403  -1.28355   27.9678
 0.725257   28.2848   6.97212   27.0616 -0.153165   26.1993  -1.16809   28.1475
  0.802972    28.4338     7.3627    27.4864 -0.0809034    26.4537   -1.15774    28.3261
  0.8121  28.5801  7.57078  27.5162 0.109588  26.8538 -1.22143  28.4949
 1.07068   28.816  7.71268  27.9788 0.296087  27.0853  -1.3221  28.6514
 1.15303  28.8705   7.9023  27.9443 0.447335  27.2977  -1.3547  28.8136
 1.50945  29.2753  8.07961  28.3211 0.706449  27.5259 -1.44007  28.9883
 1.48416  29.3921  8.13277   28.243 0.735662  27.7358 -1.48215  29.1278
 1.86428  29.8073    8.275  28.6291 0.724707  27.9608  -1.5819  28.9243
 2.25838  29.8746  8.13379  28.6442 0.857854  27.9843 -1.63485  29.0829
 2.66955  30.1532  8.26832  29.0361 0.966301  28.1958 -1.73354  29.3142
 2.99906  30.1758   7.8962  29.1067 0.872829  28.4237  -1.7651  29.4944
 3.33032  30.3797  7.93741  29.4827 0.791166  28.6482 -1.61687  29.6455
 3.41071  30.2701  7.60868  29.5355 0.453866  28.2255 -1.47612  29.8827
 3.47479  30.4847   7.3579  29.7008 0.221192  28.5289 -1.16399  30.3493
  3.19948   30.8536   6.95017   29.9938 -0.108493   28.3811 -0.939384   30.4986
  3.01003   31.0774   6.69113   30.2083 -0.387686    28.701   -0.6071   30.7045
  2.16866   32.1697   6.27825   30.5198 -0.433092   28.7729 -0.359291   30.8734
  1.52183   32.2686   6.01363   30.6737 -0.481713   29.0704  -0.20729    31.074
  1.04751   33.0375   5.57544    30.858 -0.338429   29.3642 -0.143074   31.2673
 0.667234   33.1142    5.1462    31.057 -0.242945   29.6733  0.150033    32.621
-0.136887   34.0405   4.61636   31.3195 -0.348636   30.1214  0.377246   32.7456
-0.820083   34.1768   4.42602   31.6027 -0.428734   30.4382  0.331896   33.0881
-0.977322    34.576   3.97777   31.9674 -0.493021   30.7638  0.244761   33.2519
 -1.14339   34.6778   3.91405   32.3609 -0.592373   31.0768 0.0463077   33.1194
 -1.01954   34.7698   3.41533   32.6905 -0.968475   32.9329 -0.126347   33.3349
-0.930362   34.9221   3.16931   32.9482  -1.31037   33.1599  -0.34267   33.6209
-0.734599   35.2706   2.73487   33.2202  -1.28578   33.5679 -0.544666   33.8802
-0.599454   35.4347   2.33223   33.4532   -1.2955   33.7877 -0.392786   34.2822
-0.730475   36.0101    2.0155   33.7356  -1.23967   34.2684 -0.328421   34.4825
-0.941004   36.1673   1.78704   33.9698  -1.25211   34.4849 0.0131116   34.9344
-0.935127   38.8969   1.52782   34.1508  -1.53662   35.6819  0.205221   35.0545
-0.80996   38.937  1.35971  34.4047 -1.78471  35.9013 0.477592  35.7461
-1.06364  41.3917 0.933842  34.8782 -1.87472  36.1146 0.577305   35.913
 -1.3591    41.39 0.800188  35.2465 -1.87626  36.3638 0.896243  36.6093
-1.45151  41.3843 0.205489  35.9364 -1.72237  36.7969  1.15176  36.7532
 -1.39172    41.411 -0.147105   36.2026  -1.57393   37.0211   1.47651   37.3948
 -1.47653   41.5425 -0.407595   36.4628  -1.44524   38.5088   1.67979   37.5423
 -1.38858   41.5479 -0.575681   36.7455  -1.37086   38.7028   2.32314   38.5599
 -1.72387   41.8628 -0.535402   37.1019  -1.69414   40.9725   2.83527   38.5928
 -1.86259   41.9381 -0.415597   37.4953  -1.97978    41.104   3.64747   39.4966
 -2.02995   42.0566 -0.620927   38.0664  -1.93785   41.2349   4.15472   39.4087
  -2.0718   42.1642 -0.687032   38.3763  -1.79907    41.382   4.74882   40.1605
 -1.99312    42.248 -0.825528   38.6562  -1.72996   41.5479   5.09605   40.0409
 -2.04734   42.4275 -0.922732   38.9566  -1.67821   41.3935   5.56287   40.8669
 -1.6442  42.6535 -1.07337  39.2635 -1.57719  41.5634  5.93534   40.866
 -1.4876  42.8011 -1.17758  39.5877 -1.49346  42.1517  6.54041  41.7335
-1.25243  42.9903 -1.21912  39.8985 -1.38113   42.341  6.98854  41.6602
-1.19873  43.1548  -1.1119   40.217  -1.4361  43.8592  7.68896  42.4728
-1.23397  43.1723 -1.03778  40.7433 -1.44306  44.0286  8.29806  42.3466
 -1.20292   43.2969 -0.905375   41.0367  -1.31557   44.4013   8.87405   43.0262
 -1.17945   43.5561 -0.379502   42.0049  -1.14331   44.5318   9.45082   42.8742
   -1.01951     43.7533 -0.00654714     42.2693    -1.10461     44.6285     9.91007      43.762
 -0.97311   43.9387 0.0566369   42.6159 -0.980792   44.7561   10.3517   43.6787
-0.447451   44.5133  0.101558   42.8634 -0.925591   44.7209    10.675   44.7777
-0.170483   44.6053 -0.149441   44.7412 -0.697844   44.8133   10.8227   44.7924
 0.706642   45.4125 -0.340541   44.9351 -0.639728   45.0375   10.7209   45.3474
   1.3178   45.4696 -0.381056   45.1488 -0.433749   45.2066   10.5377   45.3493
  1.92371   46.0333 -0.254583    45.289 -0.298566   45.4651   10.2139   45.9288
  2.47096   46.0448 -0.209602    45.572 -0.142354   45.6363   10.0232   45.9158
   3.22806    46.8615 -0.0841049    45.8333  0.0683422    45.9347    9.60059    46.2168
  3.80032   46.8908 -0.202621   46.2036  0.263501   46.1011     9.212   46.3491
  4.36928   47.3949 -0.220171    46.381  0.539777   46.0693   8.85535   46.7272
  4.85071    47.417 -0.357058   46.3947  0.798014   46.2157   8.49419   46.7846
  5.51607   47.7739 -0.447374   46.5303  0.713291   45.8467   8.31027   47.0274
   5.9887   47.6998 -0.427575   46.7857  0.639397   46.0368   8.01975   47.0362
   6.4205   48.3526 -0.306424   46.9097  0.594675   46.0193   7.50641   47.0208
   6.5524    48.277 -0.297498   47.0826  0.428977   46.2341   7.16879   47.1599
   6.85079    48.7811 -0.0944566    47.3349   0.349375    46.4363    6.62768    47.3062
   6.8758   48.7647 -0.154606   47.6498  0.266989   46.6574   6.11782   47.4065
 6.96769  49.0145 0.045685  47.9091 0.295342  46.6643  5.39149  47.5686
 6.83179  49.0731 0.023765  48.1803 0.230466  46.9393  4.73382  47.7271
  6.92705    49.471 -0.123632   48.2339  0.574723   47.6079   4.10385   47.9778
  6.69283   49.5511 -0.353356   48.5502  0.791583   47.7826   3.55057   48.1348
  6.46904   49.6649 -0.487942    48.656  0.996657   48.1058   3.26876   48.3048
   6.3275   49.7001 -0.834905   48.8819  0.966395   48.2803   2.93859    48.493
 6.00562  49.7795 -1.00413   49.031 0.726854  48.2046  2.77248  48.6546
 5.68618  49.8964 -1.38957  49.2765  0.46319  48.4072   2.4195  48.8331
 5.31988  49.9446 -1.76316  49.4145 0.520823  48.6018   2.0682  48.2753
 4.78608  50.1256 -1.94329  49.6383 0.404717  48.8136  1.72025  48.4654
 4.39193  50.2236 -2.13523  49.7905 0.852817  49.7257  1.24032  48.6926
 3.87738  50.4053 -1.99617  50.0905  1.10671  49.8455 0.775967  48.9288
 3.54172  50.4516   -1.951  50.2272  1.37809  49.9567 0.507609  49.1157
 2.95431  50.6517 -1.75049  50.3705  1.29087   50.111 0.397558  49.3724
  2.73929   50.8975  -1.65016    50.532   1.56459   52.4942 0.0331529   49.6157
  2.42219   51.0434   -1.0887   51.4957    1.6336   52.5589 -0.325468   49.8255
  2.55433   51.5535 -0.790901   51.5708   1.48171   54.0842 -0.751309   50.0494
  2.57124   51.6184 -0.121678   52.6085    1.2203    54.108  -1.24596   50.3046
 2.78302   52.235 0.262094  52.6325  1.10971  54.6836 -1.84759  50.5385
  2.8479  52.3205 0.905389  53.7362  1.01428  54.7194 -2.22114  50.7941
 3.10188  53.1298  1.40857  53.6716  1.46318  58.3777 -2.60721  51.0381
 3.25954  53.2015  2.28824  54.6689  1.84064  58.2684 -2.83051  51.3224
 4.10874  55.1348  3.00471  54.5734  1.80391  57.8151 -3.13129  51.5796
 4.69912  55.0802  3.38433  55.3729  1.82724  57.7589 -3.52256  51.8549
5.46104 56.9668 3.69293 55.3232 1.84298 58.3541 -3.7218 52.1511
 6.04323  56.8764  3.77654  56.2266  1.91125  58.3118 -3.62915  52.4079
 6.41784  58.1262  3.85835  56.2843  1.92385  58.5735 -3.55374  52.3167
 6.79526  58.0458  3.51343  56.1972  1.97015   58.504 -3.39862  52.4883
 6.82419  58.3348  3.32255  56.2722  2.04264  58.7679 -3.05106  53.2525
 6.89657  58.3373  2.99389  56.4199  2.20352  58.6695 -2.84334  53.4349
6.17829  59.881 2.86528 56.4789  2.4143 59.0116 -2.1982 54.2296
 5.57078   59.811  2.79722  57.3313  2.78633  58.9097 -1.67357   54.212
  5.34773   59.7951   2.88913   57.3313   2.90422   58.9241 -0.976356   54.8519
  4.92473   59.7727   2.91728   57.3257   3.12126   58.9062 -0.293743   54.7757
 4.51029  59.7649  3.02026  57.3855  3.08183  58.9321 0.536121  55.4509
4.24283 59.6881 3.08469 57.4869 2.99268 58.9979 1.28968 55.4192
4.22057 60.1097  3.1146 57.6515 3.02341 59.0805 2.12212 56.1409
4.29326 60.0424 2.99769 57.7401 3.17301 59.0721 2.77428 56.0817
4.13646 58.5735 3.12363 57.9557 3.15281 59.1176  3.4342 56.6761
4.19159 58.5159 3.09197 57.9668 3.09088 59.1551 3.93794 56.5972
3.71271 58.5353 3.15067 58.1751  2.7714  59.072 4.32208 57.0939
3.22087 58.5607 3.45561  57.929 2.60407 59.1209 4.53708 56.9519
2.76131 58.5653 3.65161 58.1223 2.23011 58.8799 4.95216  57.482
2.67587 58.6114 3.75208 58.1764 2.03986  58.965  5.0797 57.3959
2.63731 58.6545 3.91132 58.3589 1.52467 58.7078 5.16291 57.6925
2.57717 58.7004 3.55943 58.6481 1.08749 58.9159 5.18927 57.6791
 2.51571  58.7887  3.40541  58.6613 0.497733  58.5414  5.05211  57.8386
2.10766 61.3325 3.21133 58.8078 -0.1314 58.8121 4.89267 57.8939
  1.70742   61.2798   2.90999   58.7283 -0.807275   58.2323   4.67377   58.1805
 1.20093   62.889  2.30427  59.0529 -1.66118   58.614   4.2679  58.3354
0.699781  62.7716  1.79305  58.9269 -2.33159  58.0305  3.90198  58.5412
0.0796044   63.1814   1.30914   59.0505  -2.95177   58.3774   3.44433   58.5972
-0.569826   63.0278  0.685497    59.059   -3.8034   57.8387   2.98575   58.7206
-0.915014   63.0337 0.0144488   59.4893  -4.62786   58.2701   2.62067     58.83
 -1.39936   62.8601 -0.841044   59.3006  -5.75831   57.6836   2.31514    58.931
-1.65939  63.2174 -1.82435  59.8804 -6.88789   58.252   2.1765   58.905
-1.97917  63.0886 -2.81322  59.6858 -7.91212  57.6264   1.8757   59.038
-2.27326  63.5504 -4.15996  60.5953 -9.07759  58.3628  1.47747  59.2473
-2.58762  63.4226 -5.29003  60.3222 -10.2317  57.8482  1.01783  59.3654
-2.76915  63.4163 -6.91983  60.9651 -11.3703  58.6747 0.625716  59.5033
-2.74173  63.2734 -7.87944  60.5745 -12.5722   58.088 0.288905  59.6304
  -3.17896    63.5929   -9.11385    61.4103   -13.6729    58.8568 -0.0474119    59.7827
 -3.38931   63.6721  -10.2934   61.0094  -14.6072   58.3958 -0.666077   59.9235
-3.92935   63.734 -11.5971  61.8753 -15.5662  59.3218 -1.11441  60.0931
-4.11882  63.7311 -12.8234  61.3673   -16.26   58.974 -1.53063  60.2967
-4.08891  63.7466 -13.9681  62.2382 -17.0626  59.8607 -2.03994  60.4729
-3.93486   63.759  -14.957  61.8424 -17.6404  59.6347 -2.60504  60.6208
-3.64603  63.8207  -15.935  62.6074 -18.1707  60.4629  -3.0738  60.8016
-3.48384   63.789 -16.7278  62.2822 -18.6415  60.0531 -3.49119   60.954
 -2.8658  64.6837 -17.4592  63.0008 -18.8743  60.7756 -3.80429  61.1571
-2.39709  64.6461 -17.8789  62.7814 -19.0824  60.6085  -4.1872  61.3601
-2.13437   65.198  -18.177  63.3512  -19.248  61.3399 -4.54553  61.4916
 -1.7897  65.0692 -18.3587  62.9352 -19.3941  61.0385 -4.87067  61.6801
-1.59448  65.8385 -18.3791  63.4418 -19.1538  61.5306  -5.3015  61.7981
 -1.2998  65.7132 -18.0011  63.4372  -18.946  61.3577 -5.68556  61.9788
-1.07198   66.329 -17.5662  63.6601 -18.4138  61.7266  -5.9217  62.0673
-0.74768  66.2526 -16.6745  63.7572 -17.9485  61.6249 -6.30406  62.1969
-0.590809   66.9701  -15.7866   63.8281  -17.1768   61.8475  -6.62077   62.2805
-0.317677   66.7927  -14.7633   64.0119  -16.2655   61.8161  -6.80418   62.3988
-0.0324117    67.1684   -13.6755     63.801   -15.2685    61.9926   -6.92219     62.475
0.413673   67.013 -12.3492  64.0366 -14.2563  62.0936 -7.01531  62.5924
0.623123  67.1497 -11.0124  63.9373 -13.1973  62.1776  -6.8546  62.7103
 1.01196  66.9492 -9.56304  64.1053 -12.1726  62.2755 -6.64245  62.7235
  1.6727  67.6773 -8.00668   63.901 -11.1824  62.2352 -6.21878  62.8013
 2.20689  67.5039 -6.36026  64.5139 -10.1422  62.3123 -6.11237  61.2065
 2.34149  67.9712 -4.77709  64.1244 -9.04337  62.4485 -5.73866  61.3719
 2.64419  67.8367 -3.05859  64.9233 -8.08277  62.5551 -5.39781  62.1509
 2.23053  66.6373 -1.22283  64.5198 -6.95979  62.7367 -4.93852  62.2624
 2.10058   66.556 0.550987   65.235 -5.66837   62.751 -4.61243  62.1367
 1.78953  64.7457  2.43754  64.7356 -4.67121  62.9138 -4.19664  62.2214
 1.71924  64.7328  4.18919  65.5922 -3.61632  62.9378 -3.70188  63.8203
 1.36709  62.1506  5.85988   65.101 -2.51432  62.9121 -3.12237  63.8304
 1.24827  62.2608  7.68745  66.0548 -1.67614   62.956 -2.88983  64.1178
 1.26959  62.2392  9.33712    65.53 -1.07131  62.9824 -2.56922   64.176
  1.38831   62.3419   11.1797   66.4918 -0.384348   63.0886  -2.38331   64.9666
 1.60945  62.6941  12.9097  65.8548 0.171962  63.0373 -2.10476  64.9756
 1.83444  62.7838  14.3448  66.6991 0.593002  63.0339 -1.56147  64.9782
 2.04812  62.8733  15.6282   66.093   0.9749  63.2423 -1.25003  64.9636
2.28293 63.0129 17.0121  67.071 1.37852 63.2158 -1.0489 64.9515
   2.2425   63.1195   18.0161   66.5413   1.51866    63.474 -0.916091   64.9685
  2.19515     63.22   18.7698   67.3435   1.50721   63.3153 -0.831926   64.9706
   2.1139   63.3107   19.3568   66.8707   1.48494   63.6172 -0.804591   65.0011
  2.01751   65.8045   19.9061   67.5229   1.42788     63.47 -0.860263   65.0812
 1.81399  65.7812  20.0884  67.1134  1.19545  63.8259 -1.00243  65.0793
 1.70011  67.0775   20.409  67.6175 0.902813  63.5513 -1.03497  65.0914
 1.44683  66.9933  20.2376  67.2483 0.389442  64.0549 -1.17396   65.043
 1.40203  69.1435  20.0843  67.3935 -0.44475  63.5593 -1.55344  65.3841
 1.20072  69.0043  19.5329  67.1389  -1.2365  64.1917 -1.93531  65.2749
 1.60591  71.1619  18.5788  66.8497 -2.35255  63.6477  -2.7491  65.9585
 1.70255  70.8924  17.6089  66.7014 -3.47658   64.478  -3.4322  65.7702
  1.6572  70.6412  16.2525  66.5741 -4.70255  63.8731 -4.45177  66.5439
 1.35158  70.4721  14.9138  66.6398 -6.02878  65.0373 -5.54612  66.3899
 1.20333  70.3135  13.1848  66.3151 -7.34975   64.269 -6.95398   67.542
0.946719  70.0847  11.6014  66.4888 -8.51386  65.2061 -8.33976  67.4154
 0.78469  69.8138   9.6597  66.0672 -9.80905  64.5423 -8.44188  67.5935
0.327414  69.5798  7.73489  66.3705 -11.2244  65.5619 -8.68944  67.5063
-0.150498   69.4613   5.46266   65.8339   -12.702   64.6934  -8.38402   67.5042
-0.718598   69.2034   3.30415   66.4379  -13.9942   65.5353    -8.306   67.4082
-1.16791  69.1259  1.10735   65.828  -15.496  64.3663 -7.95616  67.2158
 -1.52238   68.8803 -0.928372   66.5185   -16.851   65.3321  -7.79046   67.1457
-2.06418  68.8385 -2.84935  65.8211 -18.4076  64.2058 -7.67996  67.0775
-2.80554  68.4255 -4.42218  66.5567  -19.704  65.2284 -7.63486  66.9988
-3.08295  68.3186 -5.63339  66.2554 -20.9253  64.3119 -7.62366  66.9291
-3.56753  68.0361 -6.47696  66.8076 -21.9455  65.2788  -7.6603  66.8242
-3.98407  67.9239  -6.9714  66.6216 -23.0126  64.4132 -7.68811  66.7666
-4.37989  67.8281 -7.94517  67.1862 -23.6966  65.4302 -7.72414  66.6932
-4.64955  67.7776 -8.44564  66.9792 -24.3589    64.74 -7.81948  66.5718
 -4.9418  67.6493 -9.05968  67.0547 -24.5444  65.6126 -7.40094  66.2268
-5.27652  67.4964 -9.11308   66.919 -24.8039  64.7565 -7.24081  66.2659
-5.60992  67.3771  -8.8771  66.3559 -24.5622  65.3514 -6.70732  65.8749
-5.73145  67.2367   -8.497  66.1359 -24.3919  64.7901  -6.3538  65.9828
-5.83675  67.0967 -7.39059  65.7155 -23.8261  65.1554 -5.35805  65.3042
-6.00579  66.9011 -6.49901  65.7665 -23.2226  64.7043 -4.61438  65.4895
-5.97958  66.3152 -4.78019  64.7447 -22.3848  64.8465 -3.25545  64.5875
-5.77068  66.0674 -3.26849  64.9845 -21.5831  64.4149  -2.0731  64.9258
 -4.58559   64.8564  -1.00886   63.2724  -20.3078   64.4463 -0.520541   63.8881
-3.22413  64.8801  1.03661  63.7576 -19.1953  64.0857 0.831254  64.2992
-2.18312  63.6965  3.30708   62.085 -17.6571  63.9576  2.76068  63.1046
-0.984748   63.7705   5.53411   62.5523  -16.0309   63.7776   4.48469   63.6861
-0.0097989    62.6221    8.06009    60.4058   -14.5954    63.5475    6.72729    62.2859
 1.17231  62.7355  10.5738   61.018 -13.1251  63.3431  8.73231  63.0006
2.45249 61.1757 13.1063 58.5682 -11.859 63.0796 11.1197 61.4552
 3.90369  61.3333  15.5275  59.2564 -10.5243  62.8376  13.4052  62.3555
 4.71336  60.1823  18.0161  56.8147 -8.98952  62.6011  15.8933  60.9253
 5.80746  60.2956  20.5893   57.735 -7.60637  62.4018  18.4344   62.243
 6.05064  59.9864  22.8541  55.9071 -6.05539  62.2159   20.749  60.8062
  6.7686  60.0952  25.2835  56.9561 -4.65853  62.0328  22.9679  61.8763
 6.78434  59.8785  27.4468  54.9522 -3.10016  61.8952  25.3371  60.3205
  7.2229  59.9089  29.6213  56.0451 -1.69954  61.6679  27.4754  61.4482
  7.45423   59.4562   31.2179    54.472 -0.305307    61.557   29.6141    59.916
 7.86986  59.4854  32.8617  55.6058 0.893952  61.3769  31.6301  61.0752
7.78648 59.6077 33.7575 54.5187 2.18153 61.2811 33.6282 59.4833
7.82469 59.6274 34.7147 55.6194 3.36403 61.1288 35.4066 60.6981
 7.8285 59.6943  35.195 54.7957 4.56752 61.0894 36.9283 59.3285
7.78879  59.734 35.5937  55.843 5.60583 60.9739  38.258 60.4793
7.73337 59.8124 35.6776  55.397 6.69049 60.9405 39.0752  59.268
7.77937 59.9121 35.6294 56.4553  7.6353  60.883 39.7805 60.4241
 7.7484 60.0443 35.1854 56.1963 8.59233 60.9226 39.7401 59.6613
7.67307 60.1299 34.6808  57.113 9.39546 60.9034 39.3629 60.4463
7.55095 60.1683 33.7265 56.9691 10.1485 60.9413 38.4675 59.9627
7.16281 60.3546 32.4646 57.4003 10.7354 60.9429 37.2003 60.3462
6.56301 60.1519 30.7694 57.5747  11.365 61.0088 35.7687  60.078
5.62009 60.4848  29.027 57.8342  11.748  61.065 33.9172 60.3258
4.28074 59.8225 27.1629 58.0451 12.1631 61.1164 31.8517 60.3761
2.56822 60.3406  25.195 58.2621 12.5156 61.1164   29.62 60.4953
0.874837  59.5076  23.3359  58.4643  12.8459  61.1916  27.5134  60.5368
-1.41619  60.2286  21.3817  58.6926  12.9977  61.2344  25.3541  60.6304
-3.74988  58.7277  19.6387  58.8789  13.0948  61.3137  23.1818  60.7141
-6.50689  59.6635  17.8527  59.1608  13.0705  61.3731  21.1389  60.8045
-8.77921  58.4921  16.4361  59.3119  12.9941  61.4356  18.9094  60.9046
-11.4123  59.3892  14.7793  59.4658  12.7216  61.4948  17.0219  60.9699
-14.6693  57.2949  13.0879  59.7116  12.2931   61.553  15.1738  61.0969
-17.9093  58.4512  11.3223  59.8464  11.8834  61.5996  13.4132  61.1788
-21.4785  56.1454  9.63547  60.0322  11.4315   61.673  11.2442  61.0489
-24.8916  57.4954  7.90608  60.1948  10.9835  61.7126  9.21733  61.1552
-28.1738  55.5057  6.43955  60.2345  10.4749  61.7458  6.90621  60.8454
-31.182 56.6803 4.84733 60.3631 9.93621 61.3245 4.79538 61.0024
-33.4919  55.1079   3.0494  60.2019  9.20654  61.3433  2.48304  60.7643
-35.4144  56.2658   1.4308  60.1558  8.71343  59.6769 0.564381  60.8064
  -36.9326    54.7986 -0.0959981    60.1008    8.03276    59.6843   -1.15387    60.6337
 -38.216  55.7821 -1.68019  60.0554  7.77438  59.2618 -2.52724  60.5335
-39.3645  54.2369 -2.94707  59.9091  7.14111  59.2105 -3.74717  60.4012
-39.9883  54.8469 -4.41482  59.8311  6.85612  58.9024  -5.0486  60.3498
-39.7751  54.2328 -5.75522  59.6279  6.61406  58.8304 -5.91047    60.25
-39.0711  54.6575 -6.91086  59.5274  7.32543  52.8226  -6.6423  60.0091
-38.1529  54.3782 -7.83466  59.2895  8.13329   53.043 -7.54607  59.8265
-36.7882  54.5462 -8.64744  59.0908  9.00106  49.8082 -8.50354  59.5703
-35.5077  54.1604 -9.37201  58.8005  9.89025  50.0251 -9.20702  59.2923
-33.7859  54.1708 -9.89415  58.5489  9.57912  47.6525 -9.76396  59.1056
 -32.286  53.9204 -10.2704  58.2172  9.58918  47.8778 -10.4291  58.6964
-30.0894  53.7099 -10.4133  57.8875  9.44424  46.4744 -10.9413  58.3515
-28.0659  53.6656 -10.4146  57.4205  9.76155  46.6828  -11.318  57.9541
-25.8504  53.4624 -9.93037  57.0821  9.48976  45.3539 -11.5122  57.5934
-24.0939  53.1853 -9.06025  50.7926  9.61295  45.5504 -11.5743  57.2009
-22.1981   52.863 -7.91987  50.7044  8.97072  45.2916 -11.4893   56.816
-20.0903  53.0301 -7.50192  48.7378  8.86293  45.4418 -11.2337  56.4176
-17.9327  52.6142 -6.62911  48.7132   8.7434  45.6009 -11.0418  56.0608
-16.1126  52.4227 -6.37791  47.2929  9.15554  45.5869 -10.3496  55.5669
-14.7292  52.0996 -5.77706  47.2924  9.53314  45.8607  -9.8187  55.3517
-13.2096  51.8627 -5.36218  47.3657  10.3173  45.7468 -8.92919  54.8902
-11.9322  51.6255  -4.7262  47.3486  11.1571  46.3112 -7.93779  55.1129
-10.5381  51.3678 -4.34719  47.4385  12.1358  46.1387 -6.79566  54.6389
-9.33106   51.152 -3.85067  47.4434  13.3851  46.9182 -5.38635  55.2318
-7.94571  50.9422  -3.6637   47.659  14.4706   46.679 -3.97503  54.7469
-6.63977  50.7294 -3.41511  47.6603  15.2628  47.0877 -3.23677  54.9701
-5.45221  50.5668 -3.19851  47.6363  15.9373  46.8649  -2.4802   54.603
-4.32096  50.3655 -2.97284  47.6174  16.6086  47.2494 -2.21377  54.4395
-3.07815  50.2403 -2.57751  47.7068  17.0294  47.0565 -2.00966  54.1439
-2.07898  50.1337 -2.44826  47.7901  17.3539  47.3503 -1.84542  53.9373
-1.02969  50.0749 -1.93302  48.1719  17.2794  47.3604 -1.83473   53.706
-0.0857956    49.9062   -1.99369    48.2579    16.8946    47.4294    -1.8184    53.5012
0.606179  49.8836 -1.90213  48.3642  16.3071  47.5222 -1.95418  53.3316
 1.27073  49.7898  -2.1397  48.5021  15.9275  47.5834 -1.91791  53.2477
 1.74675  49.7687 -2.07076   48.473  15.3942  47.6988 -2.17494  53.1331
1.90952 49.7785 -2.3131 48.6219 15.0143  47.796 -2.3462  53.011
 2.12197  50.0853 -2.34127  48.8591  14.6261  47.9498  -2.5969  52.9532
 2.01728  50.1397 -2.82948  49.0064  14.1199  48.0731 -3.03108  52.8606
 1.30412  53.9447 -3.21491  49.1546  13.6958  48.1948 -3.62179  52.8819
0.452361  53.7153 -3.92995  49.5257  13.2898  48.3118 -4.16945   52.862
-0.15954  55.3854 -4.88914  49.5003  12.6494  48.4722  -4.4273  52.7661
-0.767745   55.1381  -6.09482   50.2261   11.7658   48.6302   -4.7203   52.7303
-0.54325  54.5827 -7.64251  50.0307  11.1219  48.8787 -4.97331  52.7063
-0.680224   54.3329  -8.65012   50.5914   10.2613   48.9878  -5.22495   52.6774
-0.541005   54.6861  -10.0692   50.3331   9.35037   49.1475  -5.53788   52.5759
-0.680753   54.4545  -10.9408    50.847   8.43209   49.1555  -5.80474   52.4995
-0.85438   54.633 -12.1813  50.5112  7.71789  49.2483 -6.14795  52.3848
-1.26507    54.38 -12.9843   50.871  6.83591  49.1296 -6.45054  52.2606
-1.56311  54.6623  -13.977  50.5657  6.30241  49.1186 -6.87284  52.1015
-2.05974  54.3566 -14.6316  50.8628  5.41517  49.0534 -7.18952  51.9733
-2.26222  54.0639  -15.594  50.4632  5.00162  48.9466 -7.60178  51.7808
-2.49785  53.6614 -15.8185  50.4312  4.45175  48.8788 -7.73898  51.5145
-1.60055   52.491 -16.1875  50.0211  3.86192  48.7635 -8.11099  51.2984
-0.842749   52.2052  -15.8858   49.7891   3.37379   48.6454  -8.29754   50.9854
0.517544  50.3625 -15.6198  49.5451  3.14944  48.3584 -8.75025  50.7356
 1.54125  50.1633 -15.2489  49.2744  2.77576  48.1717 -8.80061  50.3924
 2.23613  49.0343 -14.9177  48.9659  2.95801  47.4612 -8.91793  50.0556
 2.93771   48.681 -14.3615  48.5797  3.23539  47.1948 -8.81814   49.648
 2.99255   48.499 -13.6089  48.3363  3.82407  45.4452 -8.73957  48.6678
 3.24484  48.0489 -12.4151  47.4116  4.49762  45.1484 -8.08228  48.0422
 2.74768  47.2406 -11.0641  47.1675  4.04741  44.7652 -8.35764  47.4966
 2.66187   46.813 -9.54626  45.4527   3.9744  44.4661 -8.00276  47.0144
 2.23504  45.4799 -8.10394  45.3365   2.9158  41.5686 -8.62373  45.9145
 2.15268  45.0804  -5.8917  43.6954  2.27079  41.3756 -8.67675  45.5085
 2.00221  44.0221 -3.92887  43.6879  2.22545  41.1058 -8.45998  45.0355
 2.12968  43.6535 -1.92365    42.01  2.36054  40.8629 -8.04607  44.6337
 2.39219  43.5054 -0.20078  41.8705  2.59172  40.5017 -6.79598  43.2256
 2.70983  43.1006  1.07736   40.437  2.87655  40.2111 -5.77497  42.9068
 2.98284  42.6532  2.27837   40.203  3.01336  39.9485 -4.45843  41.7538
 3.34272   42.276  3.07565  39.0943  3.13491  39.6318 -3.28293   41.441
 3.57477  41.8664  3.77271  38.8841  3.19774  39.3494 -2.41279  40.6406
3.88587 41.4707 3.90714 38.5211 3.35535 39.0777 -1.6438  40.279
  4.2116   41.094  4.09599   38.329  3.62501  38.7766 -1.30772  39.8975
4.32278 40.7378 4.07883 37.9623 3.79691  38.485 -1.0435 39.5322
  4.58274   40.3035   4.08687   37.7776   4.07804    38.225 -0.877607   39.3365
  4.75745   39.8628   3.95433   37.5331    4.2842   37.9177 -0.719257   39.0079
  4.79788   39.5944   3.79899    37.351   4.46733   37.6664 -0.608334   38.7239
  4.84073   39.1643   3.22444   37.6043   4.71022   36.5288 -0.589739   38.4497
   4.6255   39.2364   2.72535   37.3793   4.66325   36.3486 -0.324462   38.3405
  4.51001    38.894   2.09938   37.7579   4.54123   36.1477 -0.291224    38.136
    3.6955    39.4749    1.52594    37.5177    4.21446    36.0528 -0.0967446    38.1021
     2.838    39.0278   0.726009     38.206    4.10922    35.9472 -0.0932334    37.9261
  1.75406   39.5932 0.0515038   37.9999   4.09126   35.8938 -0.238914   37.7018
 0.728662   39.1258 -0.159481   38.0963   3.92648   35.8546 -0.569632   37.6064
-0.619222   39.9102  -0.57517   37.9692   3.79032   35.8025 -0.793967   37.4882
 -1.93833   39.3723 -0.805675   37.9647   3.45778   35.7934 -0.954098   37.3806
-3.52734  40.3023 -1.17759  37.8422  3.36765  35.7391  -1.0534  37.3334
-4.96382  39.7515 -1.46865  37.8736  3.12945  35.7157 -1.24856  37.2401
 -6.1797  40.5682  -1.9111  37.8006  2.70857  35.5311 -1.34679  37.1789
-7.21498   40.086 -2.05684  37.7309  2.13331  35.6606 -1.31934  37.1396
-7.60608  40.4077 -2.20588  37.6288  1.43058  35.4139 -1.32441  36.6681
-8.12822  40.0009 -2.38032  37.5385 0.574146  35.6473 -1.58607  36.5966
-8.10332  40.1036 -2.62542  37.4233 -0.20639  35.3356 -1.99274  36.5485
-8.18073  39.6731 -2.91049  37.3473 -1.10488   35.539  -2.2481  36.4601
-7.86127  39.6068 -3.12314   37.265 -2.12556  34.9222 -2.48995  36.4118
-7.86826  39.2271  -3.1525  37.1337 -2.94661  35.1401 -2.67105  36.2861
-7.22017   38.847 -3.29882  36.9465 -4.14107   34.421 -3.05752  36.2272
-6.89307  38.5591 -3.40524  36.7552 -4.93246    34.48 -3.17697  36.0502
 -6.0099   37.977 -3.63939  36.5684 -5.25558  34.3495 -3.55999  35.9715
 -5.3517  37.7839 -3.91565   36.386  -5.3493  34.2747  -3.6992  35.8006
-4.44314  36.8735 -4.15795  36.1596 -5.52034  34.0866 -3.82072  35.5739
-3.64931  36.7216 -4.39803   35.948 -5.14448  33.9096 -3.74164  35.3033
-2.63974  35.8526 -4.55453  35.6748 -5.18316  33.6828 -4.83667  33.5605
-1.74405   35.737 -4.70436  35.3911 -4.88922  33.4987 -5.31904  33.4597
-0.161916    34.546  -4.79942   35.0681  -4.67333   33.2094  -5.70878   33.1484
 1.05744  34.5325 -4.93295  34.6936 -3.77226  32.5593 -5.61185  32.7644
 2.90311  33.1872 -4.89513  34.3021 -3.39758  32.3207 -5.52621  32.5627
 4.39381  33.1754 -4.87722  33.8705 -2.30838  31.5994 -4.95884  31.9714
 6.18984  31.6942 -4.75084  33.4426 -1.59533  31.4521 -4.58375  31.7002
  7.65296   31.5644  -4.63004    32.853 -0.247288   30.3126  -3.53565   30.6499
 9.15821  29.9637  -4.3661  32.4132 0.832473   30.302 -2.63012  30.5041
 10.3496  29.8499  -3.7506  29.8682  2.46259  29.1172 -1.32168  29.3209
  11.4864   28.5846  -3.07391   29.4792   3.81398   29.1654 -0.282622   29.1645
 12.4826  28.4196 -2.88495  28.3652  5.74142  27.7971  1.63444  27.3141
 13.5736  26.8736 -2.50239   27.938  7.29157  27.9352  3.27012  27.2164
 14.5593  26.7911 -2.25524  25.3995  9.17114  26.5928  5.38558  24.9403
 15.6279  25.3521 -1.83189  25.0281  10.7171  26.7453   7.1372  24.9004
 16.5628  25.2522 -2.38994  23.6455  12.7251  25.1421  8.78885  22.8894
17.3463  23.816 -2.6271 23.3351 14.3087 25.3294  10.205 22.8342
 18.0667  23.6886 -3.21239  22.2211  16.1926  23.8493  11.6505  20.9752
 18.3298  22.6331 -3.56582  21.9468  17.6661  24.0615  12.7896  21.0178
 18.5566  22.3725 -4.05751  20.2726  19.3486  22.6889   14.031  19.5761
 18.2312  21.9182 -4.29958  20.0651  20.6495  22.9339  14.9969  19.6753
 18.0946  21.6624 -3.91045  19.6944  22.0081  21.6896   15.935   18.616
17.7033 21.1252 -3.5674 19.4243 23.0367 21.8827 16.5779 18.7447
17.2432 20.8042 -2.9139 19.1401 23.9514 20.8067 17.1864 17.8365
 16.6478  20.5955 -2.37558  18.9099  24.5992  21.0112  17.5873  17.9219
 16.0815  20.3041 -1.95909  18.6922  25.0457  20.1679   17.836  17.2876
 15.5389  19.9924 -1.65333  18.4685  25.3004  20.2768  17.8165  17.3692
 14.9128  19.6804 -1.28417  18.2925  25.2657  19.5922  17.6472  16.9546
  13.9857   19.8368 -0.977816   18.1063   25.1398   19.6048   17.2979   16.9739
  13.1459   19.5564 -0.630437   17.9617   24.7085   19.1355   16.7557   16.7785
  11.8532   20.1284 -0.351975   17.8213   24.2076   19.0937   16.0334   16.7043
   10.6896    19.7399 -0.0814488    17.7321    23.3191    18.8573    15.1751     16.696
  8.90602   20.6536 0.0745996   17.6526   22.4439   18.7878   14.1918   16.5769
 7.37545   20.128 0.159731  17.6098  21.2019  18.8252  12.9859  16.8236
 5.27459   21.016 0.275143  17.5681  19.8987  18.6107  11.5589  16.5841
 3.57271  20.3611 0.397537  17.5557  18.3461  18.8311  10.1707  16.9771
 1.22545   21.397 0.332414  17.5728  16.7856   18.561  8.61831   16.724
-0.594338   20.6337  0.497202   17.6971   15.0261   18.9577   7.02046   17.2618
-2.83988   21.675  0.40455  17.7607  13.1833  18.5917   5.2864  16.8931
-4.46262  20.9549 0.796373  19.0948  11.2583  18.8566  3.53241  17.5488
-6.41583  21.9171 0.823085  19.0623  9.68043  18.5457  1.58244  17.1327
 -8.53571   21.0967  0.938699   19.8949   8.00668   18.9829 -0.240945   17.8809
-10.2183  22.1355 0.811833  19.8407  6.03947  18.2391 -2.18041  17.3777
-12.0105  21.4721 0.542315  19.8046   4.3395  18.7096 -3.94725   18.155
-13.3156   22.414 0.363978  19.7349  2.29918  18.0215 -5.95772  17.6149
 -14.6888   21.7079 0.0402776   19.6605  0.657982   18.4696  -7.51406   18.2976
   -15.63   22.2906 -0.241309   19.5985  -1.23941   17.8452  -9.30992   17.7301
 -16.7535   21.5813 -0.594871   19.4565  -2.72486   18.2604  -10.4938   18.2614
  -17.339   22.0399 -0.931789   19.3355  -4.37727   17.5519  -11.9818   17.6888
-18.0718  21.4334 -1.21143  19.1685 -5.59643  17.8084 -12.8451  18.0614
-18.1968  21.6044 -1.66715  18.9269 -6.82995  17.2169 -13.9374  17.5421
-18.5517  21.0505 -1.87245   18.686 -7.61697  17.3868 -14.4746  17.7676
-18.3314  21.0142 -2.16165  18.4063 -8.39739  16.9114 -15.3279  17.2967
-18.3185   20.546 -2.35884  18.1382 -8.71035  16.8442 -15.3144  17.2005
-17.5897  20.1741 -2.72426   17.892 -8.68487  16.6318 -15.6282  16.7722
-16.9054  19.7874 -2.95957  17.5901 -8.59365   16.401 -15.2798  16.4489
 -16.477  19.3568 -3.21252  17.2349 -8.42147  16.1153 -15.2263  16.0531
-15.9374  18.8954 -3.44336  16.8917 -8.33446  15.8523 -14.3114  15.4352
-15.2959   18.421 -3.62434  16.4884  -8.1843  15.5205 -13.7609  15.1509
-14.7763  17.9459 -3.50387  16.0455 -8.03108  15.1793 -12.6052  14.4223
-14.0798  17.3905 -4.55095   14.027 -7.81411  14.7879  -11.728  14.2304
-14.4238  15.1711  -5.0619   13.669 -7.50096   14.393 -10.0016  13.2043
-14.1659  14.7332  -5.1683  13.0338 -7.26228  13.9642  -8.5079  13.1347
-13.6136  14.1777 -4.99351   12.634  -6.9667  13.5291 -6.32166  11.7627
-12.7443  13.6879 -4.79048  12.2357  -6.5192  12.9742 -4.35008  11.8702
-12.0724  13.1738 -4.33188  11.8135 -6.24593  12.5782 -1.85693  10.2707
 -11.175  12.6727 -4.10313   11.369 -5.65526  11.9343 0.322362  10.4103
-10.4731  12.1189 -3.75689  10.9155 -5.24158  11.5137  3.01695  8.59608
-9.59547   11.646 -3.33377  10.4578 -4.51205  10.8607  5.37087  8.84797
-8.57863  10.9077 -2.96208  9.27223  -3.7743  10.5634  8.07667  6.88288
-7.48828  10.5184 -2.41614  8.90264 -2.89312   9.9517  10.5664  7.26231
-6.40932  9.62978 -2.02889   8.5301 -2.08339  9.66958  13.2191  5.47964
-5.25039  9.29071  -1.7061  8.13795 -1.24924  8.98373  15.5788  5.97455
 -4.51181   8.50523  -1.40043   7.79044 -0.358718   8.85516   17.8607   4.21258
-3.66396  8.14074 -1.11869  7.44828 0.484353  8.25479  19.8774  4.58594
 -3.26462   7.71595 -0.872484   7.13764   1.36897   8.14324   21.6684   3.05435
 -2.71677    7.3614 -0.664325   6.82266   2.15916   7.60475   23.2116   3.54674
 -2.24501   7.00435 -0.417151   6.53036   2.80841   7.44935   24.6683   2.27959
 -1.66645    6.6699 -0.113901   6.24815   3.32411   6.99236   25.8039   2.72887
 -1.3236  6.35749 0.202601  5.99745  3.70107  6.77823  26.9802  1.86113
-1.03667  6.05163 0.486467  5.73469  3.92048  6.43601  27.8995  2.35828
-0.756837   5.80912  0.719253   5.51664   4.03291   6.13623   28.6242   1.47966
-0.545839   5.57257  0.920703    5.2959   4.06095   5.89542    28.881   1.89701
-0.208487   5.38123   1.04605   5.13752   4.07634   5.69801   28.7582   1.41908
-0.0190312    5.21787    1.28557    4.97913     4.0674    5.53024    28.5179    1.75917
0.101241  5.07277  1.32635  4.86172  4.10038  5.39582  27.9245  1.54839
0.0206697   5.29586   1.58129   4.77202   4.10567   5.24738   27.2732   1.76461
-0.198742   5.15348   1.74161    4.6832   4.04632   5.14348   26.2532    1.7724
-0.439768   5.32484   1.84639   4.58769   3.97149   5.03385   25.1209   1.86955
-0.827637   5.24028   1.79878   4.55221   3.83582   4.95378   23.7277   2.03764
-0.710386   5.04636    1.9685   4.81759   3.74431   4.88187   22.2443   1.99661
-0.793542   5.02371   1.85167   4.77331   3.53974   4.82829   20.5543   2.23631
-0.842668   4.68372   1.77238   5.34677   3.44581   4.81693   18.7947   2.08347
-1.05942  4.69318  1.47159  5.32438  3.07325  4.79988  16.9858  2.43681
-1.04479  4.68988  1.33282  5.28746  2.70806  4.73673  15.0045   2.0892
-1.18841  4.70769  1.14022  5.24617  2.20934  4.75231  13.1222  2.48584
-1.29987  4.60282 0.812345  5.19781  1.83631  4.71622  10.9989  2.04791
-1.50168  4.61957 0.456991  5.14655   1.4651  4.69713  9.05528  2.54732
-1.71274   4.6151 0.185624   5.0978  1.20521  4.66509  7.07215  1.97373
 -1.81542   4.59107 -0.150393    5.0727   1.01355   4.62723   5.30464   2.44554
-1.92399  4.59173 -0.44016  5.03468   0.8231  4.60945  3.57454  1.88604
  -2.0504   4.59047 -0.710889   4.99457  0.546108   4.58881   1.95443   2.14681
 -2.14346   4.54894 -0.951117   4.91416  0.326073   4.52088  0.469971   1.55977
 -2.29291   4.48096  -1.16477    4.8323 0.0200756   4.44136 -0.810573   1.76527
 -2.43434   4.41967   -1.3838   4.73255 -0.196548   4.36718  -1.90821   1.30591
 -2.53993   4.32974   -1.5955   4.67215 -0.473666   4.28548  -2.74165   1.43301
 -2.68972   4.23955   -1.6696    4.5382 -0.699937   4.17151  -3.78062   1.01546
 -2.76271   4.15124  -1.73222   4.47568 -0.914323   4.05892  -4.51848   1.19257
-2.84119  4.03475 -1.68059   4.2822 -1.11148  3.92894 -5.32865  0.81658
-2.92333  3.91625 -1.58206  4.34525 -1.24028  3.79323 -5.80304 0.939864
-2.85839  3.77387 -1.33274  4.13989 -1.36232  3.66451 -6.41272 0.672867
-2.95718  3.64229 -1.22068  4.18571 -1.38143  3.48507 -6.57618 0.701159
 -3.03654   3.47861 -0.931756   3.90924  -1.44111   3.35515  -6.88423  0.478509
 -2.97587   3.30249 -0.724003   4.12061  -1.24669    3.0204  -6.77687  0.528546
 -2.72519   3.11329 -0.386254   3.78935  -1.20026   2.90129  -6.72388   0.31984
   -2.3844    2.21515 -0.0593684    3.82623  -0.737932    2.48947    -6.3392   0.158899
 -2.01318   2.02601   0.41886   3.43542 -0.391942   2.43044  -6.01113  0.108953
 -1.98234   1.50483  0.979983   3.41441  0.360984   1.84212   -5.4382 -0.128917
 -1.81014   1.32499   1.60642    2.9042   1.00775   1.78276  -4.93891 -0.128145
 -1.58645 -0.737919   2.46499   3.08848   1.92027   1.02467  -4.25659 -0.323631
 -1.30353 -0.843742   3.29519   2.47481   2.71314   1.05095  -3.71332 -0.285388
 -1.11624  -1.01797   4.25484   2.74128   3.72877  0.277748  -2.99196 -0.534695
-0.812381  -1.10941    5.1871     2.139   4.60324  0.368861  -2.53019 -0.579845
-0.246096  -2.09685   6.15905   2.48111   5.64929 -0.491094  -1.88518  -0.86421
 0.266235  -2.16646   6.98924   1.84965    6.5328  -0.37768  -1.27432 -0.763634
 0.515308  -2.40513   7.86576    2.0649   7.55203  -1.21191 -0.628687  -1.04032
   0.7885  -2.46187   8.64963   1.43941   8.41973  -1.07224 0.0545502 -0.991595
 1.04484 -2.83746  9.44918  1.80097   9.3515  -1.8892 0.719257 -1.28894
 1.29256 -2.88363  10.0443  1.30787  10.1103 -1.78427   1.4378 -1.22213
 1.57198 -3.08243  10.4151  1.30225  10.8667 -2.38408  2.08863 -1.53556
 1.83316   -3.117  10.6708 0.855993  11.4313 -2.21201  2.76934 -1.38962
 1.97464 -3.26552  10.8273 0.886916  11.9994 -2.71905  3.33051 -1.71088
 2.09679 -3.32319  10.8464 0.532315  12.4054 -2.58639  3.92598 -1.59906
 2.26149 -3.41187  10.8411 0.492981  12.7661 -2.97699  4.34066 -1.83041
 2.36662 -3.41163  10.6237 0.243329  13.0091 -2.80621  4.67324 -1.83662
  2.33953  -3.43951   10.3873 0.0760132   13.0914  -3.09144   4.86841  -1.99095
   2.15604   -3.45864    9.85943 -0.0622588    13.0806    -2.9344    5.12657   -2.00911
 2.00533 -3.45748  10.3745 0.718632  12.8003 -3.04947  5.20164 -2.19188
 1.99018  -3.4954  10.3465 0.517299  12.5493 -2.98062   5.1871 -2.20238
 1.87353 -3.41495  10.0768 0.391774  12.0804 -2.97893  4.96014  -2.2145
 1.78848  -3.3985   9.4937 0.313859  11.6906 -2.88262   4.6037  -2.2129
 1.50973 -3.25911  9.52104 0.567112  11.0052 -2.77566  3.92244 -1.63363
 1.29504 -3.16916   9.1353 0.468812  10.5312 -2.67848  3.19542 -1.66106
 0.978126  -2.99938   9.18492  0.669998   9.79422  -2.49577   2.16025 -0.922393
 0.935923  -2.78734   8.72862  0.599519   9.13329  -2.49057   1.22208 -0.994778
 0.596071  -2.60146    8.6256  0.856342   8.28855   -2.2113  0.418794 -0.564331
 0.494149  -2.46971   8.16427  0.861554   7.52643  -2.16012 -0.347203 -0.622413
0.00453855    -2.1606    7.73808   0.880113    6.58752   -1.82347   -1.18069 -0.0415779
 -0.240003   -1.99956    7.24415   0.937793    5.77393   -1.76988   -1.91202 -0.0339712
-0.726129   -1.6945   6.82226   1.00021   4.81508  -1.38357  -2.55515  0.325744
-0.943431   -1.5256   6.31225   1.06518   3.89876  -1.39666   -3.1672  0.360125
 -1.19734  -1.26567    5.8992   1.20856   2.91194 -0.966916  -3.56846  0.735777
 -1.30693  -1.04714   5.38197    1.3515     1.976 -0.959251  -3.84359  0.821146
 -1.24684 -0.840831   5.04749   1.49718   1.05601 -0.550662  -4.09948    1.1003
 -1.08548 -0.507288   4.64902   1.57459  0.173578 -0.539596  -4.31565   1.24035
 -1.11391 -0.273933    4.3812   1.87898 -0.580394 -0.163155   -4.2982   1.35438
  -1.03277 -0.0138955    4.06622    1.95967   -1.27351  -0.125723   -4.27426    1.46884
-1.00258 0.121093  3.80337  2.10366 -1.79061 0.202974 -4.28529  1.60657
-0.909118  0.536847   3.44712   2.19284  -2.26793  0.297453  -4.34768    1.7204
-0.790052  0.624209   2.99391   2.27355  -2.49269  0.490991  -4.42844   1.84162
-0.559754   0.90373   2.65882   2.35191  -2.55916  0.639341  -4.43439   1.92221
-0.301312  0.967766   2.40216   2.36162  -2.50021  0.759746   -4.4718   2.00634
-0.0283594    1.28869    2.06579    2.44158   -2.43803   0.889248    -4.4184    2.06572
0.265469  1.21028  1.97252  2.31556 -2.19977 0.757981 -4.29496  2.11355
0.627805  1.48076  1.88355  2.35621 -1.89133 0.907928  -4.2982  2.15058
   1.03926    1.33258     2.2165    2.02668   -1.07735 -0.0467145   -4.16175    2.17492
  1.47449    1.6386    2.4462   2.13202 -0.384956  0.190794  -4.02832   1.30276
  1.98915   1.41811   3.11953   1.56754  0.701438 -0.551464  -3.77617   1.34467
  2.47583    1.6649    3.6844   1.77182   1.65286 -0.238791  -3.20633 -0.143485
  3.15475   1.28867   4.65632  0.852217   2.93143  -1.03768  -2.54149 -0.102632
  3.77341   1.55112   5.45341   1.01765   4.00594 -0.734244  -2.22025 -0.350201
  4.60891   1.12098   6.55213  0.121398   5.37497  -1.67196  -1.76495 -0.304058
  5.31609    1.3907   7.44439  0.327158   6.59465  -1.35693 -0.561165  -2.05154
  6.14132  0.906408   8.53452 -0.461468   7.87285  -2.42971  0.754849  -2.03851
  6.90259   1.29823   9.48538 -0.210129   9.00331  -2.15424   1.63322  -3.04432
 7.78458 0.779699  10.6248 -1.21691  10.1013 -3.06767  2.60609 -3.08068
  8.64361   1.08766   11.6239 -0.968888   11.0516  -2.83267   2.60647  -4.08919
 9.52236 0.542464  12.6516 -1.83852  12.0633 -3.56144  2.87002 -4.05715
 10.3714 0.820609  13.4859 -1.63882  12.9839 -3.36687   2.7745  -4.2349
 11.1011 0.282993  14.3269 -2.28888  13.6982  -4.0715  2.85012 -4.21554
 11.9435 0.578502  15.0212 -2.06709  14.2697 -3.93922  2.96417 -4.25272
  12.6084 0.0811026   15.6274  -2.67392   14.5199  -4.40155   3.17242  -4.17032
 13.2597 0.380436  16.1222  -2.6026  14.6707 -4.36648  3.29587  -4.2133
   13.6816 -0.0752675    16.1788   -2.92797    14.5042   -4.44496    3.38817   -4.26379
  14.1173 0.0897042   16.1616  -2.88078    14.167   -4.4168   3.55952   -4.2596
  14.1957 -0.243913   15.9709  -3.00549   13.8419  -4.43194   3.65098  -4.27706
   14.349 -0.134463   15.7374  -3.04418   13.3983  -4.39529   3.90565  -4.26821
  14.0965 -0.375053   15.3496  -3.06607   13.0827  -4.44183   4.12387  -4.28704
  13.9724 -0.468623   14.9378  -3.06858   12.6055  -4.39906   4.21316  -4.25372
   13.427 -0.541085   14.4881  -3.05698   12.2962   -4.3122   4.29214  -4.20559
  13.1464 -0.517075   14.0623  -3.01451   11.8858  -4.20521   4.33499  -4.10228
  12.3279 -0.493168   13.4573  -2.94857    11.487  -4.08692   4.36414  -4.01403
  12.0597 -0.468968   12.9783   -2.8466   11.1144  -3.95645   4.35544  -3.87408
  11.1759 -0.374497   12.4224  -2.72328   10.7358  -3.78457   4.29296  -3.72522
  10.6357 -0.415013   11.8697  -2.58195   10.2378  -3.60129   4.08645   -3.5474
  9.67147 -0.205826   11.4357  -2.43955   9.23035 -0.816701   3.20994 -0.631734
  9.10308 -0.305243   10.9079  -2.27486   8.22666 -0.768183   2.30121 -0.532179
  8.12533  -0.03051   9.81768  0.135047   7.34941 -0.251538   2.01589 -0.361322
   7.46047 -0.0295775    8.76178   0.273351    6.49536  -0.205279    1.54795  -0.209951
   6.36713    0.33201    8.19177   0.366625    5.48589   0.347919    1.42595 -0.0604877
 5.54196 0.313598  7.37739 0.549649  4.44833 0.357957  1.15608 0.107618
 4.43595  0.76702  6.76795 0.594249  3.39629 0.973582  1.01403 0.277216
 3.55108 0.692442   6.1881 0.768255  2.39686 0.973731  0.87459 0.427485
 2.38212  1.19587  5.84615 0.903272  1.42656   1.4259 0.607471 0.610017
 1.42245  1.10633  5.44086  1.07232 0.475942  1.38116 0.535014 0.773613
 0.273642   1.62673   4.98529   1.31398 -0.427338   1.89791  0.339747  0.926686
-0.600207   1.47544    4.5554    1.4515  -1.24044   1.91805  0.160477   1.07884
  -1.62047    1.98991    4.07944    1.58976   -1.72581    2.25142 -0.0704568    1.23361
 -2.40056   1.86165   3.83286   1.71766  -2.18203   2.32791 -0.293912   1.37099
 -3.21978   2.27915   3.45663   2.08926  -2.32998   2.44499 -0.577265   1.55172
 -3.80732   2.28153   3.17216   2.18147  -2.33165   2.53087 -0.798828   1.68365
-4.22248  2.57957  2.87347  2.30403 -2.39819  2.61838 -0.98881  1.78597
-4.42954  2.64109  2.69229  2.37613 -2.46604  2.68156 -1.06417  1.88547
-4.30867   2.6877  2.43501  2.66635 -2.55275  2.73659 -1.30969  1.97675
 -4.1078  2.72318   2.3536  2.68197 -2.60742   2.7605 -1.42134  2.03314
-3.93548  3.64666  1.92605  1.14867 -2.46811   2.7209 -1.51089  2.08074
-3.63312  3.59211  1.71585  1.20872 -2.35561  2.78186 -1.40216  2.10128
 -3.38486   3.50966   1.54876   1.24952   -1.8132   2.39095  -0.82807 -0.505784
 -3.02949    3.4498   1.43989   1.26398  -1.35545   2.48721 -0.136201 -0.445662
   -2.3956    2.80487    1.32245    1.25622  -0.444196    1.81273 -0.0735062  -0.414813
 -1.72612   2.78742   1.25504   1.23094  0.395766    1.9412  0.208192 -0.391677
 -1.01359   2.12382   1.59894 -0.844341    1.6063   1.25415  0.188551 -0.287291
-0.379359   2.11863    2.0818   -0.7787    2.7065   1.44565  0.385196  -0.28675
 0.542234   1.16215   2.33093  -1.13608   4.07012  0.572599  0.449244 -0.352456
  1.39089    1.1273   2.71486  -1.14182   5.30373  0.770793  0.715858 -0.424985
  2.13823   0.51712   2.82121  -1.35077    6.6967  -0.16613  0.865118 -0.482742
  2.78094  0.463809   3.08262  -1.41011   7.95277 0.0552082   1.04693 -0.553425
  3.27788 -0.124467      3.09  -1.41907   9.30133  -1.08377   1.26793 -0.672945
  3.74564 -0.211301   3.18048  -1.51399   10.4628 -0.917414   1.62413 -0.764624
