-2.00789e-05  4.59135e-41  4.59135e-41
-1.73088e-05    4.591e-41    4.591e-41
-9.03554e-06  4.58993e-41  4.58993e-41
4.68564e-06 4.58817e-41 4.58817e-41
2.37996e-05 4.58571e-41 4.58571e-41
4.82514e-05 4.58256e-41 4.58256e-41
7.79863e-05 4.57874e-41 4.57874e-41
 0.00011295 4.57423e-41 4.57423e-41
0.000153087 4.56906e-41 4.56906e-41
0.000198345 4.56323e-41 4.56323e-41
0.000248668 4.55674e-41 4.55674e-41
0.000304004  4.5496e-41  4.5496e-41
0.000364298 4.54182e-41 4.54182e-41
0.000429497 4.53341e-41 4.53341e-41
0.000499548 4.52436e-41 4.52436e-41
0.000574397 4.51469e-41 4.51469e-41
0.000653992  4.5044e-41  4.5044e-41
 0.00073828 4.49351e-41 4.49351e-41
0.000827209 4.48201e-41 4.48201e-41
0.000920726 4.46991e-41 4.46991e-41
 0.00101878 4.45721e-41 4.45721e-41
 0.00112132 4.44394e-41 4.44394e-41
 0.00122829 4.43008e-41 4.43008e-41
 0.00133964 4.41565e-41 4.41565e-41
 0.00145532 4.40065e-41 4.40065e-41
 0.00157527 4.38509e-41 4.38509e-41
 0.00169946 4.36897e-41 4.36897e-41
 0.00182782 4.35231e-41 4.35231e-41
 0.0019603 4.3351e-41 4.3351e-41
 0.00209686 4.31736e-41 4.31736e-41
 0.00223745 4.29909e-41 4.29909e-41
 0.00238201 4.28029e-41 4.28029e-41
 0.00253049 4.26097e-41 4.26097e-41
 0.00268285 4.24114e-41 4.24114e-41
0.00283904 4.2208e-41 4.2208e-41
   0.002999 4.19996e-41 4.19996e-41
 0.00316269 4.17863e-41 4.17863e-41
 0.00333005 4.15681e-41 4.15681e-41
0.00350105 4.1345e-41 4.1345e-41
 0.00367562 4.11172e-41 4.11172e-41
 0.00385373 4.08846e-41 4.08846e-41
 0.00403531 4.06474e-41 4.06474e-41
 0.00422034 4.04056e-41 4.04056e-41
 0.00440875 4.01592e-41 4.01592e-41
  0.0046005 3.99083e-41 3.99083e-41
 0.00479555 3.96531e-41 3.96531e-41
 0.00499384 3.93934e-41 3.93934e-41
 0.00519533 3.91295e-41 3.91295e-41
 0.00539997 3.88612e-41 3.88612e-41
 0.00560771 3.85888e-41 3.85888e-41
 0.00581851 3.83122e-41 3.83122e-41
 0.00603232 3.80315e-41 3.80315e-41
 0.00624909 3.77468e-41 3.77468e-41
 0.00646879 3.74581e-41 3.74581e-41
 0.00669136 3.71655e-41 3.71655e-41
0.00691675 3.6869e-41 3.6869e-41
 0.00714493 3.65687e-41 3.65687e-41
 0.00737584 3.62647e-41 3.62647e-41
 0.00760945 3.59569e-41 3.59569e-41
  0.0078457 3.56455e-41 3.56455e-41
 0.00808455 3.53305e-41 3.53305e-41
 0.00832596 3.50119e-41 3.50119e-41
 0.00856988 3.46898e-41 3.46898e-41
 0.00881627 3.43643e-41 3.43643e-41
 0.00906509 3.40355e-41 3.40355e-41
 0.00931628 3.37032e-41 3.37032e-41
 0.00956982 3.33677e-41 3.33677e-41
0.00982564 3.3029e-41 3.3029e-41
  0.0100837 3.26871e-41 3.26871e-41
   0.010344 3.23421e-41 3.23421e-41
 0.0106065 3.1994e-41 3.1994e-41
   0.010871 3.16429e-41 3.16429e-41
  0.0111377 3.12888e-41 3.12888e-41
  0.0114064 3.09318e-41 3.09318e-41
   0.011677 3.05719e-41 3.05719e-41
  0.0119497 3.02092e-41 3.02092e-41
  0.0122242 2.98438e-41 2.98438e-41
  0.0125006 2.94756e-41 2.94756e-41
  0.0127789 2.91048e-41 2.91048e-41
  0.0130589 2.87313e-41 2.87313e-41
  0.0133407 2.83553e-41 2.83553e-41
  0.0136242 2.79768e-41 2.79768e-41
  0.0139093 2.75958e-41 2.75958e-41
  0.0141961 2.72123e-41 2.72123e-41
  0.0144844 2.68265e-41 2.68265e-41
  0.0147743 2.64384e-41 2.64384e-41
  0.0150657 2.60481e-41 2.60481e-41
  0.0153586 2.56554e-41 2.56554e-41
  0.0156529 2.52607e-41 2.52607e-41
  0.0159485 2.48637e-41 2.48637e-41
  0.0162456 2.44647e-41 2.44647e-41
  0.0165439 2.40637e-41 2.40637e-41
  0.0168435 2.36607e-41 2.36607e-41
  0.0171443 2.32557e-41 2.32557e-41
  0.0174463 2.28489e-41 2.28489e-41
  0.0177495 2.24402e-41 2.24402e-41
  0.0180537 2.20297e-41 2.20297e-41
  0.0183591 2.16174e-41 2.16174e-41
  0.0186655 2.12035e-41 2.12035e-41
  0.0189729 2.07878e-41 2.07878e-41
  0.0192812 2.03706e-41 2.03706e-41
  0.0195905 1.99518e-41 1.99518e-41
  0.0199007 1.95314e-41 1.95314e-41
  0.0202117 1.91096e-41 1.91096e-41
  0.0205235 1.86863e-41 1.86863e-41
  0.0208362 1.82617e-41 1.82617e-41
  0.0211495 1.78357e-41 1.78357e-41
  0.0214636 1.74083e-41 1.74083e-41
  0.0217783 1.69797e-41 1.69797e-41
  0.0220937 1.65499e-41 1.65499e-41
 0.0224097 1.6119e-41 1.6119e-41
  0.0227262 1.56869e-41 1.56869e-41
  0.0230433 1.52537e-41 1.52537e-41
  0.0233609 1.48194e-41 1.48194e-41
  0.0236789 1.43842e-41 1.43842e-41
  0.0239974 1.39479e-41 1.39479e-41
  0.0243162 1.35108e-41 1.35108e-41
  0.0246354 1.30728e-41 1.30728e-41
   0.024955 1.26339e-41 1.26339e-41
  0.0252748 1.21943e-41 1.21943e-41
  0.0255949 1.17539e-41 1.17539e-41
  0.0259152 1.13127e-41 1.13127e-41
 0.0262356 1.0871e-41 1.0871e-41
  0.0265563 1.04285e-41 1.04285e-41
  0.0268771 9.98551e-42 9.98551e-42
  0.0271979 9.54193e-42 9.54193e-42
  0.0275188 9.09785e-42 9.09785e-42
  0.0278398 8.65329e-42 8.65329e-42
 0.0281607 8.2083e-42 8.2083e-42
  0.0284816 7.76291e-42 7.76291e-42
  0.0288024 7.31717e-42 7.31717e-42
  0.0291232 6.87111e-42 6.87111e-42
  0.0294437 6.42477e-42 6.42477e-42
 0.0297642 5.9782e-42 5.9782e-42
  0.0300844 5.53142e-42 5.53142e-42
  0.0304044 5.08448e-42 5.08448e-42
  0.0307242 4.63741e-42 4.63741e-42
  0.0310436 4.19025e-42 4.19025e-42
  0.0313628 3.74304e-42 3.74304e-42
  0.0316816 3.29582e-42 3.29582e-42
      0.032 2.84862e-42 2.84862e-42
   0.032318 2.40148e-42 2.40148e-42
  0.0326356 1.95444e-42 1.95444e-42
  0.0329527 1.50753e-42 1.50753e-42
  0.0332693 1.06079e-42 1.06079e-42
  0.0335854 6.14248e-43 6.14248e-43
  0.0339009 1.67948e-43 1.67948e-43
   0.0342159 -2.78076e-43 -2.78076e-43
  0.0345302 -7.2379e-43 -7.2379e-43
   0.0348439 -1.16916e-42 -1.16916e-42
    0.035157 -1.61415e-42 -1.61415e-42
   0.0354693 -2.05872e-42 -2.05872e-42
   0.0357809 -2.50285e-42 -2.50285e-42
   0.0360918 -2.94649e-42 -2.94649e-42
   0.0364019 -3.38962e-42 -3.38962e-42
   0.0367112 -3.83219e-42 -3.83219e-42
   0.0370196 -4.27418e-42 -4.27418e-42
   0.0373272 -4.71556e-42 -4.71556e-42
   0.0376339 -5.15628e-42 -5.15628e-42
   0.0379397 -5.59632e-42 -5.59632e-42
   0.0382446 -6.03565e-42 -6.03565e-42
   0.0385485 -6.47422e-42 -6.47422e-42
   0.0388514 -6.91202e-42 -6.91202e-42
 0.0391533 -7.349e-42 -7.349e-42
   0.0394542 -7.78514e-42 -7.78514e-42
    0.039754 -8.22041e-42 -8.22041e-42
   0.0400527 -8.65476e-42 -8.65476e-42
   0.0403503 -9.08818e-42 -9.08818e-42
   0.0406467 -9.52063e-42 -9.52063e-42
    0.040942 -9.95208e-42 -9.95208e-42
   0.0412361 -1.03825e-41 -1.03825e-41
    0.041529 -1.08119e-41 -1.08119e-41
   0.0418206 -1.12401e-41 -1.12401e-41
    0.042111 -1.16673e-41 -1.16673e-41
   0.0424001 -1.20933e-41 -1.20933e-41
   0.0426879 -1.25181e-41 -1.25181e-41
   0.0429743 -1.29417e-41 -1.29417e-41
   0.0432594 -1.33641e-41 -1.33641e-41
   0.0435432 -1.37852e-41 -1.37852e-41
  0.0438255 -1.4205e-41 -1.4205e-41
   0.0441064 -1.46235e-41 -1.46235e-41
   0.0443859 -1.50406e-41 -1.50406e-41
   0.0446638 -1.54563e-41 -1.54563e-41
   0.0449403 -1.58707e-41 -1.58707e-41
   0.0452153 -1.62836e-41 -1.62836e-41
   0.0454888 -1.66951e-41 -1.66951e-41
  0.0457607 -1.7105e-41 -1.7105e-41
    0.046031 -1.75135e-41 -1.75135e-41
   0.0462997 -1.79204e-41 -1.79204e-41
   0.0465669 -1.83257e-41 -1.83257e-41
   0.0468323 -1.87294e-41 -1.87294e-41
   0.0470962 -1.91315e-41 -1.91315e-41
  0.0473583 -1.9532e-41 -1.9532e-41
   0.0476187 -1.99308e-41 -1.99308e-41
   0.0478775 -2.03279e-41 -2.03279e-41
   0.0481345 -2.07232e-41 -2.07232e-41
   0.0483897 -2.11169e-41 -2.11169e-41
   0.0486431 -2.15087e-41 -2.15087e-41
   0.0488948 -2.18988e-41 -2.18988e-41
  0.0491446 -2.2287e-41 -2.2287e-41
   0.0493926 -2.26734e-41 -2.26734e-41
   0.0496388 -2.30579e-41 -2.30579e-41
   0.0498831 -2.34405e-41 -2.34405e-41
   0.0501255 -2.38212e-41 -2.38212e-41
   0.0503659 -2.41999e-41 -2.41999e-41
   0.0506045 -2.45767e-41 -2.45767e-41
   0.0508411 -2.49515e-41 -2.49515e-41
   0.0510758 -2.53243e-41 -2.53243e-41
   0.0513085 -2.56951e-41 -2.56951e-41
   0.0515391 -2.60638e-41 -2.60638e-41
   0.0517678 -2.64304e-41 -2.64304e-41
  0.0519945 -2.6795e-41 -2.6795e-41
    0.052219 -2.71574e-41 -2.71574e-41
   0.0524416 -2.75176e-41 -2.75176e-41
    0.052662 -2.78758e-41 -2.78758e-41
   0.0528804 -2.82317e-41 -2.82317e-41
   0.0530967 -2.85854e-41 -2.85854e-41
   0.0533108 -2.89369e-41 -2.89369e-41
   0.0535228 -2.92862e-41 -2.92862e-41
   0.0537326 -2.96332e-41 -2.96332e-41
   0.0539403 -2.99779e-41 -2.99779e-41
   0.0541457 -3.03203e-41 -3.03203e-41
    0.054349 -3.06603e-41 -3.06603e-41
   0.0545501 -3.09981e-41 -3.09981e-41
   0.0547489 -3.13335e-41 -3.13335e-41
   0.0549455 -3.16664e-41 -3.16664e-41
  0.0551398 -3.1997e-41 -3.1997e-41
   0.0553319 -3.23252e-41 -3.23252e-41
  0.0555216 -3.2651e-41 -3.2651e-41
   0.0557091 -3.29742e-41 -3.29742e-41
   0.0558943 -3.32951e-41 -3.32951e-41
   0.0560771 -3.36134e-41 -3.36134e-41
   0.0562576 -3.39292e-41 -3.39292e-41
   0.0564357 -3.42425e-41 -3.42425e-41
   0.0566115 -3.45533e-41 -3.45533e-41
   0.0567849 -3.48615e-41 -3.48615e-41
   0.0569559 -3.51671e-41 -3.51671e-41
   0.0571246 -3.54701e-41 -3.54701e-41
   0.0572908 -3.57705e-41 -3.57705e-41
   0.0574546 -3.60684e-41 -3.60684e-41
   0.0576159 -3.63635e-41 -3.63635e-41
  0.0577748 -3.6656e-41 -3.6656e-41
   0.0579313 -3.69459e-41 -3.69459e-41
   0.0580852 -3.72331e-41 -3.72331e-41
   0.0582367 -3.75175e-41 -3.75175e-41
   0.0583857 -3.77993e-41 -3.77993e-41
   0.0585323 -3.80783e-41 -3.80783e-41
   0.0586763 -3.83546e-41 -3.83546e-41
   0.0588178 -3.86281e-41 -3.86281e-41
   0.0589567 -3.88989e-41 -3.88989e-41
   0.0590931 -3.91669e-41 -3.91669e-41
    0.059227 -3.94321e-41 -3.94321e-41
   0.0593583 -3.96945e-41 -3.96945e-41
  0.0594871 -3.9954e-41 -3.9954e-41
   0.0596132 -4.02107e-41 -4.02107e-41
   0.0597368 -4.04646e-41 -4.04646e-41
   0.0598578 -4.07157e-41 -4.07157e-41
   0.0599762 -4.09638e-41 -4.09638e-41
    0.060092 -4.12091e-41 -4.12091e-41
   0.0602052 -4.14514e-41 -4.14514e-41
   0.0603158 -4.16909e-41 -4.16909e-41
   0.0604237 -4.19275e-41 -4.19275e-41
    0.060529 -4.21611e-41 -4.21611e-41
   0.0606316 -4.23918e-41 -4.23918e-41
   0.0607316 -4.26195e-41 -4.26195e-41
   0.0608289 -4.28443e-41 -4.28443e-41
   0.0609236 -4.30661e-41 -4.30661e-41
   0.0610156 -4.32849e-41 -4.32849e-41
   0.0611049 -4.35008e-41 -4.35008e-41
   0.0611915 -4.37136e-41 -4.37136e-41
   0.0612755 -4.39235e-41 -4.39235e-41
   0.0613567 -4.41303e-41 -4.41303e-41
   0.0614352 -4.43341e-41 -4.43341e-41
   0.0615111 -4.45349e-41 -4.45349e-41
   0.0615842 -4.47326e-41 -4.47326e-41
   0.0616546 -4.49273e-41 -4.49273e-41
   0.0617223 -4.51189e-41 -4.51189e-41
   0.0617873 -4.53074e-41 -4.53074e-41
   0.0618495 -4.54929e-41 -4.54929e-41
    0.061909 -4.56753e-41 -4.56753e-41
   0.0619657 -4.58546e-41 -4.58546e-41
   0.0620197 -4.60308e-41 -4.60308e-41
    0.062071 -4.62039e-41 -4.62039e-41
   0.0621195 -4.63739e-41 -4.63739e-41
   0.0621653 -4.65408e-41 -4.65408e-41
   0.0622083 -4.67046e-41 -4.67046e-41
   0.0622486 -4.68652e-41 -4.68652e-41
   0.0622861 -4.70227e-41 -4.70227e-41
   0.0623208 -4.71771e-41 -4.71771e-41
   0.0623528 -4.73283e-41 -4.73283e-41
   0.0623819 -4.74764e-41 -4.74764e-41
   0.0624084 -4.76213e-41 -4.76213e-41
    0.062432 -4.77631e-41 -4.77631e-41
   0.0624529 -4.79017e-41 -4.79017e-41
    0.062471 -4.80371e-41 -4.80371e-41
   0.0624863 -4.81694e-41 -4.81694e-41
   0.0624989 -4.82985e-41 -4.82985e-41
   0.0625087 -4.84245e-41 -4.84245e-41
   0.0625157 -4.85472e-41 -4.85472e-41
   0.0625199 -4.86668e-41 -4.86668e-41
   0.0625213 -4.87831e-41 -4.87831e-41
     0.06252 -4.88963e-41 -4.88963e-41
   0.0625159 -4.90063e-41 -4.90063e-41
    0.062509 -4.91131e-41 -4.91131e-41
   0.0624993 -4.92167e-41 -4.92167e-41
   0.0624868 -4.93172e-41 -4.93172e-41
   0.0624716 -4.94144e-41 -4.94144e-41
   0.0624536 -4.95084e-41 -4.95084e-41
   0.0624328 -4.95992e-41 -4.95992e-41
   0.0624093 -4.96868e-41 -4.96868e-41
    0.062383 -4.97712e-41 -4.97712e-41
   0.0623539 -4.98524e-41 -4.98524e-41
    0.062322 -4.99304e-41 -4.99304e-41
   0.0622874 -5.00052e-41 -5.00052e-41
     0.06225 -5.00768e-41 -5.00768e-41
   0.0622098 -5.01452e-41 -5.01452e-41
   0.0621669 -5.02104e-41 -5.02104e-41
   0.0621212 -5.02724e-41 -5.02724e-41
   0.0620728 -5.03312e-41 -5.03312e-41
   0.0620217 -5.03868e-41 -5.03868e-41
   0.0619677 -5.04391e-41 -5.04391e-41
   0.0619111 -5.04883e-41 -5.04883e-41
   0.0618517 -5.05343e-41 -5.05343e-41
   0.0617896 -5.05771e-41 -5.05771e-41
   0.0617247 -5.06167e-41 -5.06167e-41
   0.0616571 -5.06532e-41 -5.06532e-41
   0.0615868 -5.06864e-41 -5.06864e-41
   0.0615138 -5.07165e-41 -5.07165e-41
    0.061438 -5.07433e-41 -5.07433e-41
  0.0613596 -5.0767e-41 -5.0767e-41
   0.0612785 -5.07876e-41 -5.07876e-41
   0.0611946 -5.08049e-41 -5.08049e-41
   0.0611081 -5.08191e-41 -5.08191e-41
   0.0610189 -5.08301e-41 -5.08301e-41
   0.060927 -5.0838e-41 -5.0838e-41
   0.0608324 -5.08427e-41 -5.08427e-41
   0.0607352 -5.08443e-41 -5.08443e-41
   0.0606353 -5.08427e-41 -5.08427e-41
  0.0605328 -5.0838e-41 -5.0838e-41
   0.0604276 -5.08302e-41 -5.08302e-41
   0.0603198 -5.08192e-41 -5.08192e-41
   0.0602093 -5.08051e-41 -5.08051e-41
   0.0600962 -5.07879e-41 -5.07879e-41
   0.0599805 -5.07676e-41 -5.07676e-41
   0.0598622 -5.07442e-41 -5.07442e-41
   0.0597413 -5.07177e-41 -5.07177e-41
   0.0596178 -5.06881e-41 -5.06881e-41
   0.0594917 -5.06554e-41 -5.06554e-41
   0.0593631 -5.06197e-41 -5.06197e-41
   0.0592319 -5.05809e-41 -5.05809e-41
  0.0590981 -5.0539e-41 -5.0539e-41
   0.0589618 -5.04941e-41 -5.04941e-41
   0.0588229 -5.04461e-41 -5.04461e-41
   0.0586815 -5.03951e-41 -5.03951e-41
   0.0585376 -5.03411e-41 -5.03411e-41
   0.0583912 -5.02841e-41 -5.02841e-41
  0.0582423 -5.0224e-41 -5.0224e-41
  0.0580909 -5.0161e-41 -5.0161e-41
    0.057937 -5.00949e-41 -5.00949e-41
   0.0577807 -5.00259e-41 -5.00259e-41
   0.0576218 -4.99539e-41 -4.99539e-41
  0.0574606 -4.9879e-41 -4.9879e-41
   0.0572969 -4.98011e-41 -4.98011e-41
   0.0571308 -4.97203e-41 -4.97203e-41
   0.0569623 -4.96365e-41 -4.96365e-41
   0.0567913 -4.95499e-41 -4.95499e-41
    0.056618 -4.94603e-41 -4.94603e-41
   0.0564424 -4.93678e-41 -4.93678e-41
   0.0562643 -4.92725e-41 -4.92725e-41
   0.0560839 -4.91742e-41 -4.91742e-41
   0.0559012 -4.90732e-41 -4.90732e-41
   0.0557161 -4.89692e-41 -4.89692e-41
   0.0555287 -4.88625e-41 -4.88625e-41
   0.0553391 -4.87529e-41 -4.87529e-41
   0.0551471 -4.86405e-41 -4.86405e-41
   0.0549529 -4.85253e-41 -4.85253e-41
   0.0547564 -4.84074e-41 -4.84074e-41
   0.0545576 -4.82866e-41 -4.82866e-41
   0.0543567 -4.81631e-41 -4.81631e-41
   0.0541535 -4.80369e-41 -4.80369e-41
   0.0539481 -4.79079e-41 -4.79079e-41
   0.0537405 -4.77763e-41 -4.77763e-41
   0.0535308 -4.76419e-41 -4.76419e-41
   0.0533189 -4.75049e-41 -4.75049e-41
   0.0531049 -4.73651e-41 -4.73651e-41
   0.0528887 -4.72228e-41 -4.72228e-41
   0.0526704 -4.70778e-41 -4.70778e-41
   0.0524501 -4.69301e-41 -4.69301e-41
   0.0522276 -4.67799e-41 -4.67799e-41
   0.0520031 -4.66271e-41 -4.66271e-41
   0.0517766 -4.64717e-41 -4.64717e-41
    0.051548 -4.63137e-41 -4.63137e-41
   0.0513174 -4.61532e-41 -4.61532e-41
   0.0510848 -4.59902e-41 -4.59902e-41
   0.0508502 -4.58247e-41 -4.58247e-41
   0.0506137 -4.56567e-41 -4.56567e-41
   0.0503753 -4.54862e-41 -4.54862e-41
   0.0501349 -4.53132e-41 -4.53132e-41
   0.0498926 -4.51379e-41 -4.51379e-41
   0.0496484 -4.49601e-41 -4.49601e-41
   0.0494023 -4.47799e-41 -4.47799e-41
   0.0491544 -4.45973e-41 -4.45973e-41
   0.0489046 -4.44124e-41 -4.44124e-41
   0.0486531 -4.42251e-41 -4.42251e-41
   0.0483997 -4.40355e-41 -4.40355e-41
   0.0481446 -4.38436e-41 -4.38436e-41
   0.0478877 -4.36494e-41 -4.36494e-41
    0.047629 -4.34529e-41 -4.34529e-41
   0.0473687 -4.32542e-41 -4.32542e-41
   0.0471066 -4.30533e-41 -4.30533e-41
   0.0468429 -4.28502e-41 -4.28502e-41
   0.0465775 -4.26449e-41 -4.26449e-41
   0.0463105 -4.24374e-41 -4.24374e-41
   0.0460418 -4.22278e-41 -4.22278e-41
  0.0457716 -4.2016e-41 -4.2016e-41
   0.0454998 -4.18022e-41 -4.18022e-41
   0.0452264 -4.15863e-41 -4.15863e-41
   0.0449515 -4.13683e-41 -4.13683e-41
   0.0446751 -4.11484e-41 -4.11484e-41
   0.0443972 -4.09263e-41 -4.09263e-41
   0.0441178 -4.07024e-41 -4.07024e-41
    0.043837 -4.04764e-41 -4.04764e-41
   0.0435547 -4.02485e-41 -4.02485e-41
   0.0432711 -4.00187e-41 -4.00187e-41
  0.0429861 -3.9787e-41 -3.9787e-41
   0.0426997 -3.95534e-41 -3.95534e-41
   0.042412 -3.9318e-41 -3.9318e-41
    0.042123 -3.90807e-41 -3.90807e-41
   0.0418327 -3.88417e-41 -3.88417e-41
   0.0415411 -3.86009e-41 -3.86009e-41
   0.0412483 -3.83583e-41 -3.83583e-41
  0.0409543 -3.8114e-41 -3.8114e-41
  0.0406591 -3.7868e-41 -3.7868e-41
   0.0403628 -3.76204e-41 -3.76204e-41
  0.0400652 -3.7371e-41 -3.7371e-41
   0.0397666 -3.71201e-41 -3.71201e-41
   0.0394669 -3.68676e-41 -3.68676e-41
   0.0391661 -3.66135e-41 -3.66135e-41
   0.0388643 -3.63578e-41 -3.63578e-41
   0.0385615 -3.61007e-41 -3.61007e-41
  0.0382576 -3.5842e-41 -3.5842e-41
   0.0379529 -3.55819e-41 -3.55819e-41
   0.0376471 -3.53204e-41 -3.53204e-41
   0.0373405 -3.50574e-41 -3.50574e-41
    0.037033 -3.47931e-41 -3.47931e-41
   0.0367246 -3.45274e-41 -3.45274e-41
   0.0364154 -3.42604e-41 -3.42604e-41
   0.0361054 -3.39921e-41 -3.39921e-41
   0.0357946 -3.37225e-41 -3.37225e-41
    0.035483 -3.34517e-41 -3.34517e-41
   0.0351708 -3.31797e-41 -3.31797e-41
   0.0348578 -3.29065e-41 -3.29065e-41
   0.0345442 -3.26322e-41 -3.26322e-41
   0.0342299 -3.23567e-41 -3.23567e-41
    0.033915 -3.20801e-41 -3.20801e-41
   0.0335996 -3.18025e-41 -3.18025e-41
   0.0332835 -3.15239e-41 -3.15239e-41
    0.032967 -3.12442e-41 -3.12442e-41
     0.03265 -3.09636e-41 -3.09636e-41
  0.0323325 -3.0682e-41 -3.0682e-41
   0.0320145 -3.03996e-41 -3.03996e-41
   0.0316962 -3.01162e-41 -3.01162e-41
   0.0313775 -2.98321e-41 -2.98321e-41
   0.0310584 -2.95471e-41 -2.95471e-41
    0.030739 -2.92613e-41 -2.92613e-41
   0.0304193 -2.89748e-41 -2.89748e-41
   0.0300994 -2.86875e-41 -2.86875e-41
   0.0297792 -2.83996e-41 -2.83996e-41
  0.0294589 -2.8111e-41 -2.8111e-41
   0.0291383 -2.78218e-41 -2.78218e-41
   0.0288177 -2.75321e-41 -2.75321e-41
   0.0284969 -2.72417e-41 -2.72417e-41
   0.0281761 -2.69509e-41 -2.69509e-41
   0.0278552 -2.66596e-41 -2.66596e-41
   0.0275343 -2.63678e-41 -2.63678e-41
   0.0272135 -2.60756e-41 -2.60756e-41
  0.0268927 -2.5783e-41 -2.5783e-41
    0.026572 -2.54901e-41 -2.54901e-41
   0.0262514 -2.51969e-41 -2.51969e-41
    0.025931 -2.49034e-41 -2.49034e-41
   0.0256108 -2.46097e-41 -2.46097e-41
   0.0252908 -2.43157e-41 -2.43157e-41
    0.024971 -2.40216e-41 -2.40216e-41
   0.0246515 -2.37274e-41 -2.37274e-41
  0.0243324 -2.3433e-41 -2.3433e-41
   0.0240136 -2.31386e-41 -2.31386e-41
   0.0236952 -2.28442e-41 -2.28442e-41
   0.0233772 -2.25498e-41 -2.25498e-41
   0.0230597 -2.22554e-41 -2.22554e-41
   0.0227427 -2.19612e-41 -2.19612e-41
  0.0224262 -2.1667e-41 -2.1667e-41
   0.0221103 -2.13731e-41 -2.13731e-41
    0.021795 -2.10793e-41 -2.10793e-41
   0.0214803 -2.07857e-41 -2.07857e-41
   0.0211663 -2.04925e-41 -2.04925e-41
    0.020853 -2.01995e-41 -2.01995e-41
  0.0205404 -1.9907e-41 -1.9907e-41
   0.0202286 -1.96148e-41 -1.96148e-41
  0.0199177 -1.9323e-41 -1.9323e-41
   0.0196075 -1.90317e-41 -1.90317e-41
   0.0192983 -1.87409e-41 -1.87409e-41
     0.01899 -1.84507e-41 -1.84507e-41
   0.0186827 -1.81611e-41 -1.81611e-41
   0.0183763 -1.78721e-41 -1.78721e-41
    0.018071 -1.75838e-41 -1.75838e-41
   0.0177668 -1.72962e-41 -1.72962e-41
   0.0174637 -1.70093e-41 -1.70093e-41
   0.0171618 -1.67233e-41 -1.67233e-41
    0.016861 -1.64381e-41 -1.64381e-41
   0.0165615 -1.61537e-41 -1.61537e-41
   0.0162632 -1.58703e-41 -1.58703e-41
   0.0159662 -1.55878e-41 -1.55878e-41
   0.0156706 -1.53064e-41 -1.53064e-41
  0.0153764 -1.5026e-41 -1.5026e-41
   0.0150836 -1.47467e-41 -1.47467e-41
   0.0147922 -1.44685e-41 -1.44685e-41
   0.0145024 -1.41915e-41 -1.41915e-41
   0.0142141 -1.39157e-41 -1.39157e-41
   0.0139273 -1.36412e-41 -1.36412e-41
  0.0136422 -1.3368e-41 -1.3368e-41
   0.0133588 -1.30961e-41 -1.30961e-41
   0.0130771 -1.28257e-41 -1.28257e-41
   0.0127971 -1.25566e-41 -1.25566e-41
   0.0125189 -1.22891e-41 -1.22891e-41
   0.0122425 -1.20231e-41 -1.20231e-41
    0.011968 -1.17586e-41 -1.17586e-41
   0.0116954 -1.14958e-41 -1.14958e-41
   0.0114248 -1.12346e-41 -1.12346e-41
   0.0111562 -1.09752e-41 -1.09752e-41
   0.0108896 -1.07175e-41 -1.07175e-41
    0.010625 -1.04616e-41 -1.04616e-41
   0.0103626 -1.02075e-41 -1.02075e-41
   0.0101024 -9.95536e-42 -9.95536e-42
  0.00984433 -9.70515e-42 -9.70515e-42
  0.00958855 -9.45692e-42 -9.45692e-42
  0.00933505 -9.21072e-42 -9.21072e-42
 0.00908389 -8.9666e-42 -8.9666e-42
  0.00883512 -8.72462e-42 -8.72462e-42
  0.00858876 -8.48481e-42 -8.48481e-42
  0.00834488 -8.24723e-42 -8.24723e-42
   0.0081035 -8.01191e-42 -8.01191e-42
  0.00786469 -7.77892e-42 -7.77892e-42
 0.00762847 -7.5483e-42 -7.5483e-42
  0.0073949 -7.3201e-42 -7.3201e-42
  0.00716402 -7.09437e-42 -7.09437e-42
  0.00693588 -6.87115e-42 -6.87115e-42
 0.00671052 -6.6505e-42 -6.6505e-42
  0.00648798 -6.43246e-42 -6.43246e-42
  0.00626832 -6.21709e-42 -6.21709e-42
  0.00605158 -6.00444e-42 -6.00444e-42
   0.0058378 -5.79455e-42 -5.79455e-42
  0.00562703 -5.58748e-42 -5.58748e-42
  0.00541931 -5.38327e-42 -5.38327e-42
  0.00521471 -5.18198e-42 -5.18198e-42
  0.00501325 -4.98367e-42 -4.98367e-42
  0.00481498 -4.78837e-42 -4.78837e-42
  0.00461997 -4.59615e-42 -4.59615e-42
  0.00442824 -4.40704e-42 -4.40704e-42
  0.00423986 -4.22112e-42 -4.22112e-42
  0.00405486 -4.03842e-42 -4.03842e-42
  0.00387329 -3.85901e-42 -3.85901e-42
  0.00369521 -3.68292e-42 -3.68292e-42
  0.00352066 -3.51022e-42 -3.51022e-42
  0.00334969 -3.34096e-42 -3.34096e-42
 0.00318235 -3.1752e-42 -3.1752e-42
  0.00301868 -3.01298e-42 -3.01298e-42
  0.00285874 -2.85435e-42 -2.85435e-42
  0.00270258 -2.69938e-42 -2.69938e-42
  0.00255024 -2.54812e-42 -2.54812e-42
  0.00240178 -2.40062e-42 -2.40062e-42
  0.00225724 -2.25694e-42 -2.25694e-42
  0.00211667 -2.11712e-42 -2.11712e-42
  0.00198013 -1.98124e-42 -1.98124e-42
  0.00184766 -1.84933e-42 -1.84933e-42
  0.00171932 -1.72146e-42 -1.72146e-42
  0.00159515 -1.59768e-42 -1.59768e-42
  0.00147521 -1.47805e-42 -1.47805e-42
  0.00135954 -1.36262e-42 -1.36262e-42
  0.00124821 -1.25145e-42 -1.25145e-42
 0.00114125 -1.1446e-42 -1.1446e-42
  0.00103873 -1.04212e-42 -1.04212e-42
 0.000940687 -9.44076e-43 -9.44076e-43
 0.000847182 -8.50514e-43 -8.50514e-43
 0.000758264 -7.61497e-43 -7.61497e-43
 0.000673987 -6.77081e-43 -6.77081e-43
 0.000594402 -5.97324e-43 -5.97324e-43
 0.000519562 -5.22285e-43 -5.22285e-43
  0.00044952 -4.52022e-43 -4.52022e-43
 0.000384329 -3.86592e-43 -3.86592e-43
 0.000324043 -3.26055e-43 -3.26055e-43
 0.000268714 -2.70468e-43 -2.70468e-43
 0.000218397 -2.19892e-43 -2.19892e-43
 0.000173145 -1.74385e-43 -1.74385e-43
 0.000133012 -1.34007e-43 -1.34007e-43
 9.80532e-05 -9.88174e-44 -9.88174e-44
  6.8322e-05 -6.88759e-44 -6.88759e-44
 4.38732e-05 -4.42425e-44 -4.42425e-44
 2.47615e-05 -2.49777e-44 -2.49777e-44
  1.1042e-05 -1.11418e-44 -1.11418e-44
 2.76975e-06 -2.79563e-45 -2.79563e-45
 4.44089e-16 -3.26265e-55 -3.26265e-55
0 0 0
0 0 0
0 0 0
0 0 0
0 0 0
0 0 0
0 0 0
0 0 0
0 0 0
0 0 0
0 0 0
0 0 0
0 0 0
0 0 0
0 0 0
0 0 0
0 0 0
0 0 0
0 0 0
0 0 0
0 0 0
0 0 0
0 0 0
0 0 0
0 0 0
0 0 0
0 0 0
0 0 0
0 0 0
0 0 0
0 0 0
0 0 0
0 0 0
0 0 0
0 0 0
0 0 0
0 0 0
0 0 0
0 0 0
0 0 0
0 0 0
0 0 0
0 0 0
0 0 0
0 0 0
0 0 0
0 0 0
0 0 0
0 0 0
0 0 0
0 0 0
0 0 0
0 0 0
0 0 0
0 0 0
0 0 0
0 0 0
0 0 0
0 0 0
0 0 0
0 0 0
0 0 0
0 0 0
0 0 0
0 0 0
0 0 0
0 0 0
0 0 0
0 0 0
0 0 0
0 0 0
0 0 0
0 0 0
0 0 0
0 0 0
0 0 0
0 0 0
0 0 0
0 0 0
0 0 0
0 0 0
0 0 0
0 0 0
0 0 0
0 0 0
0 0 0
0 0 0
0 0 0
0 0 0
