-2.00777e-05  4.59135e-41  4.59135e-41
  7.0321e-07  3.21664e-07 -7.44141e-08
 6.42323e-07 -8.65826e-08 -6.96778e-08
 1.33619e-07 -4.68539e-07 -5.58429e-08
-3.63063e-07 -5.19585e-07 -4.01784e-08
-3.02327e-07 -5.34768e-07 -3.70442e-08
-9.54765e-08 -1.05888e-06 -7.72548e-08
 2.85587e-07 -1.54493e-06 -1.31771e-07
 7.53078e-07 -1.74198e-06 -1.81963e-07
 1.48519e-06  -2.0396e-06 -2.37166e-07
 2.57037e-06 -2.13028e-06 -2.95522e-07
 3.78119e-06 -2.13842e-06  -3.6591e-07
 5.25862e-06 -1.79899e-06 -4.43908e-07
 6.79821e-06 -1.45139e-06 -5.29507e-07
 8.72767e-06  -1.4419e-06 -6.25674e-07
 1.10808e-05  -1.5984e-06 -7.47599e-07
 1.39633e-05  -1.6475e-06 -8.50814e-07
  1.7735e-05 -1.68068e-06  -9.5157e-07
 2.26148e-05 -1.46288e-06 -1.08115e-06
 2.87216e-05 -1.20012e-06 -1.21132e-06
 3.54325e-05 -1.32593e-06  -1.3188e-06
 4.34773e-05 -9.82654e-07 -1.43165e-06
 5.20445e-05 -2.93892e-07 -1.53471e-06
 6.23466e-05  7.09861e-07 -1.66098e-06
 7.50281e-05  5.40695e-07 -1.81732e-06
8.99761e-05 1.45015e-06 -1.9332e-06
 0.000106842   8.3484e-07 -2.08345e-06
 0.000126581  1.12736e-06 -2.20221e-06
 0.000148398  1.16603e-07 -2.37935e-06
 0.000173377 -6.97888e-08 -2.52451e-06
 0.000200459  -4.3088e-06 -2.71205e-06
 0.000230629 -7.34928e-06 -2.87416e-06
 0.000263025 -1.06194e-05 -2.99298e-06
 0.000297837 -1.29085e-05 -3.11012e-06
 0.000334929 -1.54151e-05 -3.20045e-06
  0.00037432 -1.70626e-05  -3.2803e-06
 0.000414895 -1.82173e-05 -3.32968e-06
 0.000457058 -1.87122e-05 -3.37256e-06
 0.000500527 -1.88104e-05 -3.38684e-06
 0.000545609 -1.88023e-05 -3.42174e-06
 0.000591667 -1.78507e-05 -3.44453e-06
 0.000638481 -1.61782e-05 -3.46551e-06
 0.000686587 -1.46279e-05 -3.48597e-06
 0.000735988 -1.35164e-05 -3.52967e-06
 0.000786634 -1.13752e-05  -3.5475e-06
 0.000838434 -9.38167e-06 -3.55997e-06
 0.000891312 -7.31926e-06 -3.58186e-06
 0.000945249 -4.94631e-06 -3.60623e-06
  0.00100033 -2.54508e-06 -3.63082e-06
   0.0010567 -7.96394e-08 -3.66124e-06
  0.00111421  2.23373e-06 -3.68883e-06
 0.00117271 3.91589e-06 -3.7569e-06
  0.00123212  4.92155e-06 -3.84286e-06
   0.0012923  5.95947e-06 -3.93406e-06
  0.00135341  7.20079e-06 -4.03019e-06
 0.00141511  7.8973e-06 -4.1369e-06
  0.00147752  8.67675e-06 -4.24569e-06
  0.00154057  8.95435e-06 -4.35182e-06
   0.0016045   8.6132e-06 -4.50088e-06
  0.00166902  7.85515e-06 -4.64481e-06
 0.00173413 6.12073e-06 -4.8269e-06
    0.001801  4.48841e-06 -5.02941e-06
 0.00186917   1.446e-06 -5.2758e-06
  0.00193913 -1.67966e-06 -5.49516e-06
  0.00201005 -5.89948e-06 -5.78365e-06
  0.00208209 -9.97574e-06 -6.03604e-06
  0.00215511  -1.4106e-05 -6.27576e-06
  0.00222937 -1.81965e-05  -6.4923e-06
  0.00230481 -2.17023e-05    -6.66e-06
  0.00238106  -2.5031e-05 -6.78452e-06
  0.00245824 -2.82107e-05 -6.89066e-06
  0.00253626 -3.12277e-05 -7.00858e-06
  0.00261504 -3.34598e-05  -7.1179e-06
  0.00269474  -3.4935e-05 -7.22765e-06
   0.0027755 -3.67585e-05 -7.38172e-06
  0.00285752 -3.79988e-05 -7.51239e-06
    0.002941 -3.94948e-05 -7.66918e-06
  0.00302552 -4.00721e-05 -7.81298e-06
  0.00311122 -4.01961e-05 -8.00623e-06
  0.00319856 -4.01192e-05 -8.19865e-06
   0.0032869 -3.81117e-05 -8.41668e-06
   0.0033776 -3.50046e-05 -8.59389e-06
  0.00347023 -3.31874e-05 -8.81216e-06
  0.00356469 -3.13044e-05 -9.02852e-06
  0.00366141 -2.98258e-05 -9.30405e-06
  0.00376064 -2.92705e-05 -9.57022e-06
  0.00386235 -2.89725e-05 -9.85078e-06
  0.00396638 -2.80186e-05 -1.01885e-05
  0.00407263 -2.67082e-05  -1.0511e-05
   0.0041811 -2.55958e-05 -1.08409e-05
  0.00429157 -2.52565e-05 -1.11567e-05
  0.00440394 -2.53328e-05 -1.14278e-05
  0.00451795 -2.63833e-05 -1.17314e-05
  0.00463407 -2.67088e-05 -1.20247e-05
  0.00475354 -2.57412e-05 -1.22541e-05
   0.0048755 -2.41215e-05 -1.24374e-05
  0.00500063 -2.61595e-05 -1.27478e-05
   0.0051292 -2.86206e-05 -1.29901e-05
  0.00526027 -2.99556e-05 -1.31526e-05
  0.00539405 -3.07794e-05 -1.32648e-05
  0.00553043  -3.3141e-05 -1.34256e-05
  0.00566922 -3.46776e-05 -1.35414e-05
  0.00580991 -3.61972e-05 -1.36618e-05
  0.00595209 -3.80655e-05 -1.37753e-05
  0.00609555 -3.90475e-05 -1.38709e-05
  0.00624037 -4.03776e-05 -1.39796e-05
  0.00638695 -4.05742e-05 -1.40698e-05
  0.00653561  -4.0831e-05 -1.41657e-05
  0.00668503 -4.06488e-05 -1.42454e-05
  0.00683541 -4.06462e-05 -1.43437e-05
  0.00698666 -4.13724e-05 -1.44851e-05
  0.00713845 -4.15795e-05 -1.45998e-05
  0.00729077 -4.18534e-05 -1.47378e-05
  0.00744397 -4.15158e-05 -1.48548e-05
  0.00759777 -4.09349e-05 -1.50117e-05
  0.00775224 -4.00945e-05 -1.51807e-05
  0.00790743 -3.98468e-05 -1.53971e-05
  0.00806355 -3.81852e-05 -1.55998e-05
  0.00822058 -3.73923e-05 -1.58675e-05
  0.00837806 -3.62311e-05 -1.60755e-05
  0.00853658 -3.56077e-05 -1.62825e-05
  0.00869659 -3.36872e-05 -1.64182e-05
  0.00885797 -3.31667e-05 -1.65304e-05
  0.00902027 -3.06027e-05 -1.65907e-05
  0.00918288 -2.89857e-05 -1.66362e-05
  0.00934673 -2.60088e-05 -1.66279e-05
  0.00951193 -2.40227e-05 -1.66167e-05
  0.00967871 -2.05025e-05 -1.64923e-05
  0.00984663 -1.74533e-05 -1.63956e-05
   0.0100156 -1.49231e-05 -1.62804e-05
   0.0101862 -1.34781e-05 -1.61672e-05
   0.0103585 -1.08277e-05 -1.60344e-05
   0.0105335 -8.77097e-06 -1.59821e-05
     0.01071 -7.72303e-06 -1.59502e-05
    0.010888 -7.33069e-06 -1.59535e-05
   0.0110676 -6.47735e-06 -1.59585e-05
   0.0112493 -6.30188e-06 -1.59787e-05
   0.0114325 -7.00137e-06 -1.59627e-05
    0.011617 -8.55483e-06 -1.59056e-05
   0.0118028 -1.01086e-05 -1.58396e-05
   0.0119905 -1.26568e-05 -1.57624e-05
   0.0121797 -1.50253e-05 -1.57357e-05
   0.0123716 -1.78471e-05 -1.57456e-05
   0.0125649 -1.97277e-05 -1.56874e-05
   0.0127606 -2.27906e-05 -1.56278e-05
   0.0129579   -2.523e-05 -1.54991e-05
   0.0131575 -2.85441e-05 -1.53911e-05
   0.0133597 -3.15406e-05 -1.52553e-05
   0.0135638 -3.58636e-05 -1.51029e-05
   0.0137698 -3.83879e-05 -1.49611e-05
   0.0139784 -4.22301e-05 -1.48249e-05
   0.0141889 -4.56631e-05 -1.46317e-05
   0.0144009 -4.96807e-05 -1.44428e-05
   0.0146144  -5.3032e-05 -1.42605e-05
    0.014829 -5.61424e-05 -1.40661e-05
   0.0150454 -5.94282e-05 -1.39024e-05
   0.0152638 -6.22401e-05 -1.37083e-05
   0.0154848 -6.47792e-05 -1.35228e-05
   0.0157079 -6.66825e-05 -1.33025e-05
   0.0159333 -6.75309e-05 -1.30621e-05
   0.0161597 -6.81898e-05 -1.28257e-05
   0.0163876 -6.97635e-05 -1.26328e-05
  0.0166157 -7.0596e-05 -1.2481e-05
   0.0168449 -7.03313e-05 -1.22834e-05
   0.0170749 -7.01464e-05 -1.21583e-05
   0.0173058 -6.87964e-05 -1.19863e-05
   0.0175379  -6.7426e-05 -1.19051e-05
    0.017771 -6.58906e-05 -1.18164e-05
   0.0180045 -6.35684e-05 -1.17715e-05
   0.0182387 -6.07486e-05 -1.17091e-05
   0.0184732 -5.78921e-05 -1.17052e-05
   0.0187096 -5.41289e-05 -1.16958e-05
   0.0189467 -5.04023e-05 -1.16908e-05
   0.0191845 -4.61187e-05 -1.16765e-05
   0.0194228 -4.17369e-05  -1.1693e-05
   0.0196619 -3.72259e-05  -1.1726e-05
   0.0199013 -3.23623e-05 -1.18038e-05
   0.0201418 -2.68994e-05 -1.18871e-05
   0.0203827 -2.23868e-05 -1.20131e-05
   0.0206241 -1.73786e-05 -1.21189e-05
   0.0208665 -1.33582e-05 -1.22629e-05
   0.0211098 -8.85733e-06 -1.23837e-05
    0.021354 -5.94977e-06 -1.25001e-05
   0.0215995 -2.47286e-06 -1.26143e-05
   0.0218467 -3.39399e-07 -1.27241e-05
   0.0220955  2.21264e-06 -1.28459e-05
   0.0223449  4.09272e-06 -1.29489e-05
   0.0225948  6.13431e-06 -1.30343e-05
   0.0228452  6.83022e-06 -1.30859e-05
   0.0230965   7.0636e-06 -1.31718e-05
   0.0233491  5.49494e-06 -1.32287e-05
   0.0236036  3.32911e-06 -1.33197e-05
   0.0238602 -1.80324e-08 -1.34069e-05
   0.0241188 -3.19674e-06 -1.35211e-05
   0.0243791 -7.93362e-06 -1.36723e-05
    0.024641 -1.38389e-05 -1.38942e-05
   0.0249043 -1.99495e-05 -1.41485e-05
   0.0251694 -2.66189e-05 -1.44514e-05
   0.0254356 -3.35882e-05 -1.47547e-05
   0.0257035  -4.1244e-05 -1.50757e-05
   0.0259734 -4.98439e-05 -1.53274e-05
   0.0262465 -5.87005e-05 -1.56129e-05
   0.0265216 -6.72594e-05 -1.59966e-05
   0.0267986 -7.39873e-05 -1.63607e-05
   0.0270772 -8.09552e-05 -1.67196e-05
   0.0273575 -8.71074e-05 -1.70504e-05
    0.027639 -9.18361e-05 -1.73552e-05
   0.0279213 -9.50047e-05 -1.76336e-05
   0.0282041 -9.69757e-05 -1.78721e-05
   0.0284876 -9.78625e-05 -1.80939e-05
   0.0287717 -9.75336e-05 -1.82263e-05
   0.0290568  -9.6969e-05 -1.83668e-05
   0.0293425 -9.63448e-05 -1.85758e-05
    0.029629 -9.45398e-05 -1.87689e-05
   0.0299168 -9.17786e-05  -1.9007e-05
   0.0302055 -8.78736e-05 -1.92524e-05
   0.0304958 -8.40574e-05 -1.94863e-05
   0.0307868 -7.95864e-05  -1.9683e-05
   0.0310783 -7.43172e-05 -1.98734e-05
   0.0313692 -6.82678e-05 -2.00191e-05
   0.0316587 -5.98037e-05 -2.01339e-05
   0.0319474 -5.15566e-05 -2.02387e-05
   0.0322354  -4.3265e-05 -2.03157e-05
   0.0325233 -3.55061e-05 -2.03897e-05
   0.0328113 -2.74113e-05 -2.04841e-05
   0.0331001 -1.88445e-05 -2.05226e-05
   0.0333902 -1.03986e-05 -2.05999e-05
   0.0336801 -1.56919e-06 -2.06522e-05
    0.033971  7.07499e-06 -2.07198e-05
   0.0342635  1.64147e-05 -2.07905e-05
   0.0345576  2.45977e-05 -2.08391e-05
  0.0348513 3.21385e-05 -2.0877e-05
   0.0351452  3.95449e-05 -2.09079e-05
    0.035439  4.45742e-05 -2.09544e-05
   0.0357319  4.96735e-05 -2.10051e-05
   0.0360242  5.28044e-05 -2.10384e-05
   0.0363173  5.45987e-05 -2.10599e-05
   0.0366112  5.62897e-05 -2.10717e-05
    0.036907  5.62569e-05 -2.11023e-05
   0.0372037  5.53606e-05 -2.11154e-05
  0.0375027 5.12303e-05 -2.1195e-05
   0.0378021  4.75006e-05 -2.12137e-05
   0.0381029  4.19994e-05 -2.12842e-05
   0.0384049  3.68751e-05 -2.13192e-05
   0.0387087  2.97784e-05 -2.13757e-05
   0.0390134  2.22963e-05 -2.14948e-05
   0.0393197  1.34883e-05 -2.16343e-05
   0.0396265  3.53673e-06 -2.17712e-05
   0.0399346 -6.84247e-06 -2.19103e-05
   0.0402423  -1.8943e-05 -2.20761e-05
   0.0405513  -3.1045e-05 -2.22708e-05
   0.0408602 -4.24225e-05 -2.24651e-05
   0.0411688  -5.3639e-05 -2.26623e-05
   0.0414764 -6.44092e-05 -2.28336e-05
   0.0417842 -7.52105e-05 -2.30393e-05
   0.0420914 -8.59806e-05 -2.32038e-05
   0.0423984 -9.62845e-05   -2.344e-05
   0.0427049 -0.000105459 -2.36263e-05
   0.0430119 -0.000114217 -2.38396e-05
   0.0433188 -0.000121815 -2.40495e-05
   0.0436258 -0.000128895 -2.42941e-05
   0.0439332 -0.000134372 -2.44848e-05
   0.0442408 -0.000139325 -2.47076e-05
   0.0445488 -0.000143806 -2.49596e-05
   0.0448576 -0.000146712 -2.52626e-05
    0.045167 -0.000148112 -2.55463e-05
   0.0454772 -0.000148121 -2.58869e-05
   0.0457881 -0.000146072 -2.61459e-05
   0.0460988 -0.000143024 -2.64145e-05
   0.0464094 -0.000138341 -2.66789e-05
   0.0467192 -0.000133017 -2.69169e-05
   0.0470295 -0.000126298 -2.70886e-05
   0.0473387 -0.000118132 -2.73076e-05
    0.047649 -0.000109001 -2.74869e-05
   0.0479599 -9.98348e-05  -2.7685e-05
   0.0482716 -9.02558e-05  -2.7869e-05
   0.0485827 -8.01053e-05 -2.80329e-05
   0.0488942 -6.91763e-05  -2.8203e-05
   0.0492061 -5.85279e-05 -2.83927e-05
   0.0495194 -4.60934e-05 -2.85355e-05
   0.0498329 -3.33012e-05 -2.86725e-05
   0.0501468  -2.0828e-05 -2.88008e-05
   0.0504611 -8.88301e-06 -2.89289e-05
   0.0507765  3.44847e-06 -2.90164e-05
    0.051092  1.38781e-05 -2.91162e-05
   0.0514085  2.48458e-05 -2.91761e-05
  0.0517253 3.48752e-05 -2.9276e-05
   0.0520439  4.46035e-05 -2.93157e-05
   0.0523625  5.36808e-05 -2.94153e-05
   0.0526816  6.14755e-05 -2.94761e-05
   0.0530011  6.94338e-05 -2.95295e-05
   0.0533212  7.60807e-05 -2.95486e-05
   0.0536426  8.15561e-05 -2.95584e-05
   0.0539631  8.53182e-05 -2.95851e-05
   0.0542832   8.5211e-05 -2.94841e-05
   0.0546021  8.44029e-05 -2.93807e-05
   0.0549205  8.11024e-05 -2.92032e-05
   0.0552379  7.66091e-05 -2.90411e-05
   0.0555553  7.04251e-05 -2.88781e-05
   0.0558714  6.26527e-05 -2.87687e-05
   0.0561876  5.42367e-05 -2.86601e-05
   0.0565019  4.47096e-05 -2.85527e-05
   0.0568164   3.2722e-05 -2.84388e-05
   0.0571303  1.98923e-05 -2.82984e-05
   0.0574458  5.95721e-06 -2.81157e-05
   0.0577613 -7.92046e-06 -2.78163e-05
   0.0580774 -2.30984e-05 -2.75541e-05
   0.0583923 -3.91973e-05 -2.71931e-05
   0.0587065 -5.48908e-05  -2.6911e-05
   0.0590194 -7.18009e-05 -2.65853e-05
   0.0593319 -8.78564e-05 -2.63268e-05
   0.0596419 -0.000105901 -2.60664e-05
   0.0599497 -0.000121378 -2.58447e-05
   0.0602548 -0.000138646 -2.56326e-05
   0.0605562 -0.000153378 -2.54271e-05
   0.0608549 -0.000171208 -2.52745e-05
   0.0611498 -0.000186216 -2.51915e-05
   0.0614434 -0.000200114  -2.5008e-05
   0.0617338  -0.00021193 -2.48977e-05
   0.0620233 -0.000221797  -2.4756e-05
   0.0623096 -0.000229585 -2.46842e-05
   0.0625953  -0.00023495 -2.45672e-05
   0.0628778 -0.000238582 -2.44918e-05
   0.0631602 -0.000238657 -2.43325e-05
   0.0634408 -0.000237155 -2.42226e-05
   0.0637226 -0.000230365  -2.3998e-05
   0.0640041 -0.000222365 -2.38561e-05
   0.0642869 -0.000210658   -2.361e-05
   0.0645688  -0.00019727 -2.34769e-05
   0.0648515 -0.000180382 -2.32528e-05
   0.0651335 -0.000162472 -2.30823e-05
   0.0654169 -0.000141072 -2.27738e-05
   0.0657008 -0.000119128  -2.2529e-05
   0.0659864 -9.55983e-05 -2.22505e-05
   0.0662732 -7.17128e-05 -2.20261e-05
   0.0665623 -4.70033e-05 -2.17957e-05
    0.066853 -2.27454e-05 -2.16048e-05
    0.067146  2.43728e-06 -2.14198e-05
   0.0674397  2.68944e-05 -2.12563e-05
   0.0677342  5.10319e-05 -2.10632e-05
   0.0680284  7.45541e-05 -2.08601e-05
  0.0683231 9.66635e-05  -2.061e-05
   0.0686185  0.000117761 -2.03576e-05
   0.0689139  0.000136802 -2.00598e-05
   0.0692094  0.000153575 -1.97307e-05
    0.069506  0.000166289 -1.93882e-05
   0.0698038  0.000177046 -1.90105e-05
   0.0701026  0.000183746 -1.86261e-05
    0.070402  0.000187592 -1.81898e-05
   0.0707026  0.000186883 -1.78156e-05
   0.0710025  0.000183788 -1.73455e-05
   0.0713022  0.000178836 -1.67777e-05
   0.0716007  0.000170929 -1.61301e-05
   0.0718992  0.000161817 -1.54515e-05
   0.0721969   0.00014992 -1.47059e-05
   0.0724935  0.000135599 -1.39941e-05
   0.0727874   0.00011898 -1.32501e-05
  0.0730793 9.96307e-05  -1.261e-05
   0.0733675  7.76125e-05 -1.19082e-05
   0.0736533  5.31905e-05 -1.12799e-05
   0.0739354  2.69811e-05 -1.05839e-05
   0.0742137 -5.99568e-08 -9.95371e-06
   0.0744883 -2.69091e-05 -9.27112e-06
   0.0747598 -5.51105e-05 -8.64379e-06
   0.0750293 -8.38779e-05  -7.9879e-06
   0.0752944 -0.000111275 -7.37808e-06
   0.0755562 -0.000136351 -6.85431e-06
   0.0758142 -0.000159183  -6.2966e-06
   0.0760698 -0.000177348 -5.89304e-06
   0.0763211  -0.00019165 -5.45808e-06
   0.0765682 -0.000203859 -5.12865e-06
   0.0768114 -0.000213333 -4.77656e-06
   0.0770519  -0.00021959 -4.57816e-06
   0.0772905 -0.000223031 -4.34494e-06
   0.0775256 -0.000222829 -4.31468e-06
   0.0777588 -0.000219246 -4.24984e-06
   0.0779905 -0.000213388  -4.3195e-06
   0.0782205  -0.00020437 -4.28036e-06
   0.0784487 -0.000192062 -4.29244e-06
   0.0786767 -0.000178662 -4.27491e-06
   0.0789048 -0.000163271 -4.26886e-06
   0.0791334 -0.000146285 -4.21845e-06
   0.0793623 -0.000128832  -4.1299e-06
    0.079592  -0.00011061 -4.05793e-06
   0.0798214 -8.99775e-05 -4.08171e-06
   0.0800515 -6.92984e-05 -4.09978e-06
   0.0802822 -4.78933e-05 -4.18415e-06
   0.0805144 -2.75678e-05 -4.32843e-06
   0.0807483  -7.1309e-06 -4.47092e-06
   0.0809844  1.19368e-05 -4.69694e-06
   0.0812221  3.08544e-05 -4.88023e-06
   0.0814614  4.83032e-05 -5.06236e-06
   0.0817019  6.32294e-05 -5.19687e-06
   0.0819442  7.63482e-05 -5.34413e-06
   0.0821883  8.76602e-05 -5.40308e-06
   0.0824345  9.58675e-05 -5.48492e-06
   0.0826823  0.000103112 -5.52395e-06
   0.0829313  0.000108099 -5.49828e-06
   0.0831825  0.000111828 -5.44397e-06
   0.0834333  0.000112687 -5.37008e-06
    0.083685   0.00011242 -5.30969e-06
   0.0839358  0.000108699 -5.26656e-06
   0.0841851  0.000103142 -5.27689e-06
   0.0844332  9.58555e-05 -5.29192e-06
   0.0846792  8.61226e-05 -5.36389e-06
   0.0849226  7.52447e-05 -5.41292e-06
   0.0851635  6.29579e-05 -5.50789e-06
   0.0854021  4.94597e-05 -5.61499e-06
   0.0856379  3.55674e-05 -5.78729e-06
   0.0858705  2.09898e-05 -5.97152e-06
   0.0860988  5.76593e-06 -6.21759e-06
   0.0863228 -1.02757e-05 -6.55414e-06
   0.0865418 -2.69023e-05  -6.8904e-06
   0.0867567 -4.31245e-05 -7.27588e-06
   0.0869667 -5.84909e-05 -7.65712e-06
   0.0871727 -7.20091e-05 -7.98638e-06
   0.0873737 -8.45113e-05 -8.30986e-06
   0.0875706 -9.38626e-05  -8.5921e-06
   0.0877638 -0.000103726 -8.86562e-06
    0.087953 -0.000106254 -9.24976e-06
   0.0881384 -0.000108707 -9.57074e-06
   0.0883201 -0.000104847 -1.00491e-05
   0.0884971 -0.000102196 -1.05206e-05
   0.0886703 -9.90006e-05 -1.09491e-05
   0.0888402 -9.50591e-05 -1.13643e-05
   0.0890073 -9.17149e-05 -1.17389e-05
   0.0891718 -8.60626e-05 -1.21006e-05
   0.0893342 -7.95162e-05 -1.25131e-05
    0.089495 -7.12109e-05 -1.29254e-05
   0.0896546  -6.1516e-05 -1.33925e-05
   0.0898125 -5.05352e-05 -1.38121e-05
   0.0899696 -3.87226e-05 -1.42755e-05
   0.0901263 -2.59205e-05 -1.47177e-05
    0.090283 -1.39043e-05 -1.51687e-05
   0.0904391 -1.98778e-06 -1.55965e-05
  0.0905953 9.78502e-06 -1.6011e-05
   0.0907517  2.16509e-05 -1.63865e-05
   0.0909099  3.30623e-05 -1.67164e-05
   0.0910693  4.39171e-05 -1.70594e-05
   0.0912304  5.50093e-05 -1.73327e-05
   0.0913925  6.51945e-05 -1.75673e-05
    0.091556  7.42258e-05 -1.77669e-05
  0.0917208  8.1067e-05 -1.8011e-05
   0.0918868  8.63103e-05 -1.82087e-05
   0.0920539  8.98648e-05 -1.84393e-05
   0.0922216  9.14849e-05 -1.86009e-05
   0.0923904  9.17185e-05 -1.88034e-05
   0.0925593    9.005e-05 -1.90081e-05
   0.0927284  8.66985e-05 -1.92597e-05
   0.0928968  8.05673e-05 -1.95579e-05
   0.0930645  7.42391e-05 -1.98651e-05
  0.0932315 6.60915e-05 -2.0213e-05
   0.0933984  5.75177e-05 -2.05488e-05
   0.0935642  4.73674e-05 -2.08813e-05
   0.0937285  3.71845e-05 -2.11258e-05
     0.09389  2.68974e-05 -2.14128e-05
   0.0940487  1.64663e-05 -2.16155e-05
   0.0942044  4.89069e-06 -2.18088e-05
   0.0943572 -6.53132e-06 -2.19254e-05
   0.0945072 -1.82571e-05 -2.20432e-05
   0.0946542 -3.03117e-05 -2.20841e-05
   0.0947985 -3.87801e-05 -2.22577e-05
   0.0949393 -4.68008e-05 -2.24019e-05
   0.0950767 -5.46003e-05 -2.25989e-05
   0.0952093 -6.21971e-05 -2.26581e-05
   0.0953375 -6.87543e-05 -2.27974e-05
   0.0954613 -7.50577e-05 -2.28192e-05
    0.095581 -7.93423e-05  -2.2908e-05
   0.0956968 -8.39112e-05  -2.2862e-05
   0.0958091 -8.61391e-05 -2.28178e-05
   0.0959188 -8.90941e-05 -2.26945e-05
   0.0960241 -8.93175e-05 -2.26162e-05
   0.0961254 -8.95299e-05  -2.2384e-05
    0.096222 -8.76909e-05 -2.22251e-05
   0.0963155 -8.56243e-05 -2.20127e-05
   0.0964045 -8.18474e-05 -2.18772e-05
   0.0964901 -7.54402e-05 -2.16537e-05
   0.0965719 -6.74433e-05 -2.14893e-05
   0.0966519  -5.8772e-05 -2.12984e-05
    0.096729 -4.81089e-05 -2.11599e-05
   0.0968049 -3.76112e-05 -2.10153e-05
   0.0968786 -2.53687e-05 -2.08956e-05
   0.0969518 -1.50508e-05 -2.08631e-05
   0.0970235 -3.51746e-06 -2.08629e-05
    0.097095  7.23452e-06 -2.08966e-05
   0.0971656  1.84769e-05 -2.09515e-05
   0.0972368  2.96517e-05 -2.10247e-05
   0.0973079  4.02534e-05 -2.11551e-05
   0.0973797  5.05681e-05 -2.13201e-05
    0.097452  6.05804e-05 -2.14733e-05
  0.0975258 7.00721e-05 -2.1663e-05
   0.0976007  7.92442e-05 -2.18357e-05
   0.0976774  8.76625e-05 -2.20653e-05
   0.0977559  9.58715e-05 -2.22607e-05
   0.0978364  0.000103207 -2.25231e-05
   0.0979181  0.000110229 -2.27776e-05
   0.0980016  0.000115443 -2.30959e-05
    0.098087  0.000120335 -2.33967e-05
   0.0981743  0.000122803 -2.37892e-05
    0.098263   0.00012542 -2.41469e-05
   0.0983534  0.000124913 -2.46092e-05
   0.0984453  0.000123296 -2.49999e-05
   0.0985368  0.000120238 -2.53768e-05
  0.0986272 0.000116057 -2.5766e-05
   0.0987162  0.000110704 -2.60865e-05
   0.0988037  0.000104125 -2.64707e-05
   0.0988897  9.60552e-05 -2.67725e-05
   0.0989741  8.71851e-05 -2.71153e-05
   0.0990563  7.64785e-05 -2.73575e-05
   0.0991359  6.50596e-05 -2.76563e-05
   0.0992128  5.20315e-05 -2.78772e-05
   0.0992866  3.83757e-05 -2.81416e-05
   0.0993572  2.36763e-05 -2.83527e-05
   0.0994245  8.69566e-06 -2.86174e-05
    0.099488  -7.5983e-06 -2.87924e-05
   0.0995477 -2.39872e-05 -2.89983e-05
   0.0996035 -4.06465e-05 -2.91575e-05
   0.0996548 -5.45212e-05 -2.93172e-05
    0.099702 -6.83862e-05 -2.94265e-05
   0.0997449 -7.99272e-05 -2.95607e-05
   0.0997836 -9.11595e-05 -2.96726e-05
   0.0998185 -9.81569e-05 -2.97366e-05
     0.09985 -0.000103711 -2.97062e-05
   0.0998771 -0.000107866 -2.97595e-05
   0.0999006 -0.000112101 -2.97835e-05
   0.0999202 -0.000114909 -2.98185e-05
   0.0999373 -0.000116166 -2.98247e-05
    0.099951 -0.000115911 -2.98438e-05
   0.0999621 -0.000113883 -2.98357e-05
   0.0999707 -0.000111267 -2.98783e-05
   0.0999778 -0.000107663 -2.99148e-05
   0.0999828 -0.000103547 -2.99962e-05
   0.0999867 -9.75532e-05 -3.00628e-05
   0.0999893 -9.04058e-05 -3.01805e-05
   0.0999921 -8.15332e-05  -3.0297e-05
   0.0999946  -7.2203e-05 -3.04743e-05
   0.0999975 -6.10917e-05 -3.06639e-05
         0.1 -4.96598e-05 -3.08968e-05
    0.100004 -3.76396e-05 -3.11683e-05
    0.100007 -2.60214e-05 -3.15045e-05
    0.100011 -1.44348e-05 -3.18536e-05
    0.100015 -2.71763e-06 -3.22474e-05
    0.100021  8.82975e-06 -3.26576e-05
    0.100026  2.01632e-05 -3.31323e-05
    0.100034  3.09066e-05 -3.36318e-05
    0.100042  4.04554e-05 -3.41366e-05
    0.100051  4.96143e-05 -3.46322e-05
    0.100062  5.73559e-05 -3.51206e-05
    0.100074  6.47447e-05 -3.56124e-05
    0.100087  7.05524e-05 -3.61237e-05
    0.100102  7.59169e-05 -3.66561e-05
    0.100118   7.8203e-05 -3.72563e-05
    0.100135  8.01381e-05 -3.78441e-05
    0.100153  7.99986e-05 -3.84382e-05
    0.100172  7.97027e-05 -3.90287e-05
    0.100192  7.73742e-05 -3.96575e-05
    0.100212  7.42185e-05 -4.02814e-05
    0.100232  7.00024e-05 -4.09101e-05
    0.100251  6.45475e-05 -4.15091e-05
     0.10027  5.77063e-05 -4.20961e-05
    0.100287  4.95929e-05 -4.26699e-05
    0.100304  4.07865e-05 -4.32237e-05
     0.10032  3.14893e-05 -4.37604e-05
    0.100334  2.16001e-05 -4.42766e-05
    0.100347  1.17549e-05 -4.47849e-05
    0.100359  1.79367e-06 -4.52512e-05
    0.100369 -7.97902e-06 -4.56916e-05
    0.100377 -1.69941e-05 -4.61263e-05
    0.100384 -2.56614e-05 -4.65377e-05
    0.100389 -3.36513e-05 -4.69366e-05
    0.100392 -4.12804e-05 -4.72921e-05
    0.100393  -4.7938e-05 -4.76788e-05
    0.100393 -5.38822e-05 -4.79845e-05
     0.10039 -5.83799e-05 -4.83099e-05
    0.100386 -6.28524e-05 -4.85691e-05
     0.10038 -6.63066e-05 -4.88505e-05
    0.100373 -6.98053e-05 -4.90592e-05
    0.100363 -7.23528e-05 -4.92909e-05
    0.100353 -7.42046e-05 -4.94362e-05
    0.100341 -7.50557e-05 -4.95817e-05
    0.100329 -7.60217e-05 -4.97036e-05
    0.100315 -7.58823e-05 -4.98214e-05
      0.1003 -7.52965e-05 -4.98941e-05
    0.100284 -7.33066e-05 -4.99771e-05
    0.100267 -7.12613e-05 -5.00366e-05
     0.10025  -6.8259e-05 -5.00652e-05
    0.100232 -6.40389e-05 -5.00308e-05
    0.100214 -5.89868e-05 -4.99522e-05
    0.100195 -5.31768e-05 -4.98361e-05
    0.100176 -4.69941e-05 -4.96865e-05
    0.100157 -4.00416e-05 -4.94911e-05
    0.100138 -3.29908e-05 -4.92641e-05
     0.10012 -2.49659e-05 -4.90023e-05
    0.100101  -1.7129e-05 -4.87036e-05
    0.100083 -9.45702e-06 -4.83885e-05
    0.100066 -1.62886e-06 -4.80506e-05
     0.10005  6.33406e-06 -4.76989e-05
    0.100035  1.41351e-05 -4.72786e-05
    0.100022  1.97302e-05 -4.69412e-05
    0.100011  2.45312e-05 -4.65609e-05
    0.100002  2.95961e-05 -4.61423e-05
   0.0999947  3.40551e-05 -4.56876e-05
     0.09999   3.7755e-05 -4.52782e-05
   0.0999877  4.09217e-05 -4.47981e-05
   0.0999873  4.32636e-05 -4.43771e-05
   0.0999895   4.4683e-05 -4.39314e-05
    0.099994  4.44937e-05 -4.34827e-05
   0.100001  4.3558e-05 -4.3011e-05
     0.10001  4.28708e-05 -4.25219e-05
    0.100021  4.07597e-05 -4.20406e-05
    0.100034  3.80479e-05 -4.15447e-05
    0.100048  3.44189e-05 -4.10564e-05
   0.100064 2.93194e-05 -4.0559e-05
    0.100081  2.38583e-05 -4.00589e-05
    0.100099  1.74448e-05 -3.95714e-05
   0.100118 1.06448e-05 -3.9084e-05
    0.100137  3.00512e-06 -3.85744e-05
    0.100156 -4.74212e-06 -3.80579e-05
    0.100176  -1.2553e-05 -3.75314e-05
    0.100196 -1.99222e-05 -3.70045e-05
    0.100215 -2.67807e-05 -3.64582e-05
    0.100234 -3.37821e-05 -3.59217e-05
    0.100252 -4.03643e-05 -3.54035e-05
    0.100268 -4.61207e-05  -3.4885e-05
    0.100284 -5.23198e-05 -3.43885e-05
    0.100298 -5.73377e-05 -3.39149e-05
    0.100311 -6.33365e-05 -3.34567e-05
    0.100321 -6.82252e-05 -3.30036e-05
    0.100331 -7.37359e-05 -3.25774e-05
    0.100338  -7.8419e-05 -3.21296e-05
    0.100343 -8.33621e-05 -3.17132e-05
    0.100346 -8.61447e-05 -3.13441e-05
    0.100346 -8.89645e-05  -3.1008e-05
    0.100343 -9.15024e-05 -3.06182e-05
    0.100338 -9.28791e-05  -3.0285e-05
     0.10033 -9.16667e-05 -3.00093e-05
    0.100319 -8.94019e-05 -2.97929e-05
    0.100306 -8.38035e-05 -2.96816e-05
     0.10029   -7.733e-05 -2.95978e-05
    0.100272 -6.94807e-05  -2.9564e-05
    0.100253  -6.0384e-05 -2.95713e-05
    0.100233 -5.11602e-05 -2.96081e-05
    0.100211 -4.06357e-05 -2.96716e-05
    0.100189 -2.96278e-05 -2.97655e-05
    0.100167 -1.70524e-05 -2.98551e-05
    0.100145 -4.71407e-06 -2.99457e-05
    0.100123  8.05189e-06 -3.00241e-05
    0.100103  1.97201e-05 -3.01098e-05
    0.100084  3.06496e-05 -3.01665e-05
    0.100066    4.051e-05 -3.02664e-05
     0.10005  4.95051e-05 -3.03314e-05
    0.100037  5.66229e-05 -3.04347e-05
    0.100026  6.31686e-05 -3.04856e-05
    0.100018  6.68271e-05 -3.06025e-05
    0.100013  6.98717e-05 -3.06831e-05
    0.100011  7.10108e-05 -3.08058e-05
     0.10001  7.35214e-05 -3.09945e-05
    0.100013  7.47567e-05 -3.12376e-05
    0.100018  7.48381e-05 -3.13416e-05
   0.100027 7.38652e-05 -3.1475e-05
    0.100039  7.10192e-05 -3.15771e-05
    0.100052  6.75954e-05 -3.16985e-05
    0.100067  6.26944e-05 -3.17829e-05
    0.100084  5.68248e-05 -3.18774e-05
   0.100102 5.00687e-05 -3.1973e-05
    0.100121  4.20405e-05 -3.20666e-05
    0.100141  3.38239e-05 -3.21538e-05
    0.100161  2.50613e-05 -3.22764e-05
    0.100181  1.60309e-05 -3.23658e-05
    0.100202  6.72389e-06 -3.24974e-05
    0.100222  -2.3402e-06 -3.26121e-05
    0.100242 -1.18069e-05 -3.27481e-05
    0.100261 -2.08568e-05 -3.29182e-05
     0.10028  -2.9833e-05 -3.31166e-05
    0.100297 -3.77032e-05 -3.33562e-05
    0.100314 -4.51123e-05 -3.36045e-05
    0.100329 -5.07076e-05 -3.38275e-05
    0.100342 -5.59472e-05 -3.40835e-05
    0.100353 -6.13791e-05 -3.42591e-05
    0.100362 -6.59989e-05 -3.44423e-05
    0.100369 -6.91634e-05  -3.4669e-05
    0.100373 -7.14076e-05 -3.48832e-05
    0.100375 -7.28762e-05 -3.51269e-05
    0.100375 -7.38056e-05 -3.53786e-05
    0.100372 -7.30466e-05 -3.56302e-05
    0.100367  -7.1762e-05 -3.58793e-05
    0.100359 -6.80396e-05 -3.60998e-05
    0.100349 -6.38531e-05 -3.63354e-05
    0.100337 -5.78149e-05 -3.65462e-05
    0.100323 -5.17203e-05 -3.67456e-05
