1.76578e-39 1.76578e-39 1.76578e-39 1.76578e-39 1.76578e-39 1.76578e-39 1.76578e-39 1.76578e-39
-3.80646  149.928 -3.70631 -162.225  -5.3808  158.035 -5.13691 -154.356
-3.80291  149.821 -3.71197 -162.238 -5.36888  158.022 -5.12621 -154.343
-3.80003  149.815 -3.71701 -162.244 -5.35208  158.015 -5.11632 -154.348
 -3.8073  149.946 -3.71857 -162.298  -5.3375  158.007 -5.11229 -154.348
-3.81142  149.941 -3.71983 -162.303 -5.32547  158.002 -5.10845 -154.351
-3.78865  150.044 -3.71316  -162.35 -5.31824  158.003 -5.10998 -154.379
-3.76728   150.04 -3.69354 -162.354 -5.30732      158 -5.11149  -154.38
-3.74531  150.034 -3.68756  -162.36 -5.29465  157.961 -5.11253 -154.333
-3.72448  150.031 -3.68415  -162.36 -5.28324  157.959  -5.1144 -154.334
-3.71552  150.045 -3.67376 -162.381 -5.28077  157.959 -5.10977 -154.345
-3.70831  150.043 -3.66708 -162.381 -5.27692  157.958 -5.10004 -154.346
-3.71154  150.055 -3.65515 -162.401 -5.27533  157.904 -5.09324 -154.378
-3.72154  150.053 -3.64553 -162.401 -5.27782  157.904 -5.08821 -154.378
-3.72905  150.051 -3.63283 -162.405 -5.28266  157.855 -5.07789 -154.379
-3.72239  150.051  -3.6193 -162.405 -5.28669  157.856 -5.07749 -154.378
 -3.7356   150.05 -3.60829 -162.406 -5.28809  157.858 -5.06616 -154.301
-3.74039  150.051 -3.60396 -162.405 -5.28475  157.859 -5.04641 -154.301
-3.74826  150.054  -3.5981 -162.397 -5.29073   157.88 -5.03853 -154.272
-3.74767  150.058 -3.60163 -162.386 -5.29802  157.885 -5.03411 -154.267
-3.75241  150.277 -3.59971 -162.389 -5.29227  157.889  -5.0219 -154.262
 -3.7523  150.283 -3.60425 -162.393 -5.28842  157.894 -5.01325 -154.256
-3.76397  150.675 -3.60619  -162.39 -5.28342  157.901  -5.0142 -154.249
-3.76876  150.684 -3.61303 -162.367 -5.27914  157.909 -5.01519 -154.042
-3.75433  150.705 -3.61122  -162.36  -5.2692  157.927 -5.02065  -154.03
-3.75709  150.717 -3.63372 -162.339  -5.2674  157.942 -5.02124 -154.017
-3.73846  150.748 -3.64284  -162.32 -5.25198  157.969 -5.01325 -153.749
-3.75068  150.765  -3.6639 -162.283 -5.24532  157.986 -5.01641  -153.73
-3.74601  150.813 -3.66334 -162.261 -5.24054  158.008 -5.01388 -153.377
-3.74694  150.838 -3.67416  -162.24 -5.24727  158.034 -5.00379 -153.354
-3.65407  151.039 -3.66032 -162.204 -5.24736  158.064 -4.93268 -153.198
-3.57873  151.064  -3.6687  -162.17 -5.25741   158.09 -4.88945 -153.175
-3.52623   151.14 -3.66318 -162.134 -5.26555   158.12 -4.81117 -153.109
-3.48078  151.172 -3.67369 -162.104 -5.27787  158.151 -4.75206 -153.086
-3.45342  151.235 -3.66699 -162.069 -5.28319  158.191 -4.65813 -152.931
-3.42745  151.276 -3.67038 -162.029 -5.29516  158.234 -4.58243 -152.908
-3.44011  151.307 -3.65453 -161.985 -5.29485  158.279 -4.50708 -152.796
-3.43825  151.349 -3.65665 -161.938 -5.29822  158.319 -4.44734 -152.768
 -3.4643  151.405 -3.64311 -161.891 -5.29231  158.367 -4.37625 -152.677
 -3.4757  151.459 -3.63307 -161.853 -5.28924  158.415 -4.31654 -152.645
-3.51217  151.529 -3.62588 -161.804 -5.29178  158.461 -4.26138 -152.565
-3.53914  151.571 -3.64294 -161.623 -5.30283  158.514 -4.20967 -152.531
-3.56808  151.642 -3.65773 -161.575 -5.31026  158.558 -4.15495 -152.449
-3.58578  151.688 -3.66409 -161.515 -5.31906  158.615 -4.11189 -152.404
-3.64885  151.802 -3.66563 -161.463 -5.32454  158.668 -4.07455 -152.329
-3.69502  151.853 -3.68736 -161.356 -5.31655  158.721 -4.04407 -152.281
-3.75051   151.93 -3.70706 -161.304 -5.30406  158.775 -4.02176 -152.211
-3.79207  151.977 -3.75586 -161.131 -5.29407  158.832 -3.99979 -152.159
-3.84594   152.08 -3.80429 -161.078 -5.27828  158.887 -3.99124 -152.095
-3.89201  152.132  -3.8709 -160.973 -5.26739  158.947 -3.98513 -152.037
-3.94762  152.244 -3.92315 -160.917 -5.26761  159.008 -3.97567 -151.976
-3.99731  152.302 -3.96319 -160.831 -5.27045  159.148 -3.97269 -151.915
-4.03964  152.402 -3.99717  -160.78 -5.27874   159.21  -3.9646 -151.853
-4.07437  152.459 -4.04748  -160.67 -5.29555   159.36 -3.95634  -151.79
-4.13637  152.577 -4.09077 -160.618 -5.31383  159.424 -3.95563 -151.725
-4.18839  152.636 -4.13591 -160.528 -5.33284  159.496 -3.95272 -151.661
-4.26021  152.761 -4.17667 -160.482 -5.35303  159.563 -3.95368 -151.591
-4.31979  152.825 -4.22676 -160.384  -5.3687  159.637 -3.94095 -151.535
-4.37644   152.92 -4.26867 -160.332 -5.38532  159.708 -3.93601 -151.463
-4.42808  152.985 -4.32106 -160.258 -5.39488  159.774 -3.92357 -151.393
-4.48295  153.143  -4.3336 -160.188 -5.40271  159.846 -3.91616 -151.321
-4.52219  153.215 -4.36034 -160.109 -5.41227  159.906  -3.9242 -151.248
-4.55127  153.441 -4.33839 -160.023 -5.42068  159.982 -3.93493 -151.174
 -4.5701  153.519 -4.34037 -159.951 -5.42179  160.061 -3.93799 -151.097
-4.54579  153.583    -4.32 -159.856 -5.42365  160.135 -3.95548 -150.872
-4.52246  153.661 -4.30991 -159.787 -5.42219  160.218  -3.9766 -150.795
 -4.5061  153.742 -4.29133 -159.699 -5.42325  160.295 -3.99289 -150.718
-4.49019  153.823 -4.27675 -159.621 -5.42094  160.395 -4.01249 -150.638
-4.49605  153.902 -4.27409 -159.539 -5.42195  160.474 -4.02465 -150.556
-4.49655  153.985  -4.2868 -159.455 -5.41296  160.575 -4.02753 -150.475
-4.51458  154.066 -4.28553 -159.366  -5.4049  160.658 -4.01905 -150.397
-4.51834  154.152  -4.2923 -159.274 -5.40103   160.74 -4.00841 -150.315
-4.55291  154.283 -4.28818 -159.183 -5.40623  160.822 -3.98893 -150.334
-4.57017  154.369 -4.30828 -159.087 -5.41504   160.91 -3.96791 -150.249
-4.56882  154.455 -4.30462     -159 -5.41684  160.996 -3.95465 -150.181
-4.56576  154.542 -4.31551 -158.891 -5.41079  161.081 -3.94672 -150.095
-4.55173   154.64 -4.31557   -158.8 -5.39435  161.163 -3.94579 -150.012
-4.53852  154.732 -4.34135 -158.653 -5.37933  161.251 -3.94012 -149.921
-4.50735  154.829 -4.35639 -158.565 -5.37994  161.424 -3.95515 -149.815
-4.47742   154.92  -4.3753 -158.451 -5.37773  161.515 -3.95934 -149.722
-4.47442  155.014 -4.38067 -158.361 -5.40486  161.893 -3.98036 -149.605
-4.47763  155.113  -4.4289 -158.169 -5.42021  161.985 -3.99459  -149.51
-4.42399  155.286 -4.46553 -158.075 -5.43892  162.047 -4.00259 -149.419
-4.38648  155.377  -4.5112  -157.89 -5.44678  162.035 -4.00332 -149.325
-4.30531  155.556 -4.54133 -157.787 -5.45971  162.133 -4.03114 -149.205
-4.23992  155.648 -4.54663 -157.683 -5.44628  162.325 -4.05474 -149.103
-4.15778  155.812 -4.54077 -157.576 -5.43984  162.428 -4.08061 -148.977
 -4.1079  155.918 -4.51138 -157.467 -5.45993  162.569 -4.09744  -148.87
 -4.0858  156.045 -4.49104 -157.359 -5.47916  162.676 -4.10502 -148.733
-4.06421  156.157 -4.46389  -157.25 -5.50778  162.841 -4.11457  -148.62
-4.05082  156.383 -4.41751 -157.121 -5.52846  162.956 -4.09934 -148.504
-4.04753  156.499 -4.39364 -157.008 -5.51566  163.096 -4.09182 -148.386
-4.01715  156.753 -4.33555 -156.859 -5.51285  163.213 -4.09143 -148.267
-3.98777  156.871  -4.3069 -156.739  -5.5177  163.333 -4.09512 -147.928
-3.98503  157.008 -4.30558 -156.614 -5.52661  163.455 -4.10156 -147.803
 -3.9843  157.136 -4.32723 -156.483 -5.53237  163.657 -4.10284  -147.33
-3.88503  157.541 -4.27056 -156.294  -5.5362  163.796 -4.11674   -147.2
-3.80645  157.675 -4.23083  -156.17 -5.49286  163.966 -4.15152 -147.061
 -3.7986  157.813 -4.17285 -155.966 -5.46907  164.103 -4.16303 -146.925
-3.79077  157.953 -4.15145 -155.837 -5.45082  164.242 -4.17888 -146.786
-3.80645   158.09 -4.03837 -155.568 -5.43933  164.384 -4.19021 -146.645
-3.83086  158.239 -3.97211 -155.446 -5.44504  164.526 -4.20262 -146.502
-3.85264  158.392 -3.88486 -155.248 -5.45145  164.671 -4.22804 -146.353
-3.85498  158.539 -3.80876 -155.135 -5.45542  164.851 -4.24196 -146.208
-3.87676  158.691 -3.74102 -154.947 -5.46079  164.999 -4.25268 -145.999
-3.87709  158.843 -3.67669 -154.813 -5.45913  165.146 -4.26651 -145.852
-3.92164  159.011 -3.60484 -154.638 -5.46308  165.298 -4.28773 -145.646
-3.93383  159.159 -3.54609 -154.511 -5.46383  165.451 -4.30938  -145.49
-3.98169  159.343  -3.4748 -154.317 -5.46002  165.607 -4.31693 -145.335
-3.99405  159.501 -3.41606 -154.179 -5.46435  165.762 -4.31358 -145.178
-3.97841  159.658 -3.34193 -153.997 -5.47111   165.92  -4.2995 -145.024
-3.96595  159.815 -3.28506 -153.857 -5.46499  166.067 -4.29379 -144.865
-3.95416  159.972 -3.20919 -153.677 -5.45817  166.225 -4.29854 -144.705
-3.94919  160.129 -3.15053 -153.536 -5.43857  166.399 -4.31102 -144.546
-3.91798  160.297 -3.09778  -153.35 -5.41844  166.558  -4.3277 -144.387
-3.90398  160.447  -3.0393 -153.214 -5.40108  166.715 -4.33773 -144.227
-3.86079  160.634 -2.98117 -153.034 -5.37164  166.876 -4.35347 -144.064
 -3.8559  160.792  -2.9352 -152.901 -5.36504  167.035 -4.36509 -143.905
-3.80856  160.983  -2.8796 -152.719 -5.36251  167.198 -4.38297 -143.781
-3.75786  161.139 -2.85305 -152.574 -5.34491   167.34 -4.39644 -143.619
 -3.7034  161.317 -2.79825  -152.39 -5.32923  167.502 -4.41498  -143.45
-3.65545  161.471 -2.79599 -152.238 -5.33421  167.667 -4.42696 -143.284
-3.60567  161.643 -2.75218 -152.052 -5.33842  167.833 -4.42022 -143.121
-3.58058  161.783 -2.74701   -151.9 -5.36988  167.932 -4.41353 -142.948
 -3.5568  161.957  -2.7353 -151.735 -5.39204  168.105 -4.38813 -142.749
-3.56833  162.148 -2.74132 -151.555 -5.42556  168.232 -4.37037 -142.582
-3.57223  162.326 -2.73377 -151.383 -5.45541  168.407 -4.34018 -142.408
-3.64552  162.596 -2.74366 -151.199 -5.46212  168.558 -4.31719 -142.236
-3.70259  162.767 -2.74006  -151.03 -5.46939  168.733 -4.30303 -142.061
-3.74479  163.009   -2.756 -150.858 -5.45675  168.909 -4.29732 -141.885
-3.77948  163.183 -2.77319 -150.682 -5.44842  169.089 -4.26726 -141.587
-3.86058  163.446 -2.80309 -150.499 -5.46073  169.284 -4.24265 -141.411
  -3.933   163.63     -2.8 -150.313 -5.47089  169.468 -4.24553 -141.211
-3.95361  163.843 -2.82493 -150.117 -5.47978  169.654 -4.25302 -141.028
-3.97593  164.026 -2.81174 -149.916 -5.49268  169.841 -4.27263 -140.876
-3.96864  164.209 -2.84453 -149.719 -5.53513  170.191 -4.29053 -140.688
-3.96438  164.399 -2.85329 -149.529 -5.57587   170.38 -4.31388 -140.491
-3.94847  164.611 -2.88306 -149.335 -5.57984  170.589  -4.3368 -140.296
-3.93796  164.804 -2.91166 -149.145 -5.58729  170.779 -4.32358 -140.084
-3.95471  165.042 -2.93325 -148.948  -5.5879  170.999 -4.31878 -139.892
-3.98047  165.238 -2.94717 -148.755 -5.59541  171.193 -4.28456 -139.672
-3.98456  165.706 -2.96545 -148.566 -5.63154  171.491 -4.26433 -139.485
-3.97609  165.904 -2.97546 -148.368 -5.66528  171.692  -4.2347 -139.237
-4.00678  166.357 -3.01338 -148.147 -5.68365  171.894 -4.22184  -139.04
-4.04312  166.564 -3.02274 -147.934 -5.69319  172.101 -4.18547 -138.788
-4.05962   166.77 -3.08118 -147.685 -5.68641  172.328 -4.15416  -138.59
 -4.0606   166.98 -3.11718 -147.477 -5.67943  172.536  -4.1143 -138.338
-4.07646  167.201 -3.14527 -147.269 -5.67379  172.877 -4.08557 -138.136
-4.07461  167.409 -3.16495 -147.057 -5.67321   173.09 -4.00962 -137.841
-4.11676   167.65  -3.1636 -146.836 -5.71401  173.522 -3.94423 -137.645
-4.13994  167.867  -3.1537 -146.609 -5.75247  173.741 -3.84477 -137.357
-4.16683  168.089 -3.17734 -146.362 -5.75797   173.96 -3.77328 -137.169
-4.18137  168.311 -3.18738 -146.139 -5.75308  174.182 -3.69012 -136.893
-4.18347   168.53 -3.20536 -145.917 -5.75482  174.406 -3.62992 -136.705
-4.19913   168.76  -3.2197 -145.693 -5.75804  174.597 -3.55542 -136.418
-4.16703  168.996 -3.24013 -145.466 -5.75582  174.822  -3.4885 -136.214
-4.15881  169.225 -3.25643 -145.235 -5.75492  175.092 -3.39529 -135.918
-4.14156  169.459 -3.26668 -145.005 -5.75059  175.322 -3.31553 -135.717
-4.14218  169.691 -3.26152 -144.772 -5.76327  175.694 -3.20705 -135.424
-4.15187  169.909  -3.2593 -144.515 -5.77118  175.931 -3.10465 -135.224
-4.15478  170.138 -3.25058 -144.281 -5.76501   176.19 -3.00268 -134.941
-4.15833  170.381  -3.1999 -143.974  -5.7535  176.426 -2.89775 -134.742
-4.14744   170.62 -3.16263 -143.736 -5.75515  176.658 -2.80227 -134.435
-4.14766  170.858 -3.15603 -143.489 -5.74767  176.895 -2.70635 -134.225
-4.09733  171.138 -3.15103 -143.249 -5.74678  177.115 -2.62064 -133.891
-4.07049   171.37 -3.17688 -142.838  -5.7275  177.348 -2.55176 -133.665
-3.97924  171.678 -3.19769 -142.594 -5.72488  177.596 -2.50834 -133.383
-3.91154  171.911 -3.20365 -142.347 -5.70645  177.839 -2.47397 -133.156
-3.84133  172.198 -3.19227 -142.106 -5.69443  178.092 -2.45528 -132.869
-3.77425  172.429 -3.18882  -141.85 -5.67952  178.337 -2.42423  -132.64
 -3.6824  172.745 -3.17669 -141.595 -5.65811  178.597 -2.41849 -132.379
-3.60617  172.982 -3.18956 -141.327 -5.63727  178.844 -2.41129 -132.134
-3.52743   173.27 -3.19241 -141.077 -5.60695  179.071 -2.40268 -131.863
-3.45503  173.509 -3.20789 -140.844 -5.57713  179.317 -2.39632 -131.623
-3.36092  173.784 -3.21916 -140.598 -5.58204  179.509 -2.37316 -131.364
-3.28371  174.015 -3.21931 -140.338 -5.58623  179.758 -2.36212 -131.128
-3.20843  174.322 -3.20873 -140.091 -5.58773  179.987 -2.37592 -130.894
-3.16248  174.556 -3.20933 -139.838 -5.60216 -179.761 -2.37384 -130.644
-3.09838   174.85 -3.18949 -139.577 -5.60837 -179.508 -2.39481 -130.393
 -3.0615  175.092 -3.19628 -139.307 -5.61527 -179.253 -2.41521 -130.146
-3.01748  175.362 -3.17603 -139.041 -5.61096 -179.019 -2.46088 -129.892
-2.99691  175.613  -3.1781 -138.773  -5.6163 -178.757 -2.50298 -129.638
-2.95275    175.9 -3.19346 -138.527   -5.579 -178.452 -2.54546 -129.373
 -2.9427  176.156  -3.2182 -138.252 -5.55335 -178.195 -2.58303 -129.116
-2.93274  176.416 -3.23409 -137.999 -5.52786 -177.922 -2.59487 -128.858
-2.91525  176.668 -3.27296 -137.732 -5.52606 -177.664 -2.61319 -128.596
-2.91741  176.925 -3.29491 -137.472 -5.54638  -177.43 -2.61594 -128.337
-2.92093  177.186  -3.3404 -137.201 -5.57043 -177.168 -2.63914 -128.075
-2.93096  177.441 -3.38657  -136.94 -5.56206 -176.905 -2.66393 -127.889
-2.96041  177.709  -3.4143 -136.669 -5.57165  -176.64 -2.69013 -127.628
-2.97786   177.97 -3.44417 -136.405 -5.52257   -176.3 -2.73192 -127.362
-3.00993   178.24 -3.44025 -136.125 -5.49165 -176.039 -2.77447 -127.094
-3.02579  178.497 -3.44549  -135.86 -5.45762 -175.778 -2.79877 -126.829
-3.06976  178.771 -3.43419 -135.594 -5.45989 -175.512 -2.80779 -126.557
-3.07756   179.05 -3.43241 -135.325 -5.42469 -175.011 -2.84406 -126.284
-3.09716  179.319  -3.3817 -134.971 -5.40962 -174.742 -2.88155 -126.014
-3.07118  179.628 -3.35588 -134.706  -5.4174 -174.319 -2.92789 -125.742
-3.05663  179.893 -3.28956 -134.339 -5.43744 -174.046 -2.98359 -125.465
-3.02154 -179.784 -3.24988 -134.073 -5.44295 -173.715 -3.05299 -125.188
-3.00081 -179.514 -3.18102 -133.694 -5.44743 -173.438 -3.10145 -124.909
 -2.9599 -179.168 -3.12366 -133.432 -5.39522  -172.78 -3.15309 -124.629
-2.92784 -178.895 -3.02425 -133.059 -5.34827   -172.5 -3.18957 -124.344
-2.82237 -178.426 -2.93758 -132.796 -5.34292 -172.256 -3.23531 -124.061
-2.73984 -178.156  -2.8827 -132.439 -5.33146 -171.973 -3.29205 -123.774
-2.63634 -177.682 -2.83337 -132.167 -5.32067 -171.622 -3.33058 -123.484
-2.54791 -177.407 -2.80613 -131.796 -5.30428 -171.334 -3.33946 -123.196
-2.47836 -176.991 -2.77866 -131.509  -5.2934 -171.015 -3.34969 -122.943
-2.40664 -176.709 -2.79558 -131.236 -5.27892  -170.73 -3.35117 -122.664
-2.36963 -176.388 -2.79806 -130.948 -5.26146  -170.41 -3.33167 -122.321
 -2.3279 -176.096 -2.81595 -130.651 -5.23436 -170.126 -3.32512 -122.036
-2.36884 -175.643 -2.81449 -130.362 -5.20121 -169.797 -3.27159 -121.685
-2.40174 -175.351 -2.80731  -129.99 -5.15007 -169.512  -3.2275 -121.416
 -2.3973 -175.053 -2.78367 -129.704 -5.12376 -169.216 -3.16266 -121.077
-2.41498 -174.757 -2.76627 -129.418 -5.08645 -168.924 -3.09587 -120.811
-2.43387 -174.459 -2.74087 -129.125 -5.07498 -168.626  -3.0102 -120.466
 -2.4394 -174.168   -2.719 -128.827 -5.06894 -168.325 -2.92839 -120.193
-2.42053 -173.825 -2.70044 -128.523 -5.05075 -168.021 -2.83454  -119.84
-2.39179 -173.532 -2.69714 -128.225 -5.01992 -167.727 -2.75545 -119.565
-2.38679 -173.386 -2.66893 -127.914 -5.00618 -167.426 -2.67229 -119.222
-2.36032 -173.099 -2.65664 -127.623 -4.99692 -167.127 -2.60223 -118.947
-2.38964 -172.804 -2.63501 -127.311 -5.01501  -166.84  -2.5422 -118.612
-2.42272 -172.509 -2.58724 -127.046 -5.01872 -166.539 -2.49802 -118.342
-2.45487 -172.216 -2.54938 -126.736 -5.04496 -166.269 -2.43175 -118.001
-2.45004 -171.918 -2.52057  -126.44 -5.05379 -165.966 -2.39359 -117.723
-2.44071  -171.62 -2.48509  -126.13 -5.09769 -165.698 -2.35946 -117.405
-2.43384 -171.322 -2.50249 -125.808 -5.13597 -165.383 -2.33088 -117.118
 -2.4274 -171.019 -2.50086 -125.513 -5.19245 -165.127 -2.31933 -116.812
-2.45767 -170.458 -2.50421 -125.204 -5.25602 -164.806 -2.31081 -116.517
-2.48916 -170.157  -2.5198 -124.919 -5.32765 -164.573 -2.30933 -116.198
 -2.5338 -169.682 -2.56885 -124.591 -5.42134 -164.242 -2.32858 -115.891
-2.58042  -169.38   -2.611 -124.309 -5.50004  -164.01 -2.34566 -115.577
-2.64204 -169.023 -2.65285 -124.001 -5.57682 -163.683 -2.37421 -115.279
-2.70983 -168.723 -2.71179 -123.705   -5.681 -163.448 -2.40514 -114.973
-2.74892 -168.407 -2.77882 -123.365 -5.78659 -163.114 -2.42854 -114.668
-2.80435  -168.11 -2.86857 -123.087 -5.92842 -162.884 -2.44752 -114.363
-2.83865 -167.759 -2.97603  -122.73 -6.07582 -162.536  -2.4505 -114.071
-2.88053 -167.456 -3.08898 -122.451  -6.2178  -162.31  -2.4712 -113.763
 -2.9213 -167.092 -3.24445 -122.057 -6.37974 -161.945 -2.50364 -113.445
-2.96568 -166.788 -3.38391 -121.782 -6.54631 -161.707 -2.54451 -113.137
-2.99768 -166.471 -3.58149 -121.413 -6.71702 -161.331 -2.58059 -112.825
-3.00864 -166.169 -3.71685 -121.149 -6.90007 -161.099 -2.61283 -112.515
-3.06826 -165.819 -3.88586 -120.759 -7.07851 -160.728  -2.6467   -112.2
-3.10624 -165.493 -4.05528 -120.494 -7.24497 -160.482  -2.7119 -111.887
-3.17989 -165.168 -4.24364 -120.098  -7.4187 -160.093  -2.7623 -111.569
-3.21943  -164.85 -4.43038 -119.842 -7.56938 -159.833 -2.81158 -111.248
-3.23689  -164.53 -4.61469 -119.444 -7.73496 -159.445 -2.87271 -110.928
-3.24116 -164.209 -4.78836 -119.174 -7.88094 -159.169 -2.94224  -110.61
 -3.2305 -163.884 -4.96584 -118.784 -8.02482 -158.784 -3.00449 -110.288
 -3.2317 -163.568 -5.12876 -118.505 -8.16511 -158.525 -3.06368 -109.968
-3.18423 -163.156 -5.28919 -118.119 -8.28276 -158.149 -3.11401 -109.641
-3.14934 -162.836 -5.42057 -117.827 -8.39898 -157.862 -3.17324 -109.314
-3.13374 -162.455 -5.54126 -117.453 -8.51178 -157.482  -3.2318 -108.994
-3.10822 -162.142 -5.65122  -117.18 -8.62336 -157.207 -3.28867 -108.666
-3.09668 -161.736 -5.74515 -116.812 -8.69511 -156.851 -3.35826 -108.346
-3.07371  -161.42 -5.79736 -116.495 -8.76905 -156.561 -3.42509 -108.018
-3.05628 -161.027  -5.8417 -116.155  -8.8079 -156.216 -3.47832 -107.699
-3.02759 -160.703 -5.83591 -115.826 -8.85111 -155.918 -3.54807 -107.375
-3.01486 -160.297 -5.82604   -115.5 -8.85983 -155.586 -3.61285 -107.055
-2.98913 -159.981 -5.79753 -115.161 -8.85002  -155.28 -3.66521 -106.731
-2.96077 -159.607 -5.75713 -114.864 -8.82666 -154.953 -3.71162 -106.411
-2.91409 -159.288 -5.68625  -114.52 -8.79673 -154.632 -3.75601 -106.086
-2.89003 -158.938 -5.60763  -114.21 -8.75682 -154.313 -3.77421 -105.761
-2.84609 -158.624 -5.51051 -113.873 -8.71521 -153.992 -3.78621 -105.446
-2.77165 -158.212 -5.39491 -113.574  -8.6721 -153.684 -3.77494 -105.124
 -2.7072 -157.892 -5.26207  -113.19 -8.61879 -153.365 -3.79486 -104.978
-2.68203 -157.506 -5.12763 -112.908 -8.55412 -153.039 -3.78618 -104.654
-2.63854  -157.18 -4.97108 -112.504 -8.49848 -152.716 -3.77908 -104.266
-2.66875 -156.967 -4.79362 -112.221 -8.42098 -152.384 -3.75785 -103.943
-2.67125 -156.642 -4.61348 -111.824 -8.32018 -152.069  -3.7483 -103.645
 -2.6934 -156.499 -4.41264  -111.55 -8.24382 -151.738  -3.7277 -103.326
-2.69183 -156.177 -4.21652 -111.136 -8.15641 -151.421 -3.69674 -102.847
-2.72022 -156.124 -4.02016  -110.86 -8.05878 -151.109  -3.6544 -102.526
-2.72586 -155.802 -3.79896 -110.434 -7.98335  -150.79 -3.64559 -102.177
-2.71738 -155.493 -3.58731 -110.159 -7.92822 -150.472 -3.62638  -101.85
-2.69856 -155.171 -3.34715  -109.73 -7.86145 -150.146  -3.6197 -101.446
 -2.6684 -154.822 -3.10961 -109.465 -7.80495 -149.836 -3.60237 -101.121
-2.63673 -154.499 -2.89437 -109.047 -7.75989 -149.521 -3.55585 -100.795
-2.60512 -154.176 -2.68789 -108.777 -7.71682 -149.184 -3.53096 -100.472
-2.57022 -153.847 -2.46444 -108.344 -7.66957 -148.871 -3.51609 -100.149
-2.56306 -153.521 -2.27396 -108.064 -7.64796 -148.527 -3.50739 -99.8221
-2.55681 -153.195 -2.10474 -107.647 -7.64157 -148.227 -3.50313  -99.497
-2.55437 -152.869 -1.94926  -107.36 -7.63637 -147.879 -3.50442 -99.1689
-2.55392 -152.291  -1.7948 -106.957 -7.63494 -147.576 -3.51429 -98.8355
 -2.5652 -151.964 -1.67613 -106.663  -7.6522 -147.221 -3.53352 -98.5103
-2.56809 -151.499 -1.54202 -106.274 -7.67695 -146.931 -3.54195 -98.1836
-2.58619 -151.173 -1.45797 -105.975 -7.72634  -146.56 -3.56172 -97.8633
-2.58366 -150.612 -1.37288 -105.623 -7.81199 -146.292 -3.60743 -97.5022
-2.59778 -150.281 -1.33035 -105.313 -7.89734 -145.908 -3.65529 -97.1868
-2.54923 -149.709 -1.33287 -105.008 -8.02071 -145.644 -3.75042 -96.7886
-2.53106 -149.382 -1.34182 -104.689  -8.1505 -145.239 -3.83589 -96.4786
-2.52731 -149.054 -1.39619 -104.369 -8.29661  -144.98 -3.96011 -96.0685
-2.55111 -148.718 -1.45549 -104.029 -8.45937 -144.538 -4.09727  -95.752
-2.55992 -148.382 -1.56247  -103.73 -8.62822 -144.294 -4.27283 -95.2991
-2.58085 -148.055  -1.6628  -103.38  -8.7872 -143.874  -4.4531 -94.9746
-2.59313 -147.733 -1.80868 -103.092 -8.96576 -143.617 -4.50553 -94.6189
-2.63722 -147.408 -1.96248  -102.73 -9.16342 -143.188 -4.57373   -94.29
-2.68576 -147.073 -2.16239 -102.454 -9.37469 -142.951 -4.58511 -93.9527
-2.74616 -146.753 -2.36172 -102.062 -9.57388 -142.539 -4.61884 -93.6253
-2.79693 -146.415 -2.57586 -101.794 -9.80154 -142.334 -4.62363 -93.3085
-2.83999 -146.095 -2.78408 -101.392 -10.0213 -141.911 -4.64601 -92.9797
-2.90449 -145.755 -2.99042 -101.133  -10.269 -141.703 -4.67336 -92.6512
-2.99266 -145.454 -3.16982 -100.726 -10.4972 -141.274 -4.70703  -92.324
-3.03581 -145.123 -3.31911 -100.425 -10.7239 -141.044 -4.74403 -91.9964
-3.10211 -144.811 -3.43585 -100.036 -10.9357 -140.621 -4.78599 -91.6727
-3.16368 -144.483 -3.52015 -99.7215 -11.1574 -140.386 -4.82721 -91.3447
-3.22516 -144.153 -3.65725 -99.3291 -11.3443 -139.957 -4.86944 -91.0185
-3.27538 -143.819 -3.74953 -99.0149 -11.5323 -139.702 -4.91807 -90.6978
-3.32931 -143.494 -3.85623 -98.6721 -11.6736 -139.287 -4.91322 -90.4012
-3.38917 -143.172 -3.90713 -98.3511 -11.8236 -139.049 -4.93341 -90.0659
-3.45056 -142.847 -3.92792 -98.0756 -11.9222 -138.662  -4.9136 -89.7757
-3.49137 -142.525  -3.9324 -97.7669 -12.0272 -138.395 -4.91002  -89.435
-3.53108 -142.203 -3.85871 -97.4804 -12.0897 -138.032 -4.83723 -89.1763
-3.57801 -141.888 -3.80205 -97.1464 -12.1455 -137.754 -4.78593 -88.8303
-3.60529 -141.615 -3.65406 -96.9249 -12.1736 -137.415 -4.66632 -88.5976
-3.61325  -141.31 -3.51924  -96.576 -12.2014 -137.137 -4.55845 -88.2391
-3.51767 -141.107 -3.29832 -96.4308 -12.1754 -136.811  -4.4058 -88.0235
-3.39765  -140.78 -3.08859 -96.0635 -12.1601 -136.527 -4.26646 -87.6609
-3.30446  -140.58 -2.84501 -95.9204 -12.0946  -136.22 -4.05971 -87.4648
-3.18955 -140.253 -2.59463 -95.5609 -12.0121 -135.919 -3.86489 -87.0882
 -3.0921 -140.055 -2.30173 -95.4735 -11.9415 -135.624 -3.60699 -86.9168
-2.96803  -139.73  -1.9975 -95.1072 -11.8601 -135.328 -3.36283 -86.5303
-2.82775  -139.58 -1.67871 -95.0593 -11.7928 -135.039  -3.0685 -86.3776
-2.66311 -139.258 -1.35895 -94.6942  -11.712 -134.749 -2.77292 -85.9758
-2.55858 -139.072 -1.02001 -94.6543 -11.6034  -134.46 -2.44465 -85.8142
 -2.42013  -138.759 -0.659743  -94.2736  -11.5031  -134.167  -2.09836  -85.3712
 -2.36556   -138.49 -0.318996  -94.1769  -11.3783  -133.875  -1.76316  -85.2108
 -2.25992  -138.179 0.0503638  -93.7872  -11.2619  -133.583  -1.42642  -84.7945
-2.22442 -137.901 0.403927 -93.7128 -11.1216 -133.287 -1.06282 -84.6484
 -2.14445  -137.599  0.769487  -93.3233    -10.99  -133.002 -0.711612  -84.2284
 -2.08405  -137.347   1.08524  -93.2083  -10.8521  -132.705 -0.349668  -84.0821
-2.00314 -137.046  1.41392 -92.8168 -10.7277 -132.416  0.01008 -83.6608
-1.97254 -136.736  1.67229  -92.653 -10.5881 -132.119 0.378028 -83.5225
 -1.9296 -136.436  1.94159 -92.2648  -10.453 -131.829 0.732901 -83.0976
-1.89007 -136.131  2.16559 -92.0732 -10.3098 -131.528  1.06971 -82.9379
 -1.8551 -135.828  2.38342 -91.6892 -10.1779 -131.234  1.39397 -82.5204
-1.82198 -135.521   2.5702 -91.4569  -10.036 -130.933  1.67107 -82.3452
-1.77848 -135.212  2.74353 -91.0687 -9.90337 -130.634   1.9405 -81.9275
-1.74284 -134.898  2.87506 -90.8137  -9.7647 -130.326  2.13516 -81.7054
  -1.712 -134.589    2.998 -90.4364 -9.63741 -130.023  2.29425 -81.3247
-1.68646 -134.284  3.07121  -90.166 -9.51137 -129.714  2.39706 -81.0733
-1.68946 -133.964  3.10734 -89.8359   -9.399  -129.41  2.45633 -80.7332
-1.71663 -133.683  3.09167 -89.5305 -9.27922 -129.098  2.49202 -80.4596
-1.78282 -133.348  3.06256 -89.2154 -9.18218 -128.787  2.47645 -80.1332
-1.89535 -133.115  3.01197 -88.9041 -9.07985 -128.476  2.42916 -79.8263
-2.05376 -132.761  2.94115 -88.5911 -8.98202 -128.171  2.35409 -79.5119
-2.21872 -132.547  2.87192 -88.2786 -8.88477 -127.857    2.281 -79.2051
-2.45491 -132.174   2.7834 -87.9623 -8.80459 -127.547  2.19184 -78.8925
-2.70702  -132.03   2.7073 -87.6492 -8.72941 -127.232  2.09052 -78.5806
-3.01526 -131.638  2.61796 -87.3252 -8.66649 -126.919  1.99192 -78.2675
-3.28639 -131.463  2.55848 -87.0136 -8.60916 -126.606  1.86353  -77.953
-3.60676 -131.076   2.4667 -86.7009 -8.57279 -126.293  1.75988 -77.6416
-4.00581 -130.999    2.363 -86.3777 -8.55418 -125.979  1.65094 -77.3234
-4.41935 -130.591  2.24305  -86.065 -8.53573 -125.666  1.54195 -77.0094
-4.88366 -130.541  2.12255 -85.7463 -8.52377 -125.351  1.38127 -76.7171
-5.34943 -130.119  1.98914  -85.429 -8.51365 -125.038  1.22467 -76.4007
-5.81852  -130.04  1.87468 -85.1239 -8.51214 -124.726  1.02809 -76.1275
-6.27525 -129.639   1.7397 -84.8092 -8.51632 -124.462 0.840981 -75.8067
 -6.6737 -129.521  1.57515 -84.5243 -8.54326 -124.153 0.622161 -75.5267
-7.04303 -129.124  1.42044 -84.2282   -8.549 -124.021 0.433118 -75.2185
-7.37951 -128.997  1.26728 -83.9331 -8.57691 -123.722 0.255523 -74.9326
-7.69892 -128.619  1.10046 -83.6374 -8.56387 -123.468  0.10555 -74.6399
   -8.0106   -128.503   0.959041   -83.3525   -8.59149   -123.177 -0.0351784   -74.3512
 -8.27292  -128.168  0.790192  -83.0611  -8.58571  -122.913 -0.190565  -74.0546
 -8.45048  -127.958  0.627376  -82.7833  -8.57685  -122.627 -0.306304  -73.7633
 -8.57543  -127.642  0.477258  -82.4957  -8.46908  -122.963 -0.412698  -73.4873
 -8.67438  -127.398  0.345705  -82.2231  -8.34763  -122.676 -0.540806  -73.2065
 -8.72184  -127.109  0.221189  -81.9475  -8.21585   -122.75 -0.679071  -72.9342
 -8.77133  -126.876  0.101872  -81.6825  -8.07748  -122.479 -0.795454  -72.6656
   -8.76808    -126.604 0.000187637    -81.4149     -8.0607    -122.478   -0.899968    -72.3887
  -8.77952    -126.36 -0.0887896    -81.157   -8.01174   -122.216   -1.01863   -72.1361
 -8.71031  -126.112 -0.155143  -80.9006  -7.97902  -122.124  -1.12455  -71.8789
 -8.64829  -125.848 -0.207348  -80.6601  -7.89848  -121.869  -1.21881  -71.6288
 -8.55599  -125.601 -0.208577  -80.4086  -7.87821  -121.775   -1.2958  -71.3769
 -8.50081  -125.363 -0.166867  -80.7836  -7.81782  -121.528  -1.35988  -71.1302
  -8.42222   -125.131 -0.0924286   -80.5389   -7.83719   -121.327   -1.40882   -70.8846
  -8.31189   -124.849 -0.0881433   -80.4918   -7.80366   -121.085   -1.43943   -70.6424
  -8.18579   -124.628 -0.0340075   -80.2507   -7.77189   -120.841   -1.47545   -70.3977
  -8.08435   -124.385 -0.0407775   -80.1563    -7.6849   -120.615   -1.45798   -70.1693
   -8.01965    -124.157 -0.00957731    -79.9199    -7.59948    -120.358    -1.45398     -69.914
  -7.93374   -123.921 0.00509979   -79.6757   -7.46947   -120.141   -1.40968   -69.6857
-7.86567 -123.687 0.045067 -79.4407 -7.32971 -119.853 -1.35023 -69.3879
 -7.77894  -123.456 0.0612319  -79.1945  -7.17116  -119.639  -1.26999  -69.1621
  -7.7049  -123.221 0.0916308  -78.9568   -6.9793  -119.327  -1.15599  -68.8267
 -7.60609  -122.988 0.0920085  -78.6969   -6.7984  -119.117  -1.03474  -68.6014
  -7.5087  -122.755 0.0997923  -78.4585  -6.64287  -118.841 -0.977094  -68.3043
  -7.4172  -122.519  0.105459  -78.2227  -6.49573  -118.629 -0.913837  -68.0679
 -7.32568  -122.287  0.113162  -77.9865  -6.34556  -118.354 -0.898263  -67.8121
-7.21679 -122.048 0.139808 -77.7391 -6.21833 -118.138  -0.8879 -67.5709
 -7.12727  -121.808  0.140491  -77.4918  -6.09912  -117.872 -0.880703  -67.3219
 -7.02749  -121.564  0.182351  -77.2127  -6.02017  -117.634 -0.888808  -67.0765
 -6.93353  -121.331  0.166316  -76.9629  -5.97418   -117.39 -0.896267  -66.8295
  -6.8613  -121.084  0.165961  -76.7104  -5.95138  -117.143 -0.919616  -66.5798
 -6.78849  -120.844  0.131505  -76.4541  -5.90971  -116.899 -0.925579  -66.3219
 -6.73215  -120.598  0.128045  -76.2146  -5.88606  -116.649 -0.962156  -66.0677
 -6.70633  -120.348 0.0922462  -75.9566  -5.84899  -116.401 -0.991013  -65.8149
 -6.67447  -120.067 0.0777228  -75.6886  -5.81467  -116.146  -1.02907  -65.5559
 -6.67486  -119.811 0.0147542  -75.4289  -5.79469  -115.893  -1.08764  -65.3009
  -6.73965    -119.16 -0.0398633   -75.1683   -5.76862    -115.64   -1.16482   -65.0343
 -6.82257  -118.915 -0.131017  -74.8835  -5.74278  -115.386  -1.24043   -64.772
 -6.88455  -118.471 -0.251382  -74.6386  -5.74357  -115.128  -1.28836  -64.5178
 -6.94921   -118.22 -0.402424  -74.3149   -5.7731  -114.869  -1.34126  -64.2577
 -6.92948  -118.002 -0.595405  -74.0843  -5.78188    -114.6  -1.39143  -63.9966
 -6.94658  -117.756 -0.739418  -73.7752  -5.81664  -114.344  -1.44271  -63.7361
 -6.93536  -117.447 -0.931674  -73.5494  -5.86098  -114.082   -1.5017  -63.4833
-6.95274 -117.198 -1.07354 -73.2438 -5.91064 -113.836 -1.55741 -63.2285
-6.97437 -116.907 -1.25849 -73.0248 -5.94347  -113.58 -1.62247  -62.978
-7.02177  -116.66 -1.40372 -72.7345 -5.99749 -113.346 -1.68498 -62.7291
-7.05939 -116.359 -1.57287 -72.5122 -6.01933 -113.102 -1.76157 -62.4845
-7.11935 -116.118 -1.71148 -72.2281 -6.08098 -112.863 -1.82919 -62.2375
-7.15091 -115.876  -1.8857 -72.0158 -6.09733 -112.629 -1.90842 -61.9978
-7.18696 -115.648 -1.98724 -71.7668 -6.13005 -112.391 -1.96084 -61.7669
-7.10523 -115.503 -2.10508 -71.5577 -6.16973 -112.159 -2.03859  -61.532
-7.03367 -115.271 -2.15434  -71.332 -6.20167 -111.928 -2.09874 -61.3084
-6.89505 -115.203 -2.20583 -71.1086 -6.20836 -111.715 -2.18776 -61.0797
-6.78497 -114.972 -2.24499 -70.8894 -6.23185 -111.492  -2.2368 -60.8621
-6.70431  -114.84 -2.28646 -70.6754 -6.19883 -111.326 -2.29312 -60.6454
-6.61946 -114.632 -2.30265 -70.4711 -6.15492 -111.117 -2.32723  -60.438
-6.59901 -114.407 -2.29543 -70.2537 -6.07693 -111.065 -2.36307 -60.2926
-6.55756 -114.212 -2.23812 -70.1092 -5.98709 -110.869 -2.33775  -60.115
-6.59354 -114.057 -2.15835 -69.8977 -6.01187 -110.683 -2.40708 -59.9321
-6.58881 -113.866 -2.05429 -69.8419  -5.9993 -110.491  -2.4116 -59.7452
-6.62032 -113.771 -1.95058 -69.6269 -6.09058 -110.573 -2.51682 -59.6256
-6.61779 -113.586 -1.75881 -69.5725 -6.14373 -110.385 -2.56551 -59.4387
-6.62283 -113.472 -1.58218 -69.3548 -6.13714 -110.206 -2.58613 -59.2608
-6.59943  -113.29 -1.39127 -69.3126 -6.11182 -110.026 -2.58497 -59.0778
-6.56122 -113.088 -1.21999 -69.1172 -6.07575  -109.86 -2.49394 -59.0025
 -6.5159 -112.913 -1.08679 -69.0583 -6.03288 -109.688 -2.42071 -58.8199
 -6.47369  -112.744 -0.955295  -68.8807  -6.00413  -109.515  -2.31135  -58.7264
 -6.42099   -112.57 -0.860189  -68.7961   -5.9763  -109.348  -2.21022  -58.5505
-6.37991 -112.402 -0.77162 -68.6227 -5.95403  -109.18 -2.13527 -58.4273
 -6.32937  -112.234 -0.738641  -68.4664  -5.92149  -109.011  -2.06659  -58.2621
 -6.27574  -112.066 -0.699276   -68.294   -5.8764  -108.848  -2.03952  -58.1007
 -6.24301  -111.898 -0.680597  -68.1408  -5.84023  -108.684  -2.01831  -57.9396
 -6.1941  -111.74 -0.65936 -67.9704 -5.79173 -108.519 -2.00611 -57.7625
 -6.15284  -111.585 -0.652841  -67.8072  -5.74969   -108.36  -1.99387  -57.6003
 -6.12481  -111.414 -0.649381  -67.6387  -5.70904  -108.197  -1.98582  -57.4351
 -6.09632  -111.261 -0.690714  -67.4253   -5.6612  -108.128  -1.98691  -57.2703
 -6.09471  -111.058 -0.726995  -67.2609  -5.64258  -107.964    -1.962  -57.0895
 -6.08371  -110.897 -0.779095  -67.0343  -5.63208  -107.804  -1.96014  -56.9193
 -6.14669  -110.642 -0.828811  -66.8707  -5.64368  -107.633  -1.94117  -56.7321
 -6.21825  -110.492 -0.905173  -66.6108  -5.63366  -107.464  -1.94129  -56.5601
 -6.31787  -110.237 -0.972366  -66.4414    -5.615   -107.29  -1.95705   -56.394
 -6.41677  -110.088 -0.994262  -66.2413  -5.61184  -107.114  -1.99297  -56.2155
-6.55465  -109.81 -1.03871 -66.0642 -5.60651 -106.941 -2.01937 -56.0399
-6.69625 -109.667 -1.06579 -65.8748 -5.62247 -106.763 -2.04016 -55.8638
-6.87279 -109.373 -1.10887 -65.6978 -5.61465 -106.589 -2.05535 -55.6818
-7.04126 -109.229 -1.14531 -65.5053 -5.62282 -106.413 -2.08111  -55.505
-7.19374 -108.944 -1.19912 -65.3236 -5.65137 -106.254 -2.09767 -55.3252
-7.33335 -108.792 -1.22397  -65.142 -5.69822 -106.063 -2.10152 -55.1434
-7.41049 -108.558 -1.24991  -64.964 -5.76134  -105.91 -2.10865 -55.0072
-7.50334 -108.399 -1.27925 -64.7854 -5.84412 -105.709 -2.14275 -54.8314
-7.54137 -108.188 -1.31689 -64.6098  -5.9232 -105.563 -2.19338 -54.6535
-7.59001 -108.033 -1.35995 -64.4306 -6.01858 -105.365 -2.23015   -54.48
-7.59737 -107.841 -1.39683 -64.2525 -6.13127 -105.252 -2.26679 -54.3028
-7.63741 -107.683 -1.41553   -64.08 -6.22811 -105.055 -2.29825 -54.1339
-7.60871 -107.527 -1.44665  -63.914 -6.36826 -104.954 -2.35219 -53.9586
-7.61046 -107.363 -1.47432 -63.7493 -6.47206 -104.776 -2.38002 -53.7961
-7.55219 -107.231 -1.51593 -63.5852 -6.53065 -104.617 -2.43612 -53.6241
-7.51313 -107.062 -1.56314 -63.4215 -6.56677 -104.454 -2.46854 -53.4622
-7.44449 -106.968 -1.60816 -63.2633 -6.61148 -104.302 -2.49979  -53.307
-7.38336   -106.8 -1.65416 -63.1047 -6.59961  -104.15 -2.51059 -53.1575
 -7.2956 -106.707 -1.69258 -62.9537  -6.6294 -104.004 -2.64428  -53.164
-7.21475  -106.54 -1.73108 -62.8051 -6.62445 -103.855 -2.71911 -53.0068
-7.05734 -106.487 -1.76459 -62.6621 -6.62623 -103.718 -2.78663 -52.8722
-6.93012 -106.315  -1.8026  -62.526 -6.55498  -103.62   -2.805 -52.7468
-6.73104 -106.284  -1.8233 -62.3937  -6.5345 -103.483 -2.82406 -52.6041
   -6.56 -106.119 -1.84589 -62.2675 -6.43712 -103.397 -2.79212 -52.5034
-6.34945 -106.109 -1.85701 -62.1431  -6.3738 -103.254 -2.77753  -52.372
-6.16487 -105.964 -1.86808 -62.0378 -6.24023 -103.217  -2.6904 -52.3238
-5.96856 -105.974 -1.86352 -61.9197 -6.12809 -103.066   -2.613 -52.1859
-5.79767 -105.836 -1.82072 -62.0248 -5.95276 -103.039 -2.48876 -52.1576
-5.62656  -105.82 -1.76842 -61.9163 -5.79855 -102.888 -2.38627 -52.0274
-5.46453 -105.694 -1.76395 -61.8859  -5.5771 -102.886 -2.18639 -52.0759
-5.28755 -105.715  -1.7382 -61.7889 -5.38563 -102.733 -2.00647 -51.9495
-5.11619 -105.589 -1.72477 -61.9158 -5.15182 -102.734   -1.768 -52.0525
-4.93119 -105.606 -1.69159 -61.8278 -4.94364 -102.585 -1.55715 -51.9319
-4.75488  -105.49 -1.75934 -61.8478 -4.67921  -102.62 -1.34804 -52.0186
-4.58981 -105.514  -1.7962 -61.7622  -4.4493 -102.474  -1.1554 -51.9099
 -4.42743  -105.409  -1.87079  -61.7625  -4.17995  -102.503 -0.952597   -51.991
 -4.30947  -105.401  -1.92396  -61.6802  -3.94427  -102.362 -0.774735  -51.8816
 -4.19401  -105.315  -1.99342  -61.7462  -3.67928  -102.385 -0.580449  -51.9279
  -4.1354  -105.251  -2.03912  -61.6667  -3.44595  -102.246 -0.408871  -51.8196
 -4.05858  -105.168  -2.01976  -61.6053  -3.20004  -102.262 -0.235389  -51.8325
  -4.00919   -105.116   -2.00329   -61.5352     -2.982   -102.133 -0.0882073   -51.7259
 -3.96899  -105.045  -1.95251  -61.4679  -2.77077  -102.137 0.0585755  -51.7275
-3.94528 -104.962 -1.91056 -61.3963   -2.583 -102.012 0.186605 -51.6294
-3.92151  -104.89  -1.8787 -61.3246 -2.41312 -101.995 0.300654 -51.6064
-3.89807 -104.821 -1.85639 -61.2547 -2.26115 -101.883 0.387788 -51.5114
-3.88613 -104.754  -1.8259 -61.1808 -2.13828 -101.853 0.459087  -51.468
 -3.9089 -104.639 -1.80015 -61.1089 -2.02518 -101.754 0.510653 -51.3812
-3.92715 -104.569 -1.76857 -61.0336 -1.94476 -101.705  0.54021 -51.3169
-3.99716 -104.412 -1.74248 -60.9585 -1.87382 -101.614 0.548149 -51.2408
-4.06007 -104.352 -1.71584 -60.8788 -1.84607 -101.543 0.538195 -51.1581
 -4.1939 -104.157 -1.69986 -60.7984 -1.82137 -101.456 0.510823 -51.0872
-4.31008 -104.109 -1.69055 -60.7147 -1.83957 -101.358 0.455159 -50.9784
-4.49379 -103.915 -1.67763  -60.631 -1.87039 -101.287 0.370254 -50.9194
-4.64611 -103.879  -1.6634 -60.5445 -1.93392 -101.171 0.282292 -50.7952
-4.87471 -103.668 -1.66825 -60.4549 -2.00605 -101.105 0.170141 -50.7369
 -5.05966  -103.641  -1.64929   -60.354  -2.10686   -100.97 0.0454584  -50.5968
 -5.29842  -103.429  -1.65653  -60.2588  -2.22522  -100.914 -0.101516  -50.5492
 -5.48301  -103.396  -1.61337  -60.0299  -2.36143  -100.793 -0.259253  -50.3959
  -5.7104   -103.19  -1.60658  -59.9379  -2.47082  -100.732 -0.446338  -50.3518
-5.96507 -103.167 -1.59032 -59.7551 -2.59816 -100.593 -0.62988 -50.1876
 -6.18443  -102.952  -1.59895  -59.6613  -2.76468  -100.576 -0.834729  -50.1511
 -6.4237 -102.911 -1.62319 -59.5659 -2.91298 -100.436 -1.03115 -49.9826
-6.62078 -102.705 -1.63921 -59.4742 -3.10552 -100.414 -1.26199 -49.9485
-6.83154 -102.667 -1.67137 -59.3834 -3.26635 -100.277 -1.45519 -49.7887
-7.00382 -102.497 -1.70074 -59.2916 -3.46229  -100.25 -1.68132 -49.7568
-7.19993  -102.46 -1.73907 -59.2085 -3.62445 -100.117 -1.85218 -49.6124
-7.34518 -102.304 -1.77742 -59.1239 -3.81158 -100.101  -2.0609 -49.5812
-7.50882 -102.258 -1.81144 -59.0448 -3.96148 -99.9859 -2.21144 -49.4536
 -7.6123 -102.133 -1.86535 -58.9743 -4.11898 -99.9589 -2.39036 -49.4179
-7.74056 -102.083 -1.89524  -58.905 -4.23577  -99.855 -2.51645 -49.3065
-7.81018 -101.981 -1.93497 -58.8409  -4.3558  -99.818 -2.67842 -49.2671
-7.90048 -101.926 -1.96648  -58.777 -4.43064 -99.7405 -2.75365 -49.1907
-7.91555 -101.862 -2.01665 -58.7122 -4.47152 -99.6786 -2.86317 -49.1497
-7.93165 -101.802 -2.05498 -58.6544 -4.50537 -99.6196 -2.90473 -49.0998
-7.97119 -101.748 -2.09633 -58.6038 -4.53026 -99.5676 -2.97551 -49.0591
-7.99692   -101.7 -2.13663 -58.5536 -4.56323 -99.5147 -2.95558 -49.0437
-8.00924 -101.655 -2.17285 -58.5115 -4.58913 -99.4703 -2.96934 -48.9964
-8.03116 -101.613 -2.17833 -58.4756 -4.61397 -99.4285 -2.91678 -48.9971
-8.03192 -101.581 -2.30579 -58.6073 -4.63134 -99.3937  -2.8877 -48.9451
-8.13844 -101.727 -2.38219 -58.5747 -4.63753 -99.3612 -2.76508 -48.9817
-8.18348 -101.697 -2.41867 -58.5731 -4.64997 -99.3343 -2.65824  -48.923
-8.19631 -101.682 -2.42616 -58.5499 -4.65525 -99.3101 -2.47123 -49.0014
-8.17311 -101.663 -2.42981 -58.5286  -4.6431 -99.3008 -2.29582 -48.9313
-8.16628 -101.648 -2.40561 -58.5117   -4.647 -99.2775 -2.05579 -49.0399
-8.13241 -101.635 -2.40325 -58.4993 -4.61621 -99.2822 -1.83625 -48.9739
-8.11459  -101.63 -2.38741 -58.4901 -4.60105 -99.2667 -1.55171 -49.1123
 -8.0748 -101.619 -2.36177 -58.4836 -4.55065 -99.2777 -1.28946 -49.0429
 -8.01601  -101.638  -2.33941  -58.5558  -4.49575  -99.2546 -0.978496   -49.205
 -7.94442  -101.624   -2.2969  -58.5482   -4.4221   -99.266 -0.676687  -49.1307
 -7.86857  -101.665  -2.26832  -58.5428  -4.35154  -99.2459 -0.345326  -49.2816
 -7.77893  -101.653  -2.24457  -58.5413  -4.27437  -99.2695 -0.031465  -49.2022
-7.72763 -101.689   -2.221 -58.5371 -4.18712 -99.2381 0.286029 -49.3574
-7.66116 -101.684 -2.19842 -58.5341 -4.10039 -99.2569 0.587089 -49.2971
-7.63755 -101.688 -2.17817 -58.5295 -4.00508 -99.2273 0.874528  -49.435
-7.59635 -101.687 -2.16067 -58.5269 -3.91526 -99.2431  1.14491  -49.368
 -7.5604 -101.688 -2.13804 -58.5234  -3.8363 -99.2214  1.41392 -49.4833
-7.51088 -101.688 -2.10828 -58.5204 -3.76811 -99.2322   1.6565 -49.4248
-7.48321 -101.687 -2.07562 -58.5155 -3.71191 -99.2197  1.90903 -49.5022
 -7.4597 -101.687  -2.0448 -58.5131 -3.67036 -99.2217  2.14046 -49.4407
 -7.4355 -101.683 -2.01793 -58.5073 -3.63895  -99.221  2.35604 -49.5212
-7.41713 -101.678 -1.99318 -58.5029 -3.61585 -99.2156  2.52613   -49.47
-7.38444 -101.671 -1.97541 -58.4931 -3.59393 -99.2069  2.65765 -49.5107
-7.36559 -101.661 -1.94503  -58.484 -3.57448  -99.196  2.77621 -49.4679
-7.35305  -101.65 -1.93432 -58.4715 -3.55068 -99.1825  2.85648 -49.4812
-7.36101 -101.601 -1.90092 -58.4566 -3.52962 -99.1711  2.92772 -49.4508
-7.38394  -101.59 -1.87618  -58.442 -3.51533 -99.1557  2.95699 -49.4411
-7.41024 -101.546 -1.85647 -58.4286 -3.50295 -99.1415  2.96937 -49.4221
-7.45317 -101.528 -1.85224 -58.4094 -3.49734 -99.1248  2.94868 -49.3951
  -7.445 -101.522 -1.82543 -58.3588 -3.48777 -99.1076  2.91156 -49.3892
-7.45728   -101.5 -1.82785 -58.3394 -3.49053 -99.0888  2.84533  -49.354
-7.46641  -101.51 -1.82692 -58.2553 -3.48269 -99.0658  2.76335 -49.3589
-7.49338 -101.486 -1.84964 -58.2309 -3.50458 -99.0435  2.66738 -49.3114
-7.49714 -101.463 -1.85685 -58.2082 -3.52756 -99.0262  2.54428 -49.3357
-7.51744 -101.437 -1.87041 -58.1861 -3.56639 -99.0008  2.42166 -49.2836
-7.53509 -101.425 -1.89914 -58.1649 -3.59451 -98.9809  2.26432 -49.3172
-7.56278   -101.4 -1.93239 -58.1443  -3.6243 -98.9593  2.11524 -49.2545
-7.59245 -101.377  -1.9586 -58.1237 -3.64427 -98.9392  1.95229  -49.302
-7.61179 -101.357 -1.99295 -58.1008 -3.65837 -98.9198  1.80206 -49.2426
-7.63227 -101.334 -2.02413 -58.0795  -3.6733 -98.8986  1.64692 -49.2891
-7.65516 -101.311 -2.05475 -58.0585 -3.69826 -98.8777  1.49468 -49.2523
-7.67519 -101.292 -2.08353  -58.042 -3.71864 -98.8619  1.34859 -49.3032
 -7.7016 -101.277 -2.11072  -58.026 -3.74914 -98.8476  1.21648 -49.2738
-7.72791 -101.261 -2.13954 -58.0123 -3.77178 -98.8332  1.09718 -49.3132
-7.75117 -101.248 -2.16869  -57.995 -3.80186 -98.8199  1.00012 -49.2933
 -7.7796 -101.236 -2.18445 -57.9857 -3.82799 -98.8105 0.877322   -49.33
-7.80071 -101.224 -2.19937 -57.9696   -3.854 -98.8014 0.780944 -49.3063
-7.82276 -101.216 -2.20261 -57.9675 -3.87927 -98.7948 0.673285 -49.3398
-7.84559 -101.208 -2.20067 -57.9395 -3.89835 -98.7894  0.59683 -49.3228
-7.85339 -101.203  -2.1824 -57.9393 -3.91737 -98.7839 0.503799 -49.3462
-7.87806 -101.198  -2.1773 -57.9138 -3.92619 -98.7845 0.454572 -49.3398
-7.90118 -101.197 -2.15307 -57.9219 -3.93936 -98.7807 0.389345 -49.3597
-7.90999 -101.198 -2.13591 -57.8802 -3.92615  -98.799 0.366197  -49.352
-7.89855 -101.202 -2.10407 -57.8943 -3.92751 -98.7965 0.337876 -49.3713
-7.87639  -101.28 -2.07167 -57.8715 -3.88497 -98.8252 0.344648 -49.3866
-7.84933 -101.289 -2.02176 -57.8934 -3.85233 -98.8189   0.3474 -49.3911
-7.85616 -101.334 -1.96075 -57.8784 -3.77523 -98.8686 0.377501 -49.4155
-7.84799 -101.345 -1.89007 -57.9149 -3.70552 -98.8656 0.402736 -49.4161
-7.83355 -101.555 -1.79189 -57.8811 -3.60466 -98.9363 0.449686 -49.4372
-7.81178  -101.57 -1.69239 -57.9301 -3.51181 -98.9284 0.485446 -49.4348
-7.79863 -101.592 -1.57515 -57.8897  -3.3916 -99.0043 0.542623 -49.4624
-7.77231 -101.607 -1.45599 -57.9392 -3.28114 -98.9934 0.576148 -49.4698
-7.71691 -101.716   -1.328 -57.8926 -3.14829 -99.0818 0.631223 -49.5026
-7.66435 -101.734 -1.21004 -57.9465 -3.02727 -99.0724 0.685937 -49.4964
-7.63686  -101.77 -1.08305 -57.9147 -2.88759 -99.1618 0.747357 -49.5292
 -7.6056 -101.788 -0.96142   -57.97 -2.75872 -99.1532 0.815954 -49.5293
 -7.57474   -101.84 -0.834219  -57.9249  -2.61879  -99.2444  0.886021  -49.5655
 -7.54351  -101.859 -0.724486  -57.9676  -2.49235  -99.2428  0.965064  -49.5649
-7.50771 -101.894 -0.63533 -57.9617 -2.36239 -99.3147  1.04059  -49.604
 -7.47242  -101.913 -0.556403   -58.002  -2.24877  -99.3086   1.12251  -49.5963
  -7.4484  -101.944 -0.486616  -57.9945  -2.13196  -99.3729   1.19528   -49.637
  -7.4257  -101.967 -0.430476  -58.0273  -2.02933  -99.3725   1.27445  -49.6338
-7.39792 -101.992  -0.3768 -58.0288 -1.92943 -99.4265  1.33763 -49.6661
 -7.37558   -102.01 -0.345418  -58.0525  -1.84009  -99.4234   1.39425  -49.6759
 -7.36659   -102.03 -0.317129  -58.0689   -1.7664  -99.4674   1.43811  -49.7013
 -7.37416  -102.049 -0.320616   -58.083  -1.70207  -99.4664   1.48956  -49.7131
  -7.3792  -102.066 -0.217238  -58.0013   -1.6661  -99.4931   1.52307  -49.7424
 -7.37077  -102.087 -0.168309  -58.0189  -1.62845  -99.5011   1.54755  -49.7544
 -7.37306  -102.096 -0.144887  -58.0295  -1.61494  -99.5159   1.54966  -49.7667
 -7.37263  -102.112 -0.155731  -58.0357  -1.59547  -99.5207   1.53703  -49.7776
 -7.39295  -102.114 -0.105393  -58.0075  -1.60899  -99.5238   1.48852  -49.7279
  -7.40795   -102.121 -0.0982901    -58.015   -1.60373   -99.5275    1.43179   -49.7389
  -7.43475   -102.119 -0.0474029   -57.9916   -1.62846   -99.5217    1.33908   -49.6697
  -7.43429   -102.111 -0.0493897   -57.9956   -1.64888   -99.5336    1.25137   -49.6819
 -7.46529  -102.106 -0.016564  -57.9656  -1.69191  -99.5168   1.17314  -49.6417
  -7.47301   -102.105 -0.0218757   -57.9608   -1.73049   -99.5225     1.0948   -49.6506
  -7.52195   -102.085 -0.0258045   -57.9546   -1.79145   -99.4979    1.00555   -49.5927
  -7.54761   -102.079 -0.0389769   -57.9441   -1.84394   -99.5014   0.922858   -49.5921
  -7.59985   -102.057 -0.0470542   -57.9329   -1.91575   -99.4697   0.845768   -49.5545
   -7.6263   -102.048 -0.0664943    -57.921   -1.98788    -99.478   0.768727   -49.5493
  -7.65768   -102.028 -0.0783027   -57.9006   -2.07201   -99.4398   0.710759    -49.508
 -7.67517  -102.011 -0.103117  -57.8796  -2.15572  -99.4439  0.664028  -49.4954
 -7.67539  -101.995 -0.111327  -57.8575  -2.24244  -99.4058  0.617942   -49.462
 -7.66469  -101.964 -0.127929  -57.8419  -2.32982  -99.4074  0.574746  -49.4418
  -7.6731  -101.942 -0.132805  -57.8021  -2.40811  -99.3705  0.555001  -49.4236
 -7.67015  -101.916 -0.143972  -57.7842  -2.48379  -99.3674  0.536023  -49.4048
-7.67214 -101.902 -0.15124 -57.7593 -2.54446 -99.3335 0.513494  -49.383
-7.66734 -101.858 -0.16963 -57.7394 -2.60353 -99.3226 0.485516  -49.363
 -7.65938  -101.846 -0.199981    -57.72  -2.63847  -99.3008  0.455298  -49.3417
 -7.63915  -101.813 -0.220195  -57.7004  -2.65791  -99.2828  0.432531   -49.324
 -7.61482  -101.802 -0.233851  -57.6876  -2.66452  -99.2669  0.406431  -49.3056
 -7.58766  -101.764 -0.257159  -57.6674  -2.67049  -99.2495  0.389679  -49.2893
 -7.55695  -101.765 -0.256623  -57.6684  -2.65766  -99.2589  0.380549  -49.2739
 -7.51758  -101.731 -0.256102  -57.6526  -2.63627  -99.2393  0.358733  -49.2595
 -7.47124  -101.739 -0.211725  -57.6754  -2.56026   -99.335   0.35157  -49.2462
 -7.42034    -101.7 -0.176524  -57.6542  -2.49295  -99.3103  0.344771  -49.3269
  -7.35893   -101.715 -0.0935934   -57.7028    -2.3808   -99.3873   0.351106    -49.316
 -7.29788  -101.682 -0.018684  -57.6735   -2.2774  -99.3572  0.392057  -49.4655
-7.21422 -101.714 0.101789 -57.7612 -2.13488 -99.4423 0.445834 -49.4619
-7.13348  -101.68 0.208766 -57.7396  -2.0074 -99.4156 0.466856 -49.4884
-7.02689 -101.717 0.351398 -57.8286 -1.84362 -99.5178 0.503562 -49.4853
-6.92959 -101.683 0.477846 -57.8064 -1.68868  -99.493 0.621135 -49.6703
-6.81636 -101.727 0.629531 -57.8876  -1.5215 -99.6125  0.75651 -49.6792
-6.70572 -101.681 0.772045 -57.8635 -1.36343 -99.5957 0.852514  -49.795
 -6.5786 -101.729 0.939106 -57.9703 -1.20313 -99.7024 0.962831 -49.8141
-6.44948 -101.693  1.09714 -57.9503 -1.05284  -99.693 0.975901 -49.9354
-6.31399 -101.745  1.26317 -58.0465 -0.89135 -99.7837  1.01661 -49.9525
-6.17723 -101.713  1.41403 -58.0347 -0.73437 -99.7811  1.02093 -49.9914
 -6.04875  -101.765   1.56977  -58.1111 -0.594457  -99.8719   1.04274  -50.0105
-5.90479 -101.733   1.7143 -58.0993 -0.46595 -99.8784  1.06896 -50.0355
 -5.77526  -101.782   1.85306  -58.1733 -0.368336  -99.9466   1.10565  -50.0481
 -5.64384   -101.75   1.98314  -58.1792 -0.279903   -99.965   1.13448  -50.0735
-5.53324 -101.796   2.0697 -58.2264 -0.22403  -99.995  1.16065 -50.0999
 -5.41909  -101.779   2.14879  -58.2361 -0.186914  -100.014   1.19558  -50.1207
 -5.34026  -101.814   2.20958  -58.2636 -0.150213  -100.038   1.22298  -50.1439
 -5.25319  -101.804   2.26491  -58.2827 -0.127583  -100.056   1.26798  -50.1643
  -5.20795   -101.829    2.30288   -58.3002 -0.0937282   -100.083    1.31042   -50.1877
   -5.1505   -101.841    2.33638   -58.3158 -0.0784232   -100.101    1.34041   -50.2056
  -5.13791   -101.851    2.36385   -58.3299 -0.0478749   -100.114    1.36977   -50.2218
  -5.10024   -101.851    2.39159   -58.3407 -0.0294867   -100.124    1.39573    -50.232
  -5.12045   -101.851    2.39838   -58.3489 -0.0119282   -100.133    1.42047   -50.2432
  -5.08697   -101.851    2.41536   -58.3529 0.00637818   -100.139    1.44137   -50.2486
 -5.11947  -101.844   2.42189  -58.3542 0.0222061  -100.141   1.45659  -50.2523
-5.12031  -101.85  2.42597  -58.353 0.023595 -100.141  1.45637 -50.2523
  -5.16838    -101.83    2.43975   -58.3509 -0.0310015   -99.8664    1.38477   -49.9639
   -5.1797   -101.841     2.4415   -58.3458 -0.0902378   -99.8654     1.3054   -49.9566
 -5.23685  -101.814   2.38157  -58.1042 -0.141215   -99.815   1.28695  -49.9413
 -5.26603  -101.814   2.31979   -58.089 -0.194143  -99.8114    1.2479  -49.9272
 -5.34353  -101.776   2.30375  -58.0778 -0.267661  -99.7544   1.24283  -49.9126
 -5.39834  -101.777    2.2592  -58.0568 -0.349175  -99.7516   1.22162  -49.8952
 -5.48676  -101.727   2.23209  -58.0493 -0.437398  -99.6851   1.21249  -49.8769
 -5.55749  -101.731   2.20505  -58.0281 -0.525357  -99.6803   1.20291  -49.8597
 -5.66248  -101.675   2.20008  -58.0101 -0.615254  -99.6279   1.17924  -49.8384
 -5.75133  -101.679   2.18676  -57.9878 -0.707936  -99.6255   1.17467  -49.8182
 -5.86484  -101.618   2.16613  -57.9571 -0.800401  -99.5643   1.15684  -49.7983
 -5.95523  -101.626   2.14592  -57.9361 -0.887913  -99.5527   1.13972  -49.7776
 -6.06536  -101.565   2.11872  -57.9143 -0.945079  -99.5081   1.11627   -49.756
-6.15537 -101.568  2.11322 -57.8929 -1.00161 -99.4888  1.09246 -49.7354
-6.25339 -101.515  2.09289 -57.8453 -1.02806 -99.4649  1.06123 -49.7096
-6.33118 -101.503   2.0803 -57.8252 -1.03988 -99.4437  1.03508  -49.688
-6.39381 -101.461   2.0648 -57.8014 -1.05853 -99.4218  1.01114 -49.6688
-6.43667 -101.441  2.06014 -57.7823 -1.07764 -99.4021 0.998285 -49.6494
-6.44612 -101.423  2.04659   -57.74 -1.09908 -99.3829 0.967184 -49.6304
-6.44657 -101.406  2.05021  -57.725 -1.11758 -99.3667 0.948912 -49.6146
-6.44902 -101.296  2.01709 -57.8726 -1.11599 -99.3571 0.932403 -49.5994
-6.43695 -101.283  2.00465 -57.8605 -1.11652 -99.3371 0.936265 -49.5869
-6.42905 -101.274  1.99568 -57.8502 -1.07134 -99.3642 0.989534 -49.8501
-6.40866 -101.262    1.992 -57.8424 -1.03234 -99.3421  1.05804 -49.8463
 -6.35725  -101.313   1.98686  -57.8369 -0.943441  -99.4005   1.06394  -49.8453
 -6.29893  -101.301    1.9864  -57.8333 -0.857466   -99.378   1.09315   -49.845
 -6.23274  -101.356   2.02878  -58.0451 -0.728381  -99.4404   1.09213   -49.836
 -6.17122  -101.346   2.08748  -58.0424 -0.604829   -99.414   1.11372  -49.8373
 -6.07635  -101.436   2.12405  -58.0838 -0.448116  -99.4985   1.12237  -49.8457
 -5.98453  -101.434   2.17601  -58.0901 -0.298237  -99.4748   1.15261  -49.8551
  -5.8991  -101.493   2.20075  -58.1177 -0.125455  -99.5693   1.17186  -49.8632
 -5.82093  -101.496   2.24231  -58.1307 0.0399153  -99.5469   1.19528  -49.8731
-5.75484 -101.555   2.2585 -58.1387 0.221277 -99.6662  1.22372 -49.8884
-5.68934 -101.565  2.28345 -58.1558 0.389734 -99.6542  1.26746 -49.9014
