-2.00777e-05  4.59135e-41  4.59135e-41
-2.01734e-05  4.61431e-41  4.61431e-41
-2.02416e-05  4.63726e-41  4.63726e-41
-2.02547e-05  4.66021e-41  4.66021e-41
-2.01857e-05  4.68314e-41  4.68314e-41
-2.00078e-05  4.70606e-41  4.70606e-41
-1.96944e-05  4.72897e-41  4.72897e-41
-1.92192e-05  4.75185e-41  4.75185e-41
-1.85563e-05  4.77471e-41  4.77471e-41
-1.76798e-05  4.79754e-41  4.79754e-41
-1.65644e-05  4.82034e-41  4.82034e-41
-1.51848e-05  4.84311e-41  4.84311e-41
-1.35161e-05  4.86584e-41  4.86584e-41
-1.15337e-05  4.88852e-41  4.88852e-41
-9.21305e-06  4.91117e-41  4.91117e-41
-6.53018e-06  4.93377e-41  4.93377e-41
-3.46117e-06  4.95631e-41  4.95631e-41
1.75659e-08 4.97881e-41 4.97881e-41
3.92937e-06 5.00125e-41 5.00125e-41
8.29731e-06 5.02363e-41 5.02363e-41
1.31442e-05 5.04595e-41 5.04595e-41
1.84926e-05  5.0682e-41  5.0682e-41
2.43647e-05 5.09039e-41 5.09039e-41
3.07827e-05  5.1125e-41  5.1125e-41
3.77683e-05 5.13454e-41 5.13454e-41
 4.5343e-05 5.15651e-41 5.15651e-41
5.35281e-05 5.17839e-41 5.17839e-41
6.23445e-05 5.20019e-41 5.20019e-41
7.18131e-05 5.22191e-41 5.22191e-41
8.19544e-05 5.24354e-41 5.24354e-41
9.27885e-05 5.26509e-41 5.26509e-41
0.000104335 5.28653e-41 5.28653e-41
0.000116615 5.30789e-41 5.30789e-41
0.000129647 5.32914e-41 5.32914e-41
0.00014345 5.3503e-41 5.3503e-41
0.000158044 5.37135e-41 5.37135e-41
0.000173446  5.3923e-41  5.3923e-41
0.000189677 5.41314e-41 5.41314e-41
0.000206753 5.43386e-41 5.43386e-41
0.000224693 5.45448e-41 5.45448e-41
0.000243515 5.47498e-41 5.47498e-41
0.000263236 5.49536e-41 5.49536e-41
0.000283874 5.51563e-41 5.51563e-41
0.000305445 5.53577e-41 5.53577e-41
0.000327967 5.55579e-41 5.55579e-41
0.000351456 5.57568e-41 5.57568e-41
0.000375928 5.59544e-41 5.59544e-41
0.000401399 5.61507e-41 5.61507e-41
0.000427886 5.63457e-41 5.63457e-41
0.000455404 5.65393e-41 5.65393e-41
0.000483968 5.67315e-41 5.67315e-41
0.000513594 5.69224e-41 5.69224e-41
0.000544297 5.71119e-41 5.71119e-41
 0.00057609 5.72999e-41 5.72999e-41
0.000608989 5.74864e-41 5.74864e-41
0.000643008 5.76715e-41 5.76715e-41
0.000678161 5.78551e-41 5.78551e-41
0.000714462 5.80372e-41 5.80372e-41
0.000751924 5.82178e-41 5.82178e-41
0.000790561 5.83968e-41 5.83968e-41
0.000830386 5.85742e-41 5.85742e-41
0.000871411 5.87501e-41 5.87501e-41
0.000913649 5.89243e-41 5.89243e-41
0.000957114  5.9097e-41  5.9097e-41
0.00100182 5.9268e-41 5.9268e-41
 0.00104777 5.94373e-41 5.94373e-41
0.00109498 5.9605e-41 5.9605e-41
0.00114347 5.9771e-41 5.9771e-41
 0.00119324 5.99353e-41 5.99353e-41
 0.00124431 6.00978e-41 6.00978e-41
 0.00129669 6.02587e-41 6.02587e-41
 0.00135038 6.04178e-41 6.04178e-41
  0.0014054 6.05751e-41 6.05751e-41
 0.00146176 6.07307e-41 6.07307e-41
 0.00151947 6.08844e-41 6.08844e-41
 0.00157853 6.10364e-41 6.10364e-41
 0.00163897 6.11865e-41 6.11865e-41
 0.00170078 6.13348e-41 6.13348e-41
 0.00176398 6.14813e-41 6.14813e-41
 0.00182857 6.16259e-41 6.16259e-41
 0.00189457 6.17686e-41 6.17686e-41
 0.00196198 6.19094e-41 6.19094e-41
 0.00203081 6.20483e-41 6.20483e-41
 0.00210108 6.21854e-41 6.21854e-41
 0.00217278 6.23205e-41 6.23205e-41
 0.00224592 6.24536e-41 6.24536e-41
 0.00232052 6.25848e-41 6.25848e-41
 0.00239658 6.27141e-41 6.27141e-41
 0.00247411 6.28414e-41 6.28414e-41
 0.00255311 6.29667e-41 6.29667e-41
0.0026336 6.309e-41 6.309e-41
 0.00271557 6.32113e-41 6.32113e-41
 0.00279904 6.33307e-41 6.33307e-41
 0.00288401 6.34479e-41 6.34479e-41
 0.00297048 6.35632e-41 6.35632e-41
 0.00305847 6.36764e-41 6.36764e-41
 0.00314798 6.37876e-41 6.37876e-41
 0.00323901 6.38967e-41 6.38967e-41
 0.00333157 6.40038e-41 6.40038e-41
 0.00342567 6.41088e-41 6.41088e-41
  0.0035213 6.42117e-41 6.42117e-41
 0.00361848 6.43125e-41 6.43125e-41
 0.00371721 6.44112e-41 6.44112e-41
 0.00381749 6.45078e-41 6.45078e-41
 0.00391933 6.46023e-41 6.46023e-41
 0.00402273 6.46946e-41 6.46946e-41
 0.00412769 6.47849e-41 6.47849e-41
0.00423422 6.4873e-41 6.4873e-41
0.00434233 6.4959e-41 6.4959e-41
 0.00445201 6.50428e-41 6.50428e-41
 0.00456327 6.51245e-41 6.51245e-41
0.00467611 6.5204e-41 6.5204e-41
 0.00479053 6.52813e-41 6.52813e-41
 0.00490654 6.53565e-41 6.53565e-41
 0.00502414 6.54295e-41 6.54295e-41
 0.00514333 6.55003e-41 6.55003e-41
0.00526411 6.5569e-41 6.5569e-41
 0.00538649 6.56354e-41 6.56354e-41
 0.00551047 6.56997e-41 6.56997e-41
 0.00563604 6.57618e-41 6.57618e-41
 0.00576322 6.58217e-41 6.58217e-41
 0.00589199 6.58793e-41 6.58793e-41
 0.00602237 6.59348e-41 6.59348e-41
0.00615435 6.5988e-41 6.5988e-41
 0.00628793 6.60391e-41 6.60391e-41
 0.00642312 6.60879e-41 6.60879e-41
 0.00655991 6.61345e-41 6.61345e-41
 0.00669831 6.61789e-41 6.61789e-41
0.00683831 6.6221e-41 6.6221e-41
 0.00697991 6.62609e-41 6.62609e-41
 0.00712312 6.62986e-41 6.62986e-41
 0.00726794 6.63341e-41 6.63341e-41
 0.00741436 6.63674e-41 6.63674e-41
 0.00756238 6.63984e-41 6.63984e-41
   0.007712 6.64271e-41 6.64271e-41
 0.00786322 6.64537e-41 6.64537e-41
0.00801604 6.6478e-41 6.6478e-41
 0.00817046 6.65001e-41 6.65001e-41
 0.00832648 6.65199e-41 6.65199e-41
 0.00848409 6.65375e-41 6.65375e-41
 0.00864329 6.65528e-41 6.65528e-41
0.00880409 6.6566e-41 6.6566e-41
 0.00896647 6.65769e-41 6.65769e-41
 0.00913044 6.65855e-41 6.65855e-41
   0.009296 6.65919e-41 6.65919e-41
 0.00946313 6.65961e-41 6.65961e-41
 0.00963185 6.65981e-41 6.65981e-41
 0.00980214 6.65978e-41 6.65978e-41
 0.00997401 6.65953e-41 6.65953e-41
  0.0101474 6.65906e-41 6.65906e-41
  0.0103224 6.65836e-41 6.65836e-41
   0.010499 6.65744e-41 6.65744e-41
 0.0106771 6.6563e-41 6.6563e-41
  0.0108568 6.65494e-41 6.65494e-41
  0.0110381 6.65336e-41 6.65336e-41
  0.0112208 6.65155e-41 6.65155e-41
  0.0114052 6.64952e-41 6.64952e-41
   0.011591 6.64728e-41 6.64728e-41
  0.0117784 6.64481e-41 6.64481e-41
  0.0119674 6.64212e-41 6.64212e-41
  0.0121578 6.63921e-41 6.63921e-41
  0.0123498 6.63608e-41 6.63608e-41
  0.0125433 6.63274e-41 6.63274e-41
  0.0127383 6.62917e-41 6.62917e-41
  0.0129348 6.62539e-41 6.62539e-41
  0.0131329 6.62139e-41 6.62139e-41
  0.0133324 6.61717e-41 6.61717e-41
  0.0135334 6.61273e-41 6.61273e-41
  0.0137359 6.60808e-41 6.60808e-41
  0.0139399 6.60321e-41 6.60321e-41
  0.0141453 6.59813e-41 6.59813e-41
  0.0143522 6.59283e-41 6.59283e-41
  0.0145606 6.58732e-41 6.58732e-41
  0.0147704 6.58159e-41 6.58159e-41
  0.0149817 6.57565e-41 6.57565e-41
 0.0151944 6.5695e-41 6.5695e-41
  0.0154086 6.56313e-41 6.56313e-41
  0.0156242 6.55656e-41 6.55656e-41
  0.0158412 6.54977e-41 6.54977e-41
  0.0160596 6.54277e-41 6.54277e-41
  0.0162794 6.53556e-41 6.53556e-41
  0.0165007 6.52815e-41 6.52815e-41
  0.0167233 6.52052e-41 6.52052e-41
  0.0169473 6.51269e-41 6.51269e-41
  0.0171727 6.50465e-41 6.50465e-41
  0.0173994 6.49641e-41 6.49641e-41
  0.0176276 6.48796e-41 6.48796e-41
  0.017857 6.4793e-41 6.4793e-41
  0.0180879 6.47044e-41 6.47044e-41
    0.01832 6.46138e-41 6.46138e-41
  0.0185535 6.45212e-41 6.45212e-41
  0.0187884 6.44265e-41 6.44265e-41
  0.0190245 6.43299e-41 6.43299e-41
  0.0192619 6.42312e-41 6.42312e-41
  0.0195007 6.41306e-41 6.41306e-41
  0.0197407 6.40279e-41 6.40279e-41
   0.019982 6.39233e-41 6.39233e-41
  0.0202246 6.38168e-41 6.38168e-41
  0.0204684 6.37083e-41 6.37083e-41
  0.0207135 6.35978e-41 6.35978e-41
  0.0209599 6.34854e-41 6.34854e-41
  0.0212075 6.33711e-41 6.33711e-41
  0.0214563 6.32548e-41 6.32548e-41
  0.0217063 6.31367e-41 6.31367e-41
  0.0219575 6.30166e-41 6.30166e-41
    0.02221 6.28947e-41 6.28947e-41
  0.0224636 6.27708e-41 6.27708e-41
  0.0227184 6.26452e-41 6.26452e-41
  0.0229743 6.25176e-41 6.25176e-41
  0.0232314 6.23882e-41 6.23882e-41
 0.0234897 6.2257e-41 6.2257e-41
  0.0237491 6.21239e-41 6.21239e-41
 0.0240097 6.1989e-41 6.1989e-41
  0.0242713 6.18523e-41 6.18523e-41
  0.0245341 6.17139e-41 6.17139e-41
  0.0247979 6.15736e-41 6.15736e-41
  0.0250629 6.14315e-41 6.14315e-41
  0.0253289 6.12877e-41 6.12877e-41
   0.025596 6.11422e-41 6.11422e-41
  0.0258641 6.09949e-41 6.09949e-41
  0.0261333 6.08458e-41 6.08458e-41
  0.0264035 6.06951e-41 6.06951e-41
  0.0266747 6.05426e-41 6.05426e-41
   0.026947 6.03885e-41 6.03885e-41
  0.0272202 6.02327e-41 6.02327e-41
  0.0274945 6.00752e-41 6.00752e-41
 0.0277697 5.9916e-41 5.9916e-41
  0.0280459 5.97552e-41 5.97552e-41
   0.028323 5.95928e-41 5.95928e-41
  0.0286011 5.94287e-41 5.94287e-41
 0.0288801 5.9263e-41 5.9263e-41
    0.02916 5.90958e-41 5.90958e-41
  0.0294409 5.89269e-41 5.89269e-41
  0.0297226 5.87565e-41 5.87565e-41
  0.0300052 5.85845e-41 5.85845e-41
  0.0302887 5.84109e-41 5.84109e-41
  0.0305731 5.82359e-41 5.82359e-41
  0.0308583 5.80593e-41 5.80593e-41
  0.0311443 5.78812e-41 5.78812e-41
  0.0314312 5.77016e-41 5.77016e-41
  0.0317188 5.75205e-41 5.75205e-41
  0.0320073 5.73379e-41 5.73379e-41
  0.0322966 5.71539e-41 5.71539e-41
  0.0325866 5.69685e-41 5.69685e-41
  0.0328774 5.67816e-41 5.67816e-41
   0.033169 5.65933e-41 5.65933e-41
  0.0334613 5.64036e-41 5.64036e-41
  0.0337543 5.62125e-41 5.62125e-41
   0.034048 5.60201e-41 5.60201e-41
  0.0343425 5.58263e-41 5.58263e-41
  0.0346376 5.56311e-41 5.56311e-41
  0.0349334 5.54346e-41 5.54346e-41
  0.0352299 5.52368e-41 5.52368e-41
   0.035527 5.50377e-41 5.50377e-41
  0.0358247 5.48372e-41 5.48372e-41
  0.0361231 5.46356e-41 5.46356e-41
  0.0364221 5.44326e-41 5.44326e-41
  0.0367217 5.42284e-41 5.42284e-41
 0.0370219 5.4023e-41 5.4023e-41
  0.0373226 5.38163e-41 5.38163e-41
  0.0376239 5.36085e-41 5.36085e-41
  0.0379258 5.33994e-41 5.33994e-41
  0.0382281 5.31892e-41 5.31892e-41
   0.038531 5.29778e-41 5.29778e-41
  0.0388345 5.27653e-41 5.27653e-41
  0.0391384 5.25516e-41 5.25516e-41
  0.0394427 5.23368e-41 5.23368e-41
 0.0397476 5.2121e-41 5.2121e-41
 0.0400529 5.1904e-41 5.1904e-41
 0.0403586 5.1686e-41 5.1686e-41
  0.0406648 5.14669e-41 5.14669e-41
  0.0409714 5.12467e-41 5.12467e-41
  0.0412784 5.10256e-41 5.10256e-41
  0.0415857 5.08034e-41 5.08034e-41
  0.0418935 5.05802e-41 5.05802e-41
  0.0422016 5.03561e-41 5.03561e-41
   0.04251 5.0131e-41 5.0131e-41
  0.0428188 4.99049e-41 4.99049e-41
  0.0431279 4.96779e-41 4.96779e-41
0.0434373 4.945e-41 4.945e-41
   0.043747 4.92211e-41 4.92211e-41
  0.0440569 4.89914e-41 4.89914e-41
  0.0443672 4.87608e-41 4.87608e-41
  0.0446776 4.85294e-41 4.85294e-41
  0.0449884 4.82971e-41 4.82971e-41
 0.0452993 4.8064e-41 4.8064e-41
  0.0456104 4.78301e-41 4.78301e-41
  0.0459218 4.75953e-41 4.75953e-41
  0.0462333 4.73598e-41 4.73598e-41
   0.046545 4.71236e-41 4.71236e-41
  0.0468568 4.68866e-41 4.68866e-41
  0.0471688 4.66488e-41 4.66488e-41
  0.0474809 4.64103e-41 4.64103e-41
  0.0477931 4.61712e-41 4.61712e-41
  0.0481054 4.59313e-41 4.59313e-41
  0.0484178 4.56908e-41 4.56908e-41
  0.0487303 4.54496e-41 4.54496e-41
  0.0490428 4.52078e-41 4.52078e-41
  0.0493554 4.49654e-41 4.49654e-41
  0.0496679 4.47224e-41 4.47224e-41
  0.0499805 4.44787e-41 4.44787e-41
  0.0502932 4.42345e-41 4.42345e-41
  0.0506057 4.39898e-41 4.39898e-41
  0.0509183 4.37445e-41 4.37445e-41
  0.0512308 4.34987e-41 4.34987e-41
  0.0515433 4.32523e-41 4.32523e-41
  0.0518557 4.30055e-41 4.30055e-41
   0.052168 4.27582e-41 4.27582e-41
  0.0524802 4.25104e-41 4.25104e-41
  0.0527923 4.22622e-41 4.22622e-41
  0.0531043 4.20136e-41 4.20136e-41
  0.0534162 4.17645e-41 4.17645e-41
 0.0537278 4.1515e-41 4.1515e-41
  0.0540394 4.12652e-41 4.12652e-41
 0.0543507 4.1015e-41 4.1015e-41
  0.0546619 4.07644e-41 4.07644e-41
  0.0549728 4.05135e-41 4.05135e-41
  0.0552835 4.02623e-41 4.02623e-41
   0.055594 4.00108e-41 4.00108e-41
 0.0559043 3.9759e-41 3.9759e-41
 0.0562142 3.9507e-41 3.9507e-41
  0.0565239 3.92546e-41 3.92546e-41
  0.0568333 3.90021e-41 3.90021e-41
  0.0571424 3.87493e-41 3.87493e-41
  0.0574512 3.84963e-41 3.84963e-41
  0.0577597 3.82431e-41 3.82431e-41
  0.0580678 3.79898e-41 3.79898e-41
  0.0583755 3.77363e-41 3.77363e-41
  0.0586829 3.74826e-41 3.74826e-41
  0.0589899 3.72289e-41 3.72289e-41
 0.0592965 3.6975e-41 3.6975e-41
 0.0596027 3.6721e-41 3.6721e-41
  0.0599085 3.64669e-41 3.64669e-41
  0.0602138 3.62128e-41 3.62128e-41
  0.0605186 3.59586e-41 3.59586e-41
   0.060823 3.57044e-41 3.57044e-41
   0.061127 3.54502e-41 3.54502e-41
 0.0614304 3.5196e-41 3.5196e-41
  0.0617333 3.49418e-41 3.49418e-41
  0.0620357 3.46876e-41 3.46876e-41
  0.0623376 3.44335e-41 3.44335e-41
  0.0626389 3.41794e-41 3.41794e-41
  0.0629397 3.39254e-41 3.39254e-41
  0.0632399 3.36715e-41 3.36715e-41
  0.0635395 3.34178e-41 3.34178e-41
  0.0638385 3.31641e-41 3.31641e-41
  0.0641369 3.29106e-41 3.29106e-41
  0.0644347 3.26572e-41 3.26572e-41
 0.0647318 3.2404e-41 3.2404e-41
 0.0650283 3.2151e-41 3.2151e-41
  0.0653241 3.18982e-41 3.18982e-41
  0.0656193 3.16457e-41 3.16457e-41
  0.0659137 3.13933e-41 3.13933e-41
  0.0662075 3.11412e-41 3.11412e-41
  0.0665005 3.08894e-41 3.08894e-41
  0.0667929 3.06378e-41 3.06378e-41
  0.0670844 3.03865e-41 3.03865e-41
  0.0673753 3.01356e-41 3.01356e-41
  0.0676653 2.98849e-41 2.98849e-41
  0.0679546 2.96346e-41 2.96346e-41
  0.0682431 2.93847e-41 2.93847e-41
  0.0685309 2.91351e-41 2.91351e-41
  0.0688178 2.88859e-41 2.88859e-41
  0.0691038 2.86371e-41 2.86371e-41
  0.0693891 2.83887e-41 2.83887e-41
  0.0696734 2.81407e-41 2.81407e-41
   0.069957 2.78932e-41 2.78932e-41
  0.0702396 2.76461e-41 2.76461e-41
  0.0705214 2.73995e-41 2.73995e-41
  0.0708023 2.71534e-41 2.71534e-41
  0.0710822 2.69078e-41 2.69078e-41
  0.0713613 2.66627e-41 2.66627e-41
  0.0716394 2.64181e-41 2.64181e-41
  0.0719165 2.61741e-41 2.61741e-41
  0.0721928 2.59306e-41 2.59306e-41
   0.072468 2.56877e-41 2.56877e-41
  0.0727423 2.54453e-41 2.54453e-41
  0.0730156 2.52036e-41 2.52036e-41
  0.0732879 2.49625e-41 2.49625e-41
 0.0735591 2.4722e-41 2.4722e-41
  0.0738294 2.44821e-41 2.44821e-41
  0.0740986 2.42429e-41 2.42429e-41
  0.0743668 2.40043e-41 2.40043e-41
  0.0746339 2.37665e-41 2.37665e-41
     0.0749 2.35293e-41 2.35293e-41
   0.075165 2.32928e-41 2.32928e-41
  0.0754289 2.30571e-41 2.30571e-41
 0.0756917 2.2822e-41 2.2822e-41
  0.0759534 2.25878e-41 2.25878e-41
  0.0762139 2.23543e-41 2.23543e-41
  0.0764734 2.21215e-41 2.21215e-41
  0.0767317 2.18895e-41 2.18895e-41
  0.0769889 2.16584e-41 2.16584e-41
 0.0772449 2.1428e-41 2.1428e-41
  0.0774997 2.11985e-41 2.11985e-41
  0.0777534 2.09698e-41 2.09698e-41
  0.0780058 2.07419e-41 2.07419e-41
  0.0782571 2.05149e-41 2.05149e-41
  0.0785072 2.02888e-41 2.02888e-41
   0.078756 2.00635e-41 2.00635e-41
  0.0790037 1.98392e-41 1.98392e-41
  0.0792501 1.96157e-41 1.96157e-41
  0.0794952 1.93932e-41 1.93932e-41
  0.0797391 1.91716e-41 1.91716e-41
 0.0799817 1.8951e-41 1.8951e-41
  0.0802231 1.87313e-41 1.87313e-41
  0.0804632 1.85125e-41 1.85125e-41
   0.080702 1.82948e-41 1.82948e-41
 0.0809395 1.8078e-41 1.8078e-41
  0.0811757 1.78622e-41 1.78622e-41
  0.0814105 1.76475e-41 1.76475e-41
  0.0816441 1.74337e-41 1.74337e-41
 0.0818763 1.7221e-41 1.7221e-41
  0.0821072 1.70094e-41 1.70094e-41
  0.0823367 1.67988e-41 1.67988e-41
  0.0825649 1.65892e-41 1.65892e-41
  0.0827917 1.63807e-41 1.63807e-41
  0.0830172 1.61734e-41 1.61734e-41
  0.0832412 1.59671e-41 1.59671e-41
  0.0834639 1.57619e-41 1.57619e-41
  0.0836852 1.55578e-41 1.55578e-41
  0.0839051 1.53549e-41 1.53549e-41
 0.0841236 1.5153e-41 1.5153e-41
  0.0843406 1.49524e-41 1.49524e-41
  0.0845563 1.47529e-41 1.47529e-41
  0.0847705 1.45545e-41 1.45545e-41
  0.0849833 1.43573e-41 1.43573e-41
  0.0851946 1.41613e-41 1.41613e-41
  0.0854045 1.39665e-41 1.39665e-41
  0.0856129 1.37729e-41 1.37729e-41
  0.0858199 1.35805e-41 1.35805e-41
  0.0860254 1.33893e-41 1.33893e-41
  0.0862294 1.31994e-41 1.31994e-41
   0.086432 1.30107e-41 1.30107e-41
  0.0866331 1.28232e-41 1.28232e-41
 0.0868327 1.2637e-41 1.2637e-41
 0.0870307 1.2452e-41 1.2452e-41
  0.0872273 1.22683e-41 1.22683e-41
  0.0874224 1.20858e-41 1.20858e-41
   0.087616 1.19047e-41 1.19047e-41
   0.087808 1.17248e-41 1.17248e-41
  0.0879985 1.15463e-41 1.15463e-41
 0.0881875 1.1369e-41 1.1369e-41
   0.088375 1.11931e-41 1.11931e-41
  0.0885609 1.10185e-41 1.10185e-41
  0.0887453 1.08452e-41 1.08452e-41
  0.0889282 1.06732e-41 1.06732e-41
  0.0891095 1.05026e-41 1.05026e-41
  0.0892892 1.03333e-41 1.03333e-41
  0.0894674 1.01653e-41 1.01653e-41
  0.0896441 9.99875e-42 9.99875e-42
  0.0898191 9.83353e-42 9.83353e-42
  0.0899926 9.66969e-42 9.66969e-42
  0.0901646 9.50721e-42 9.50721e-42
  0.0903349 9.34612e-42 9.34612e-42
  0.0905037 9.18641e-42 9.18641e-42
 0.0906709 9.0281e-42 9.0281e-42
  0.0908366 8.87118e-42 8.87118e-42
  0.0910006 8.71566e-42 8.71566e-42
  0.0911631 8.56154e-42 8.56154e-42
  0.0913239 8.40884e-42 8.40884e-42
  0.0914832 8.25755e-42 8.25755e-42
  0.0916409 8.10768e-42 8.10768e-42
   0.091797 7.95923e-42 7.95923e-42
  0.0919515 7.81221e-42 7.81221e-42
  0.0921044 7.66662e-42 7.66662e-42
  0.0922557 7.52246e-42 7.52246e-42
  0.0924054 7.37974e-42 7.37974e-42
  0.0925535 7.23847e-42 7.23847e-42
  0.0926999 7.09863e-42 7.09863e-42
  0.0928448 6.96025e-42 6.96025e-42
  0.0929881 6.82332e-42 6.82332e-42
  0.0931298 6.68783e-42 6.68783e-42
  0.0932699 6.55381e-42 6.55381e-42
  0.0934084 6.42124e-42 6.42124e-42
  0.0935452 6.29013e-42 6.29013e-42
  0.0936805 6.16048e-42 6.16048e-42
 0.0938142 6.0323e-42 6.0323e-42
  0.0939462 5.90558e-42 5.90558e-42
  0.0940767 5.78033e-42 5.78033e-42
  0.0942055 5.65655e-42 5.65655e-42
  0.0943328 5.53424e-42 5.53424e-42
  0.0944584 5.41339e-42 5.41339e-42
  0.0945825 5.29402e-42 5.29402e-42
   0.094705 5.17612e-42 5.17612e-42
  0.0948258 5.05969e-42 5.05969e-42
  0.0949451 4.94473e-42 4.94473e-42
  0.0950628 4.83125e-42 4.83125e-42
  0.0951789 4.71923e-42 4.71923e-42
  0.0952934 4.60869e-42 4.60869e-42
  0.0954063 4.49962e-42 4.49962e-42
  0.0955176 4.39202e-42 4.39202e-42
  0.0956274 4.28589e-42 4.28589e-42
  0.0957356 4.18123e-42 4.18123e-42
  0.0958422 4.07803e-42 4.07803e-42
 0.0959472 3.9763e-42 3.9763e-42
  0.0960507 3.87604e-42 3.87604e-42
  0.0961526 3.77723e-42 3.77723e-42
   0.096253 3.67989e-42 3.67989e-42
0.0963518 3.584e-42 3.584e-42
  0.0964491 3.48957e-42 3.48957e-42
  0.0965448 3.39659e-42 3.39659e-42
   0.096639 3.30506e-42 3.30506e-42
  0.0967316 3.21498e-42 3.21498e-42
  0.0968228 3.12634e-42 3.12634e-42
  0.0969124 3.03914e-42 3.03914e-42
  0.0970004 2.95338e-42 2.95338e-42
   0.097087 2.86905e-42 2.86905e-42
   0.097172 2.78614e-42 2.78614e-42
  0.0972556 2.70466e-42 2.70466e-42
 0.0973377 2.6246e-42 2.6246e-42
  0.0974182 2.54596e-42 2.54596e-42
  0.0974973 2.46872e-42 2.46872e-42
  0.0975749 2.39289e-42 2.39289e-42
  0.0976511 2.31846e-42 2.31846e-42
  0.0977258 2.24543e-42 2.24543e-42
   0.097799 2.17378e-42 2.17378e-42
  0.0978708 2.10351e-42 2.10351e-42
  0.0979412 2.03462e-42 2.03462e-42
  0.0980101 1.96709e-42 1.96709e-42
  0.0980776 1.90093e-42 1.90093e-42
  0.0981437 1.83613e-42 1.83613e-42
  0.0982084 1.77268e-42 1.77268e-42
  0.0982717 1.71056e-42 1.71056e-42
  0.0983336 1.64978e-42 1.64978e-42
  0.0983941 1.59033e-42 1.59033e-42
  0.0984532 1.53219e-42 1.53219e-42
   0.098511 1.47537e-42 1.47537e-42
  0.0985675 1.41984e-42 1.41984e-42
  0.0986226 1.36561e-42 1.36561e-42
  0.0986764 1.31267e-42 1.31267e-42
  0.0987289 1.26099e-42 1.26099e-42
    0.09878 1.21059e-42 1.21059e-42
  0.0988299 1.16144e-42 1.16144e-42
  0.0988785 1.11353e-42 1.11353e-42
  0.0989258 1.06686e-42 1.06686e-42
  0.0989718 1.02142e-42 1.02142e-42
  0.0990166 9.77195e-43 9.77195e-43
  0.0990602 9.34172e-43 9.34172e-43
  0.0991025 8.92343e-43 8.92343e-43
  0.0991436 8.51696e-43 8.51696e-43
 0.0991835 8.1222e-43 8.1222e-43
  0.0992223 7.73903e-43 7.73903e-43
  0.0992598 7.36733e-43 7.36733e-43
  0.0992962 7.00698e-43 7.00698e-43
  0.0993315 6.65785e-43 6.65785e-43
  0.0993656 6.31982e-43 6.31982e-43
  0.0993986 5.99276e-43 5.99276e-43
  0.0994305 5.67653e-43 5.67653e-43
0.0994613 5.371e-43 5.371e-43
   0.099491 5.07604e-43 5.07604e-43
 0.0995197 4.7915e-43 4.7915e-43
  0.0995473 4.51725e-43 4.51725e-43
  0.0995739 4.25313e-43 4.25313e-43
0.0995994 3.999e-43 3.999e-43
   0.099624 3.75471e-43 3.75471e-43
  0.0996476 3.52011e-43 3.52011e-43
  0.0996702 3.29504e-43 3.29504e-43
  0.0996919 3.07935e-43 3.07935e-43
  0.0997126 2.87288e-43 2.87288e-43
  0.0997324 2.67546e-43 2.67546e-43
  0.0997513 2.48692e-43 2.48692e-43
  0.0997694 2.30711e-43 2.30711e-43
  0.0997866 2.13584e-43 2.13584e-43
  0.0998029 1.97295e-43 1.97295e-43
  0.0998184 1.81826e-43 1.81826e-43
 0.0998331 1.6716e-43 1.6716e-43
   0.099847 1.53277e-43 1.53277e-43
  0.0998601 1.40159e-43 1.40159e-43
  0.0998725 1.27789e-43 1.27789e-43
  0.0998841 1.16147e-43 1.16147e-43
  0.0998951 1.05213e-43 1.05213e-43
  0.0999053 9.49691e-44 9.49691e-44
  0.0999149 8.53944e-44 8.53944e-44
  0.0999238 7.64691e-44 7.64691e-44
 0.0999321 6.8173e-44 6.8173e-44
  0.0999398 6.04854e-44 6.04854e-44
  0.0999468 5.33855e-44 5.33855e-44
  0.0999534 4.68521e-44 4.68521e-44
  0.0999593 4.08638e-44 4.08638e-44
  0.0999648 3.53988e-44 3.53988e-44
  0.0999697 3.04351e-44 3.04351e-44
  0.0999742 2.59505e-44 2.59505e-44
  0.0999782 2.19224e-44 2.19224e-44
  0.0999818 1.83279e-44 1.83279e-44
  0.0999849 1.51438e-44 1.51438e-44
  0.0999877 1.23468e-44 1.23468e-44
  0.0999902 9.91303e-45 9.91303e-45
  0.0999922 7.81853e-45 7.81853e-45
   0.099994 6.03896e-45 6.03896e-45
  0.0999955 4.54973e-45 4.54973e-45
  0.0999967 3.32593e-45 3.32593e-45
  0.0999977 2.34236e-45 2.34236e-45
  0.0999984 1.57353e-45 1.57353e-45
   0.099999 9.93638e-46 9.93638e-46
  0.0999994 5.76604e-46 5.76604e-46
  0.0999997 2.96032e-46 2.96032e-46
  0.0999999 1.25231e-46 1.25231e-46
        0.1 3.72073e-47 3.72073e-47
        0.1 4.66363e-48 4.66363e-48
         0.1 -3.26265e-55 -3.26265e-55
0.1   0   0
0.1   0   0
0.1   0   0
0.1   0   0
0.1   0   0
0.1   0   0
0.1   0   0
0.1   0   0
0.1   0   0
0.1   0   0
0.1   0   0
0.1   0   0
0.1   0   0
0.1   0   0
0.1   0   0
0.1   0   0
0.1   0   0
0.1   0   0
0.1   0   0
0.1   0   0
0.1   0   0
0.1   0   0
0.1   0   0
0.1   0   0
0.1   0   0
0.1   0   0
0.1   0   0
0.1   0   0
0.1   0   0
0.1   0   0
0.1   0   0
0.1   0   0
0.1   0   0
0.1   0   0
0.1   0   0
0.1   0   0
0.1   0   0
0.1   0   0
0.1   0   0
0.1   0   0
0.1   0   0
0.1   0   0
0.1   0   0
0.1   0   0
0.1   0   0
0.1   0   0
0.1   0   0
0.1   0   0
0.1   0   0
0.1   0   0
0.1   0   0
0.1   0   0
0.1   0   0
0.1   0   0
0.1   0   0
0.1   0   0
0.1   0   0
0.1   0   0
0.1   0   0
0.1   0   0
0.1   0   0
0.1   0   0
0.1   0   0
0.1   0   0
0.1   0   0
0.1   0   0
0.1   0   0
0.1   0   0
0.1   0   0
0.1   0   0
0.1   0   0
0.1   0   0
0.1   0   0
0.1   0   0
0.1   0   0
0.1   0   0
0.1   0   0
0.1   0   0
0.1   0   0
0.1   0   0
0.1   0   0
0.1   0   0
0.1   0   0
0.1   0   0
0.1   0   0
0.1   0   0
0.1   0   0
0.1   0   0
0.1   0   0
