-9.56138e-07  2.18636e-42  2.18636e-42
2.17299e-06 1.52288e-06 -4.1374e-07
 1.48964e-06  -2.4377e-06 -3.48898e-07
-3.42609e-06  -5.9593e-06  -2.0041e-07
-7.99325e-06 -6.16167e-06 -4.13659e-08
-7.03418e-06 -6.01287e-06 -9.08791e-09
-4.72921e-06 -1.07181e-05 -3.91008e-07
-8.74838e-07 -1.48367e-05 -8.90816e-07
 3.61912e-06 -1.60069e-05 -1.32552e-06
 1.04193e-05 -1.80792e-05 -1.78716e-06
 2.02582e-05 -1.80819e-05 -2.25682e-06
 3.08251e-05 -1.72983e-05 -2.81863e-06
  4.3428e-05 -1.32419e-05 -3.42611e-06
 5.60228e-05 -9.30092e-06 -4.07706e-06
 7.17308e-05 -8.76761e-06  -4.7977e-06
 9.07257e-05 -9.84062e-06  -5.7294e-06
 0.000113858 -9.83958e-06 -6.43866e-06
 0.000144357 -9.68706e-06 -7.09085e-06
 0.000183957 -7.15146e-06 -7.98666e-06
 0.000233357 -4.30844e-06 -8.84554e-06
 0.000286159 -5.30148e-06 -9.44766e-06
 0.000349149 -1.77973e-06 -1.00724e-05
 0.000414115  4.86466e-06 -1.05743e-05
  0.00049251  1.41926e-05 -1.12734e-05
 0.000589834  1.19056e-05 -1.22257e-05
 0.000704109  2.00001e-05 -1.27475e-05
 0.000831209  1.31877e-05 -1.35718e-05
0.000979618 1.53456e-05 -1.4057e-05
  0.00114075   4.9886e-06 -1.50751e-05
  0.00132432  2.97589e-06 -1.57401e-05
  0.00151919 -3.75373e-05 -1.67771e-05
  0.00173417 -6.47069e-05 -1.75223e-05
  0.00196013 -9.27695e-05 -1.78199e-05
  0.00219833 -0.000110153 -1.80874e-05
  0.00244691  -0.00012878 -1.80867e-05
  0.00270554 -0.000138338 -1.79862e-05
  0.00296313 -0.000142748 -1.76004e-05
  0.00322358 -0.000140664 -1.71709e-05
  0.00348407 -0.000134901 -1.64895e-05
  0.00374751 -0.000128399 -1.60369e-05
  0.00400771 -0.000113223 -1.54905e-05
  0.00426272 -9.19022e-05 -1.49529e-05
  0.00451788 -7.27612e-05  -1.4436e-05
  0.00477323 -5.87107e-05  -1.4165e-05
  0.00502827  -3.5522e-05 -1.36603e-05
  0.00528216  -1.4845e-05 -1.31286e-05
 0.00553423 5.50398e-06 -1.2712e-05
  0.00578439  2.78414e-05 -1.23387e-05
  0.00603352  4.93845e-05 -1.19852e-05
  0.00628303  7.05132e-05 -1.17042e-05
  0.00653158  8.91875e-05 -1.14096e-05
  0.00677775  0.000100961 -1.15147e-05
  0.00702078  0.000105731 -1.17853e-05
 0.00725958 0.000110581 -1.2093e-05
  0.00749585  0.000117138 -1.24331e-05
  0.00772658  0.000118193 -1.28581e-05
  0.00795302  0.000119988 -1.32828e-05
  0.00817482  0.000116918 -1.36622e-05
  0.00839432  0.000108102 -1.44327e-05
  0.00860912  9.57344e-05 -1.51182e-05
  0.00881924  7.46573e-05 -1.61345e-05
  0.00903613  5.55563e-05 -1.72973e-05
  0.00925503  2.39354e-05 -1.88229e-05
   0.0094806 -6.97251e-06 -2.00188e-05
  0.00970466 -4.68293e-05 -2.18161e-05
  0.00992859 -8.34208e-05 -2.31841e-05
   0.0101512 -0.000118784 -2.43662e-05
   0.0103751 -0.000152085 -2.52712e-05
   0.0105995 -0.000178232 -2.56679e-05
   0.0108209 -0.000201446 -2.56348e-05
   0.0110407 -0.000222136 -2.54279e-05
   0.0112581 -0.000240291 -2.53428e-05
   0.0114722 -0.000250107 -2.51802e-05
    0.011685 -0.000252247 -2.50293e-05
   0.0118977 -0.000257602 -2.53078e-05
   0.0121122 -0.000257148 -2.53499e-05
   0.0123305  -0.00025915 -2.56383e-05
   0.0125483 -0.000252307 -2.57888e-05
    0.012767 -0.000241474 -2.64027e-05
   0.0129908 -0.000229243 -2.69791e-05
   0.0132136 -0.000199208 -2.77715e-05
   0.0134481  -0.00016013 -2.81374e-05
   0.0136899 -0.000135198 -2.88766e-05
   0.0139376 -0.000110827 -2.95625e-05
   0.0141951  -9.1467e-05 -3.07793e-05
   0.0144642 -8.18234e-05 -3.18488e-05
   0.0147441 -7.50884e-05 -3.30043e-05
   0.0150328 -6.24285e-05 -3.46488e-05
   0.0153288 -4.69759e-05 -3.60696e-05
   0.0156319 -3.41442e-05  -3.7493e-05
   0.0159396 -2.92867e-05 -3.87139e-05
   0.0162508 -2.86195e-05 -3.94505e-05
   0.0165628 -3.72605e-05 -4.04614e-05
   0.0168799 -3.85865e-05 -4.13266e-05
    0.017214  -2.7534e-05 -4.15429e-05
   0.0175558 -1.07971e-05 -4.13103e-05
   0.0179115 -2.96922e-05 -4.22982e-05
   0.0182831 -5.17176e-05 -4.25907e-05
   0.0186607 -6.19693e-05 -4.21087e-05
   0.0190462 -6.68635e-05 -4.11707e-05
   0.0194381 -8.61709e-05 -4.07398e-05
   0.0198342 -9.67027e-05 -3.99015e-05
   0.0202297  -0.00010657 -3.91463e-05
   0.0206205 -0.000119289 -3.83617e-05
   0.0210049  -0.00012296 -3.74431e-05
   0.0213838 -0.000129773 -3.66941e-05
   0.0217615 -0.000125466 -3.58041e-05
   0.0221411 -0.000121937 -3.50112e-05
   0.0225098 -0.000114395  -3.4102e-05
   0.0228701 -0.000108922 -3.34138e-05
   0.0232215 -0.000110652 -3.31687e-05
   0.0235614 -0.000107355 -3.26805e-05
     0.02389 -0.000104852 -3.24388e-05
   0.0242115 -9.66433e-05 -3.20078e-05
   0.0245233 -8.65095e-05 -3.19782e-05
   0.0248267 -7.43858e-05 -3.20647e-05
   0.0251224 -6.84843e-05 -3.25979e-05
   0.0254131 -4.93984e-05 -3.29765e-05
   0.0256984 -3.94947e-05 -3.39556e-05
   0.0259745 -2.65548e-05 -3.43194e-05
   0.0262473 -1.93539e-05 -3.46568e-05
   0.0265213 -1.41142e-07 -3.42991e-05
   0.0267954  4.82283e-06 -3.37343e-05
   0.0270651  2.90123e-05 -3.27018e-05
    0.027325  4.30301e-05 -3.15784e-05
   0.0275843  6.93323e-05 -2.99953e-05
   0.0278441  8.49462e-05 -2.84606e-05
   0.0281065  0.000114427 -2.59207e-05
   0.0283673  0.000138018 -2.37654e-05
   0.0286258  0.000155543 -2.15358e-05
   0.0288871  0.000161898 -1.94319e-05
  0.0291528 0.000179431 -1.7242e-05
   0.0294308  0.000190474 -1.59227e-05
   0.0297109  0.000191384 -1.48609e-05
   0.0299907  0.000186007 -1.41843e-05
   0.0302737  0.000185277 -1.35558e-05
   0.0305622  0.000178125 -1.31022e-05
   0.0308517  0.000162981 -1.23265e-05
   0.0311399  0.000140426 -1.11949e-05
   0.0314269  0.000118941 -1.00326e-05
   0.0317177  8.90088e-05 -8.81902e-06
   0.0320092   6.2213e-05 -8.14466e-06
   0.0323126  3.23758e-05 -7.85054e-06
   0.0326146  1.29241e-05 -6.92187e-06
   0.0329254 -1.68622e-05 -6.02411e-06
   0.0332368 -3.92914e-05 -4.51104e-06
   0.0335552 -6.89831e-05 -3.26654e-06
   0.0338825 -9.42366e-05 -1.81716e-06
  0.0342129 -0.00013092 -2.7818e-07
   0.0345462 -0.000148727  1.08672e-06
   0.0348877 -0.000178238  2.33385e-06
   0.0352313 -0.000202445  4.06409e-06
   0.0355721 -0.000231067  5.67056e-06
   0.0359112 -0.000251982  7.13831e-06
   0.0362457 -0.000269605  8.65058e-06
   0.0365808 -0.000288061  9.79928e-06
   0.0369181 -0.000301123  1.11821e-05
   0.0372648 -0.000310966  1.24176e-05
   0.0376154 -0.000314285  1.39256e-05
    0.037971 -0.000307399  1.55534e-05
   0.0383191 -0.000299036   1.7065e-05
   0.0386643 -0.000299784  1.80915e-05
   0.0389958 -0.000293437  1.86773e-05
   0.0393215 -0.000276943  1.96719e-05
   0.0396397 -0.000261995  1.99289e-05
   0.0399513 -0.000236661  2.06207e-05
  0.0402597 -0.00021234 2.04148e-05
   0.0405622 -0.000187606  2.02905e-05
   0.0408543 -0.000156556  1.97548e-05
   0.0411393 -0.000122246  1.94114e-05
   0.0414142 -8.92197e-05  1.85267e-05
   0.0416936 -4.91312e-05   1.7737e-05
   0.0419659 -1.13003e-05  1.69431e-05
  0.0422324 3.00344e-05 1.62754e-05
  0.0424911 7.03358e-05 1.53467e-05
  0.0427445 0.000109948 1.43051e-05
  0.0429889 0.000151032 1.28873e-05
  0.0432327 0.000195868 1.14844e-05
  0.0434679 0.000229518 9.74173e-06
   0.043697 0.000266286 8.27484e-06
   0.043925 0.000291895 6.51411e-06
  0.0441506 0.000320861 5.05711e-06
  0.0443737 0.000333273 3.71209e-06
  0.0445989 0.000350516 2.45053e-06
  0.0448294 0.000354143 1.29071e-06
  0.0450644 0.000361585 7.15684e-08
   0.0452937  0.000362272 -9.10567e-07
   0.0455166  0.000364464 -1.67814e-06
   0.0457338  0.000353737 -2.08929e-06
   0.0459489  0.000339115 -2.80749e-06
  0.0461666 0.000308027 -3.2162e-06
   0.0463927  0.000272732 -3.93138e-06
   0.0466271  0.000227867 -4.57795e-06
  0.0468699 0.000186743 -5.4506e-06
   0.0471172  0.000132737 -6.63545e-06
  0.0473673 7.01758e-05  -8.439e-06
   0.0476192  8.63811e-06 -1.04652e-05
   0.0478762 -5.52916e-05 -1.28581e-05
   0.0481318 -0.000119033 -1.51415e-05
   0.0483918 -0.000186277 -1.74863e-05
   0.0486574 -0.000259311 -1.90599e-05
   0.0489412 -0.000331311   -2.088e-05
    0.049231 -0.000397047   -2.355e-05
   0.0495245 -0.000442216 -2.59051e-05
     0.04982 -0.000487519 -2.80997e-05
   0.0501167 -0.000522896 -2.99223e-05
   0.0504116 -0.000543031 -3.14102e-05
   0.0506994  -0.00054735 -3.25755e-05
   0.0509782 -0.000540058  -3.3305e-05
   0.0512507 -0.000522786 -3.38412e-05
   0.0515157 -0.000494759    -3.35e-05
    0.051778 -0.000465822 -3.32508e-05
   0.0520334 -0.000437695 -3.36666e-05
   0.0522843 -0.000399662 -3.39093e-05
   0.0525353 -0.000354334 -3.45695e-05
    0.052783  -0.00030027 -3.52667e-05
   0.0530344 -0.000249626 -3.58215e-05
   0.0532802 -0.000195158 -3.59947e-05
   0.0535192 -0.000135683 -3.60996e-05
   0.0537412 -7.16077e-05  -3.5774e-05
  0.0539399 1.24125e-05 -3.5169e-05
  0.0541203 9.03648e-05 -3.4498e-05
  0.0542862 0.000165029 -3.3594e-05
   0.0544434  0.000231066 -3.27037e-05
    0.054593  0.000297155 -3.20494e-05
   0.0547447  0.000364594 -3.08931e-05
   0.0548999   0.00042767 -3.01602e-05
   0.0550471  0.000491394 -2.92243e-05
   0.0551961   0.00055032 -2.84779e-05
  0.0553535 0.000613064 -2.7797e-05
   0.0555183  0.000661803 -2.69369e-05
   0.0556718  0.000702106 -2.60165e-05
   0.0558198   0.00073921 -2.50734e-05
   0.0559596  0.000751908 -2.43226e-05
   0.0560849  0.000764666 -2.36474e-05
   0.0561975  0.000758073 -2.28375e-05
  0.0563133 0.000739062 -2.1953e-05
   0.0564304  0.000719973 -2.10184e-05
   0.0565603  0.000685377 -2.03069e-05
   0.056693 0.000644203 -1.9462e-05
  0.0568405 0.000574191  -1.929e-05
    0.056986  0.000511327 -1.85457e-05
   0.0571371  0.000434587 -1.83303e-05
   0.0572924  0.000365089 -1.77865e-05
    0.057457  0.000280116 -1.74738e-05
   0.0576235  0.000195519 -1.77723e-05
   0.0577959  0.000102323 -1.82505e-05
   0.0579662  2.67352e-06 -1.86809e-05
   0.0581398 -9.63033e-05 -1.91102e-05
   0.0583021  -0.00020696 -1.97747e-05
   0.0584686 -0.000312362 -2.06812e-05
   0.0586264 -0.000405846  -2.1542e-05
   0.0587734 -0.000493343 -2.23894e-05
   0.0589039 -0.000572424 -2.29493e-05
   0.0590305 -0.000648035 -2.38102e-05
   0.0591458 -0.000719748 -2.42381e-05
   0.0592525 -0.000783607 -2.53283e-05
   0.0593508 -0.000833665 -2.58904e-05
   0.0594476 -0.000877382 -2.66843e-05
   0.0595401 -0.000907963 -2.74083e-05
   0.0596282 -0.000932152 -2.84288e-05
   0.0597166  -0.00093993 -2.88884e-05
   0.0598027 -0.000942343 -2.96321e-05
   0.0598882 -0.000940142 -3.06188e-05
   0.0599771 -0.000923055 -3.20441e-05
    0.060068 -0.000892433 -3.32186e-05
   0.0601622 -0.000850017 -3.48797e-05
   0.0602581 -0.000790029 -3.56846e-05
   0.0603474 -0.000723376 -3.65433e-05
   0.0604323 -0.000644335 -3.73219e-05
  0.0605044 -0.00056294 -3.7812e-05
   0.0605785 -0.000472143 -3.76466e-05
   0.0606392 -0.000371895 -3.79403e-05
   0.0607062 -0.000267223 -3.78412e-05
   0.0607765 -0.000167199 -3.79267e-05
   0.0608513 -6.80093e-05 -3.78735e-05
   0.0609159  3.19014e-05 -3.76308e-05
   0.0609818  0.000134468 -3.74586e-05
   0.0610492  0.000229478 -3.74813e-05
   0.0611256  0.000336974 -3.70558e-05
      0.0612  0.000442758 -3.65952e-05
   0.0612756  0.000540467 -3.60742e-05
   0.0613516  0.000628492 -3.55744e-05
   0.0614331  0.000716007 -3.47117e-05
   0.0615132  0.000781241 -3.40064e-05
    0.061598  0.000848493 -3.29537e-05
   0.0616819  0.000903607 -3.23318e-05
   0.061779 0.000953228 -3.1166e-05
   0.0618711  0.000994287 -3.06254e-05
 0.0619643 0.00102117 -2.974e-05
   0.0620558   0.00104834 -2.88239e-05
   0.0621495   0.00106172 -2.76228e-05
   0.0622515   0.00106331 -2.63883e-05
   0.0623395   0.00104851 -2.53721e-05
   0.0624193  0.000997558 -2.31865e-05
   0.0624839  0.000942359 -2.10817e-05
   0.0625407  0.000866051 -1.83694e-05
    0.062586  0.000782018 -1.59325e-05
    0.062628  0.000685883 -1.36033e-05
  0.0626567   0.0005792 -1.1897e-05
    0.062684  0.000471467 -1.02797e-05
    0.062693  0.000358281 -8.75114e-06
  0.0627028 0.000227053 -7.2333e-06
   0.0627067  9.40534e-05 -5.53497e-06
   0.0627251 -4.31409e-05 -3.51551e-06
   0.0627427 -0.000173255 -4.81786e-07
   0.0627654 -0.000309557   2.0512e-06
   0.0627753 -0.000448139  5.40361e-06
   0.0627787 -0.000576261  7.84475e-06
   0.0627692 -0.000709868  1.05852e-05
   0.0627561 -0.000828975  1.25555e-05
    0.062721 -0.000961356  1.44513e-05
  0.0626651 -0.00106298 1.58916e-05
  0.0625869 -0.00117682  1.7173e-05
  0.0624769 -0.00126108 1.83341e-05
  0.0623468 -0.00137084 1.89394e-05
  0.0621864 -0.00144849 1.88507e-05
   0.062021 -0.00151188 1.97212e-05
  0.0618337 -0.00155242 1.98478e-05
  0.0616461 -0.00157246 2.02653e-05
  0.0614374 -0.00157176 1.99936e-05
  0.0612327 -0.00154801 2.01641e-05
   0.061008 -0.00150888 1.99288e-05
  0.0607915 -0.00143774 2.05031e-05
  0.0605693 -0.00135497 2.05739e-05
  0.0603688 -0.00122579   2.173e-05
  0.0601755 -0.00109123 2.20407e-05
   0.0600026 -0.000927766   2.3326e-05
   0.0598303 -0.000756085  2.34705e-05
   0.0596737 -0.000559236   2.4473e-05
   0.0595184 -0.000362041  2.49107e-05
   0.0593826 -0.000140991  2.66359e-05
  0.0592593 7.47124e-05 2.76672e-05
  0.0591574 0.000295249 2.89654e-05
  0.0590712 0.000508671 2.96833e-05
  0.0590119 0.000719777 3.04195e-05
  0.0589706 0.000916529 3.07416e-05
  0.0589528  0.00111272 3.09894e-05
   0.058943  0.00129266 3.10187e-05
  0.0589401  0.00146098 3.13274e-05
  0.0589356  0.00161543 3.17179e-05
  0.0589362  0.00174907 3.25353e-05
 0.0589426 0.00186671 3.3336e-05
  0.0589496  0.00195916 3.45318e-05
  0.0589565  0.00202562 3.59722e-05
  0.0589739  0.00205024 3.74717e-05
  0.0590016  0.00205506 3.92328e-05
  0.0590383  0.00202101 4.09727e-05
 0.0590778  0.0019614 4.3124e-05
  0.0591277  0.00186124 4.45809e-05
  0.0591683  0.00174315 4.68853e-05
  0.0592045  0.00161297 5.00136e-05
   0.059228  0.00146086 5.37557e-05
  0.0592507  0.00130451 5.76164e-05
  0.0592651  0.00112909 6.19342e-05
  0.0592674 0.000938937 6.57249e-05
   0.059244 0.000735943 6.96462e-05
  0.0592025 0.000516621 7.23933e-05
  0.0591282 0.000282322 7.55989e-05
  0.0590353 3.62883e-05 7.79533e-05
     0.05891 -0.000215053  8.08429e-05
   0.0587556 -0.000462346  8.29705e-05
   0.0585728 -0.000696036  8.54999e-05
   0.0583694 -0.000931476  8.73871e-05
  0.058157 -0.0011611  8.946e-05
   0.057912 -0.00136673 9.09979e-05
  0.0576477 -0.00154047 9.16462e-05
  0.0573601 -0.00168456 9.25896e-05
  0.0570623 -0.00177734 9.20222e-05
   0.056739 -0.00182892 9.17827e-05
 0.0563903 -0.0018581 9.0551e-05
  0.0560212 -0.00185984  8.9594e-05
  0.0556437 -0.00183087 8.72187e-05
  0.0552662 -0.00177646 8.52884e-05
  0.0548734 -0.00168994 8.15166e-05
  0.0544819 -0.00157534 7.82536e-05
  0.0540945 -0.00144454 7.38653e-05
  0.0537087 -0.00128986 7.07221e-05
  0.0533243 -0.00111122 6.72406e-05
   0.0529567 -0.000930689  6.42066e-05
   0.0526072 -0.000739791  6.12076e-05
    0.052279 -0.000542789  5.87735e-05
   0.0519697 -0.000350727  5.68179e-05
   0.0516825 -0.000160481   5.4797e-05
  0.0514064 4.36591e-05 5.19596e-05
  0.0511498 0.000238524 4.93108e-05
  0.0509113 0.000431024 4.61562e-05
  0.0506982 0.000604075 4.25805e-05
  0.0505115 0.000769947 3.91916e-05
  0.0503548  0.00091488 3.51678e-05
  0.050221 0.00105148 3.1742e-05
  0.0501084  0.00116759 2.84893e-05
  0.0500129  0.00125414 2.58444e-05
   0.049939  0.00131937 2.32026e-05
  0.0498856  0.00136427 2.15262e-05
  0.0498547  0.00137747 1.97105e-05
  0.0498406  0.00138087 1.83883e-05
  0.0498393  0.00136261 1.77447e-05
  0.0498582  0.00133324 1.74033e-05
  0.0498723  0.00127793 1.72627e-05
  0.0498949  0.00121454 1.69979e-05
  0.0499077  0.00112127 1.65803e-05
  0.0499054  0.00101494 1.56727e-05
 0.0498913 0.00089722 1.4763e-05
  0.0498588 0.000761801 1.33545e-05
  0.0498025 0.000621926 1.22312e-05
  0.0497249 0.000475293 1.07248e-05
  0.0496294 0.000324106  9.1759e-06
  0.0495118 0.000176364 7.08084e-06
  0.0493693 2.91318e-05 4.97178e-06
   0.0491931 -0.000117245  2.37465e-06
    0.048984 -0.000264439 -9.59529e-07
   0.0487373 -0.000410195 -4.13147e-06
   0.0484627 -0.000545159 -7.61965e-06
   0.0481546 -0.000665546 -1.08994e-05
   0.0478241 -0.000762598 -1.35258e-05
   0.0474609 -0.000845353 -1.59702e-05
    0.047076 -0.000894157 -1.79038e-05
    0.046674 -0.000945515 -1.96609e-05
   0.0462537 -0.000924569 -2.23877e-05
   0.0458165 -0.000903901 -2.43825e-05
   0.0453653 -0.000824101  -2.7779e-05
   0.0448905 -0.000759609 -3.09464e-05
   0.0444024 -0.000693002 -3.35518e-05
   0.0439066 -0.000622464 -3.59025e-05
   0.0434075 -0.000560974 -3.77525e-05
   0.0429066 -0.000480429 -3.93907e-05
   0.0424103 -0.000395205 -4.14337e-05
   0.0419223 -0.000297287 -4.33767e-05
   0.0414458 -0.000190799 -4.57467e-05
   0.0409765 -7.71337e-05 -4.75511e-05
   0.0405211  3.90403e-05 -4.96862e-05
    0.040084  0.000159105 -5.15165e-05
  0.0396671 0.000265969 -5.3344e-05
    0.039265  0.000366795 -5.48623e-05
  0.0388826  0.00046145 -5.6182e-05
   0.0385214  0.000552485 -5.70669e-05
   0.0381932  0.000634856 -5.74748e-05
    0.037893  0.000708003 -5.79881e-05
   0.0376224   0.00077993 -5.78141e-05
   0.0373744  0.000839792 -5.72802e-05
   0.0371518  0.000885814 -5.64377e-05
   0.0369527  0.000908787 -5.60605e-05
    0.036774  0.000915447 -5.52601e-05
   0.0366141  0.000905707 -5.48114e-05
   0.0364681  0.000878007 -5.37275e-05
   0.0363388  0.000838422 -5.30855e-05
    0.036217  0.000782607 -5.24965e-05
  0.0361029 0.000713421 -5.2382e-05
   0.0359879  0.000621057 -5.27183e-05
    0.035871  0.000531214 -5.31255e-05
   0.0357534  0.000428321 -5.39024e-05
   0.0356401   0.00032627 -5.45269e-05
  0.0355226 0.000214063 -5.5092e-05
   0.0353956   0.00010689 -5.47925e-05
   0.0352484  3.82785e-06 -5.49137e-05
   0.0350811 -9.56982e-05 -5.42269e-05
   0.0348935 -0.000201385 -5.34827e-05
   0.0346866 -0.000300576 -5.20444e-05
    0.034464 -0.000397937 -5.06855e-05
   0.0342226 -0.000493793 -4.86596e-05
   0.0339674 -0.000550931 -4.79945e-05
   0.0336904 -0.000601084 -4.70811e-05
   0.0333948 -0.000646741 -4.67142e-05
   0.0330676 -0.000688295 -4.50533e-05
   0.0327134 -0.000717969 -4.42346e-05
   0.0323352 -0.000743812 -4.23359e-05
   0.0319349 -0.000749198 -4.11661e-05
   0.0315173 -0.000757036 -3.87689e-05
   0.0310863 -0.000742204  -3.6502e-05
   0.0306503 -0.000735004 -3.35905e-05
   0.0301937 -0.000702132 -3.12457e-05
   0.0297213 -0.000670719 -2.75466e-05
   0.0292256 -0.000621266 -2.47214e-05
   0.0287247    -0.000572 -2.15204e-05
   0.0282038 -0.000508792 -1.92032e-05
   0.0276762 -0.000423543 -1.61578e-05
   0.0271379 -0.000327213 -1.38193e-05
    0.026607 -0.000229047 -1.13386e-05
   0.0260743 -0.000116587 -9.47397e-06
   0.0255558 -1.10576e-05 -7.63999e-06
   0.0250402  0.000106065 -6.13076e-06
   0.0245453   0.00019928 -5.52332e-06
  0.0240594 0.000299631 -5.2518e-06
   0.0235945  0.000387763 -5.31615e-06
   0.0231438  0.000476369 -5.57812e-06
  0.0227192 0.000560111 -6.0019e-06
   0.0223152  0.000634408 -6.94989e-06
   0.0219355  0.000702433 -8.18143e-06
     0.02158  0.000764339 -9.24265e-06
   0.0212549  0.000818339 -1.06012e-05
   0.0209563  0.000866724 -1.17354e-05
   0.0206894  0.000905626 -1.33585e-05
  0.0204516 0.000940681 -1.4579e-05
   0.0202437  0.000965747 -1.63811e-05
   0.0200585  0.000986633 -1.80227e-05
   0.0198988  0.000989313 -2.01944e-05
   0.0197642  0.000988795 -2.20986e-05
   0.0196539  0.000965208 -2.47855e-05
  0.0195631 0.000944171 -2.7015e-05
   0.0194931  0.000894384 -3.01347e-05
     0.01944  0.000836396 -3.24255e-05
   0.0193854  0.000767443 -3.44741e-05
   0.0193231  0.000691075 -3.65421e-05
   0.0192504  0.000607189 -3.78581e-05
   0.0191676  0.000515614 -3.97203e-05
   0.0190735   0.00041421 -4.07119e-05
   0.0189694  0.000310008 -4.20479e-05
   0.0188485  0.000193278 -4.23621e-05
   0.0187095  7.53233e-05 -4.32005e-05
   0.0185502 -5.23405e-05 -4.32567e-05
   0.0183703 -0.000179904 -4.37229e-05
   0.0181683 -0.000311331 -4.36564e-05
   0.0179437 -0.000439179 -4.41032e-05
   0.0176941 -0.000573446 -4.36733e-05
   0.0174199 -0.000702223 -4.35561e-05
   0.0171216 -0.000827444  -4.2998e-05
   0.0167949 -0.000920183 -4.24726e-05
    0.016445  -0.00100841 -4.14905e-05
   0.0160706  -0.00107031 -4.07902e-05
   0.0156734  -0.00112631 -3.99076e-05
   0.0152594  -0.00113932 -3.86084e-05
   0.0148328  -0.00113796 -3.64684e-05
   0.0143852  -0.00112335 -3.52263e-05
  0.0139238 -0.00111019 -3.3767e-05
   0.0134475  -0.00108406 -3.24825e-05
   0.0129698  -0.00104441 -3.09868e-05
   0.0124828 -0.000992254 -2.96854e-05
   0.0119939 -0.000925687 -2.81866e-05
   0.0115048 -0.000856695 -2.72435e-05
    0.011024 -0.000781573 -2.62891e-05
   0.0105469 -0.000705155 -2.58106e-05
   0.0100823 -0.000614493 -2.52135e-05
  0.00962667 -0.000517161 -2.51312e-05
  0.00919501 -0.000408033 -2.50405e-05
  0.00878085 -0.000299744 -2.55316e-05
  0.00839032 -0.000179648 -2.61155e-05
  0.00801732 -6.22187e-05 -2.70892e-05
   0.0076669   5.5222e-05 -2.83828e-05
  0.00733396  0.000163242 -3.02309e-05
  0.00702112  0.000265818 -3.21138e-05
  0.00672992  0.000364751 -3.43333e-05
  0.00646075  0.000457357 -3.66057e-05
  0.00620816  0.000543516 -3.93866e-05
   0.0059798  0.000619952 -4.22742e-05
  0.00577268  0.000681371 -4.50772e-05
  0.00558748  0.000736153 -4.76627e-05
  0.00542146  0.000774828 -5.00564e-05
  0.0052774 0.000808301 -5.2369e-05
 0.00515254 0.000825121 -5.4758e-05
  0.00504832   0.00083692 -5.72368e-05
   0.0049597  0.000818839 -6.02405e-05
  0.00488687  0.000798277 -6.29871e-05
  0.00482857  0.000758935 -6.56625e-05
  0.00478015  0.000719977 -6.81751e-05
  0.00474184  0.000663516 -7.09327e-05
  0.00470507  0.000601866 -7.35127e-05
   0.0046692  0.000533052 -7.60156e-05
  0.00462886  0.000455718 -7.81189e-05
  0.00458719  0.000368862 -8.00079e-05
 0.00453699 0.000274027 -8.1681e-05
  0.00448237  0.000177108 -8.30841e-05
  0.00441914  8.01288e-05 -8.42542e-05
  0.00434764 -1.78689e-05  -8.5174e-05
  0.00426451 -0.000110782 -8.59743e-05
  0.00417305 -0.000200376 -8.63345e-05
   0.0040692 -0.000283907 -8.64303e-05
  0.00395334 -0.000356245 -8.64673e-05
  0.00382647 -0.000421827 -8.62804e-05
  0.00369116 -0.000477834 -8.59841e-05
  0.00354526 -0.000527738 -8.52873e-05
   0.0033895 -0.000566014 -8.49207e-05
   0.0032222 -0.000595672 -8.37984e-05
  0.00304535 -0.000610143  -8.2915e-05
  0.00285889 -0.000623684 -8.14418e-05
  0.00266712 -0.000626881 -8.02492e-05
  0.00247008  -0.00063035 -7.84212e-05
  0.00226433 -0.000624596 -7.68969e-05
  0.00205773 -0.000612489 -7.46211e-05
  0.00184791 -0.000591429 -7.24546e-05
  0.00164298 -0.000572465 -7.01659e-05
  0.00143319 -0.000543878 -6.79471e-05
  0.00122359   -0.0005124 -6.54027e-05
  0.00101241 -0.000469048 -6.30776e-05
 0.000803978 -0.000427234 -6.06386e-05
 0.000599297 -0.000378296 -5.80215e-05
 0.000401028 -0.000320091 -5.49295e-05
 0.000206523 -0.000256732 -5.15631e-05
 1.90102e-05 -0.000189174 -4.80005e-05
-0.000161773 -0.000121283 -4.42889e-05
-0.000332955  -4.9293e-05 -4.03181e-05
-0.000497759  2.02046e-05 -3.62356e-05
-0.000653225  9.56696e-05 -3.20175e-05
-0.000799442  0.000165752 -2.76485e-05
-0.000933021  0.000230925 -2.33332e-05
 -0.00105378  0.000294482 -1.90066e-05
-0.00115666 0.000356297 -1.4756e-05
 -0.00124278  0.000413626 -1.00547e-05
 -0.00130785  0.000447216 -6.36783e-06
 -0.00135024  0.000471644 -2.44867e-06
-0.00137237 0.000497422 1.64785e-06
-0.00137265 0.000516201 5.89228e-06
-0.00135206 0.000526858 9.50311e-06
-0.00130975 0.000531928  1.3614e-05
-0.00125142 0.000528903 1.69662e-05
-0.00117111 0.000517235 2.03945e-05
-0.00107234 0.000490802  2.3686e-05
-0.000955926  0.000458519  2.70408e-05
-0.000825185   0.00043014  3.04019e-05
-0.000679596  0.000389551   3.3528e-05
-0.000525329  0.000345174  3.66447e-05
-0.000362087  0.000294175  3.95412e-05
-0.000194982    0.0002316  4.23872e-05
-2.30612e-05  0.000168562  4.51243e-05
0.000148265 9.94541e-05 4.76097e-05
0.000318103 2.99559e-05 4.99764e-05
 0.000484607 -4.42293e-05  5.24418e-05
 0.000648008 -0.000115906  5.48581e-05
 0.000805757 -0.000184776  5.72561e-05
 0.000956277 -0.000246161  5.95443e-05
  0.00109651 -0.000299758  6.19078e-05
   0.0012224 -0.000352164  6.40658e-05
  0.00133349 -0.000398081  6.59452e-05
  0.00142837 -0.000433948  6.77379e-05
  0.00150738 -0.000472323  6.92367e-05
   0.0015673 -0.000497621  7.04472e-05
  0.00161492 -0.000531056  7.14543e-05
  0.00164183 -0.000552327  7.23676e-05
  0.00165249 -0.000578508   7.2983e-05
  0.00164242 -0.000595561  7.37772e-05
  0.00161437 -0.000614278  7.42346e-05
  0.00155928 -0.000611528  7.42228e-05
   0.0014861 -0.000609263  7.38979e-05
   0.0013895 -0.000604421  7.41025e-05
 0.00127565 -0.00058875 7.37583e-05
  0.00113685 -0.000549168  7.28821e-05
  0.00098224 -0.000501447  7.14832e-05
 0.000805471 -0.000424251  6.91494e-05
 0.000618672 -0.000342396  6.66643e-05
 0.000418132 -0.000251336  6.38215e-05
 0.000218626 -0.000152732  6.07221e-05
 1.27263e-05 -5.76136e-05  5.74886e-05
-0.000188974   4.5363e-05   5.4157e-05
-0.000391714   0.00014804  5.06947e-05
-0.000586148  0.000260757  4.74382e-05
-0.000769548  0.000365847  4.43281e-05
-0.000935843  0.000470006  4.14833e-05
 -0.0010857 0.000558751 3.87044e-05
  -0.001217 0.000636234 3.63335e-05
-0.00132843 0.000699846 3.36637e-05
-0.00141347 0.000752188 3.14521e-05
-0.00147297 0.000784158 2.89835e-05
-0.00150429 0.000809157 2.71321e-05
-0.00150873 0.000805468   2.474e-05
-0.00148627 0.000796109 2.28067e-05
-0.00144012 0.000769047 2.05648e-05
-0.00138062 0.000756337  1.7799e-05
-0.00128678 0.000732085 1.46476e-05
  -0.001172 0.000697999 1.29706e-05
-0.00103182 0.000655495 1.10925e-05
-0.000873911  0.000597177  9.60143e-06
-0.000702798  0.000536132  7.99677e-06
-0.000523868  0.000463926  6.82196e-06
-0.000337634  0.000385933  5.60563e-06
-0.000150122  0.000303212  4.43454e-06
3.76854e-05 0.000212314 3.33821e-06
0.000220523  0.00012395 2.35389e-06
0.000402105 3.45948e-05 1.07779e-06
 0.000577311 -5.30561e-05  1.77717e-07
 0.000744883 -0.000139168 -1.08173e-06
 0.000901496 -0.000218866 -2.12116e-06
  0.00104888 -0.000298602 -3.31376e-06
  0.00118292 -0.000370573 -4.77559e-06
  0.00130463 -0.000438415 -6.43697e-06
  0.00140918 -0.000492492 -8.41164e-06
  0.00149918 -0.000539603 -1.03757e-05
  0.00157219 -0.000567196  -1.2005e-05
  0.00162029 -0.000590088 -1.38721e-05
   0.0016517  -0.00061372 -1.48841e-05
  0.00165557 -0.000628494 -1.59202e-05
  0.00163989 -0.000628703 -1.73216e-05
  0.00160125 -0.000620139 -1.85372e-05
  0.00154934 -0.000604595 -1.99754e-05
  0.00147201 -0.000584656 -2.14212e-05
  0.00137715 -0.000549586 -2.27977e-05
  0.00125822 -0.000511182 -2.40839e-05
  0.00112521 -0.000451388  -2.5036e-05
 0.000974419 -0.000390022 -2.60874e-05
 0.000814841 -0.000313942 -2.68511e-05
 0.000641715 -0.000240949 -2.74697e-05
