 6.8232e-05 -0.00177653  6.8232e-05 -0.00177262 6.57937e-05 -0.00177653 6.57937e-05 -0.00177262
-7.33298e-05  -0.00154789 -7.09276e-05  -0.00148751  -0.00012639  -0.00153205 -0.000122058   -0.0014729
0.000156659 0.000201667 0.000158588 0.000289506 0.000104488 0.000203623 0.000106998 0.000291849
0.000359311   0.0028656 0.000360024  0.00296131 0.000328728   0.0028526 0.000327527  0.00295043
0.000371042  0.00605627 0.000369224  0.00612484 0.000387831  0.00603732 0.000381406  0.00610837
0.000368956  0.00919819 0.000365016  0.00925851 0.000420316   0.0091773  0.00040963  0.00924023
0.000667136    0.012549 0.000665131   0.0127209 0.000682882    0.012522 0.000671881   0.0126979
0.000937043   0.0162291 0.000936359   0.0165267 0.000911794   0.0161999  0.00090126   0.0165022
 0.00103296   0.0203884  0.00103435   0.0207699 0.000996901   0.0203631  0.00098571   0.0207498
0.00118178  0.0247729 0.00118656  0.0252515 0.00112939  0.0247494 0.00111839   0.025234
0.00121268  0.0293718 0.00121783  0.0299293 0.00115786  0.0293561 0.00114408  0.0299196
0.00120316  0.0343666 0.00120911  0.0350116 0.00114402  0.0343631 0.00112634  0.0350143
  0.0010092   0.0396844  0.00101139   0.0403935 0.000962076   0.0397039 0.000939151   0.0404173
0.000827238   0.0454454 0.000823387   0.0462277 0.000789648   0.0454884 0.000760234   0.0462733
 0.00084537   0.0512763 0.000834834    0.052178 0.000790641   0.0513346 0.000753061   0.0522383
0.000961455   0.0571823 0.000948615   0.0582528 0.000864208   0.0572554 0.000822754   0.0583276
 0.00101355   0.0631693 0.000989902   0.0643651 0.000893819   0.0632566 0.000843239   0.0644533
 0.00105035   0.0688923  0.00102071   0.0702032 0.000912135   0.0689932 0.000849866   0.0703049
0.000963644   0.0741978 0.000925961   0.0756412 0.000794096   0.0743244 0.000721454   0.0757674
0.000852762   0.0789973 0.000815414   0.0805626 0.000657615   0.0791494 0.000575304   0.0807138
0.000952834   0.0838295 0.000910197   0.0855149 0.000725456   0.0839917 0.000635303    0.085676
0.000789986   0.0881912 0.000747586   0.0899542  0.00055391   0.0883763  0.00045601   0.0901375
0.000448907   0.0928451  0.00039711    0.094634 0.000230845   0.0930591  0.00012921   0.0948439
-4.33377e-05    0.0966535 -9.67672e-05    0.0984752 -0.000252893    0.0969082 -0.000356672    0.0987232
 0.000129406    0.0987807  8.60453e-05     0.100792 -0.000174089    0.0990507 -0.000265773     0.101055
-0.000304541    0.0999257 -0.000335675     0.101957 -0.000613931     0.100231 -0.000705217     0.102252
 0.000117048    0.0998857   0.00010857     0.102137 -0.000325753     0.100193  -0.00040551     0.102435
 2.79677e-05    0.0983942  2.80234e-05     0.100724 -0.000490036    0.0987209 -0.000558889     0.101041
 0.000671685     0.095743  0.000682316    0.0983624 -4.99206e-05    0.0960685 -0.000104519    0.0986798
 0.000819189    0.0915114  0.000841372    0.0942795 -3.12921e-05    0.0918508 -8.50767e-05    0.0946107
0.00314163  0.0857335 0.00322233   0.089073 0.00192851  0.0859781 0.00186176  0.0893424
 0.0047052  0.0786859 0.00483667  0.0824052 0.00321451  0.0788532  0.0031468  0.0826448
0.00631953  0.0709493 0.00647541  0.0749876 0.00456152  0.0710221 0.00448168  0.0751974
0.00733058   0.062595 0.00750701  0.0668396 0.00535815  0.0626021 0.00527964  0.0670468
0.00841349  0.0535683 0.00859045  0.0579982 0.00622233   0.053504  0.0061438   0.058205
0.00897538  0.0440955 0.00915004  0.0486025 0.00662541  0.0439855 0.00656058  0.0488233
0.00923877  0.0351522 0.00939284  0.0396654 0.00678277  0.0350287 0.00673922  0.0398937
0.00912164  0.0263911 0.00926276  0.0308254 0.00661264  0.0262684 0.00659816  0.0310699
0.00878174  0.0180233 0.00890276  0.0223183 0.00627054  0.0179237 0.00628699  0.0225722
0.00840644 0.00967718 0.00851345  0.0138531  0.0058798 0.00960009 0.00593569  0.0141175
0.00752282 0.00212409 0.00761617 0.00608786 0.00505581 0.00210416  0.0051492 0.00636345
  0.00627872  -0.00450056   0.00636121 -0.000823002   0.00392227  -0.00445075   0.00405098 -0.000530477
 0.00515605  -0.0108886  0.00522933 -0.00747642  0.00290105  -0.0107772  0.00306929   -0.007175
0.00433687 -0.0171291 0.00440373 -0.0138947 0.00212868 -0.0169722 0.00234208 -0.0135896
 0.00296555  -0.0228402   0.0030311  -0.0199101 0.000901727  -0.0226079  0.00115548  -0.0196119
  0.00173327   -0.0281974   0.00179598    -0.025566 -0.000189665   -0.0279074  0.000101865   -0.0252779
0.000517328  -0.0331118 0.000581476  -0.0307617 -0.00126624  -0.0327692 -0.00094088  -0.0304871
-0.000815087   -0.0375198 -0.000757775   -0.0354694  -0.00244477   -0.0371258  -0.00208886   -0.0352142
-0.00211036  -0.0415671 -0.00205704  -0.0398093 -0.00357992  -0.0411324 -0.00320028  -0.0395796
-0.00338284  -0.0453904 -0.00334042  -0.0439084 -0.00469865  -0.0449206 -0.00429635  -0.0437122
-0.00452209  -0.0488997 -0.00448404   -0.047676 -0.00569186  -0.0484065 -0.00526463  -0.0475178
-0.00524271  -0.0521081  -0.0052036  -0.0510043 -0.00635128  -0.0515991 -0.00589888  -0.0508691
-0.00554813   -0.054928  -0.0055057   -0.053844   -0.006657  -0.0544117 -0.00617628   -0.053722
-0.00585431   -0.057092 -0.00581684  -0.0560147 -0.00696712  -0.0565634 -0.00645976   -0.055911
-0.00626977   -0.058715  -0.0062254  -0.0576671 -0.00736451  -0.0581787 -0.00683694  -0.0575811
 -0.0063564  -0.0596948 -0.00630756  -0.0586002  -0.0074765  -0.0591558 -0.00693106  -0.0585233
-0.00649217  -0.0599933 -0.00643006  -0.0588666 -0.00762106  -0.0594564 -0.00706461  -0.0587979
-0.00633941   -0.059716 -0.00627127  -0.0585084 -0.00750165  -0.0591876 -0.00693493  -0.0584472
 -0.0058284  -0.0591525 -0.00574899  -0.0577332 -0.00710479  -0.0586271 -0.00652992  -0.0576522
 -0.0051076  -0.0579807 -0.00502235  -0.0563223 -0.00650748  -0.0574634 -0.00592969  -0.0562175
-0.00385591   -0.056371 -0.00374587  -0.0543245 -0.00547127  -0.0558585 -0.00489374   -0.054153
-0.00270512  -0.0551548 -0.00258057  -0.0527043 -0.00455007  -0.0546331 -0.00397387  -0.0524639
-0.000800446    -0.054244 -0.000643426   -0.0511873  -0.00300168   -0.0537087  -0.00242056   -0.0508342
  0.00104932   -0.0537002   0.00122573   -0.0500996  -0.00146854   -0.0531569 -0.000880662   -0.0496476
  0.0034736  -0.0530708  0.00366727   -0.048713 0.000496116  -0.0525129  0.00109081  -0.0481316
 0.0056925 -0.0520917 0.00589716 -0.0470889 0.00232495 -0.0515329 0.00291892 -0.0463997
0.00783528 -0.0507301 0.00805402 -0.0451224 0.00410817 -0.0501767  0.0046996   -0.04434
0.00984879  -0.049199  0.0100784 -0.0430571 0.00580686 -0.0486586  0.0063911 -0.0421972
 0.0114187 -0.0473138  0.0116577 -0.0407995 0.00717086 -0.0467845 0.00774417 -0.0398831
 0.0128064 -0.0448232  0.0130457 -0.0380527 0.00842078 -0.0443119 0.00897508 -0.0370825
 0.0140398  -0.041921  0.0142855 -0.0349309 0.00955734 -0.0414173  0.0100907 -0.0339183
 0.0151438 -0.0385367  0.0153895 -0.0313416   0.010561 -0.0380446  0.0110706 -0.0302804
 0.0157605 -0.0344777  0.0160113 -0.0271466   0.011145 -0.0339729  0.0116254  -0.026057
 0.0159444   -0.02991  0.0161888 -0.0225478  0.0113358 -0.0293999  0.0117805 -0.0214239
 0.0163431 -0.0252614  0.0165839 -0.0177505  0.0116708 -0.0247472   0.012078 -0.0165983
 0.0163954 -0.0204399  0.0166281 -0.0128949  0.0117214 -0.0199201  0.0120851 -0.0117231
  0.0166016  -0.0158781   0.0168287 -0.00822986   0.0118823  -0.0153508    0.012205 -0.00704062
  0.0162914  -0.0108768   0.0165097 -0.00325955   0.0115963  -0.0103387   0.0118725 -0.00205152
   0.015774 -0.00572152   0.0159863  0.00190169   0.0110761 -0.00517982   0.0113071  0.00310843
   0.0151678 -0.000860283    0.0153768    0.0067462    0.0104814 -0.000310814    0.0106696    0.0079559
 0.0135435 0.00463799  0.0137463  0.0121172  0.0089602 0.00522508  0.0090972  0.0132746
  0.011366  0.0094212  0.0115631  0.0165863 0.00698498   0.010057 0.00707268  0.0176902
 0.0100093   0.013328  0.0102122  0.0203643 0.00570801  0.0139799 0.00575813   0.021446
0.00867615  0.0168015 0.00888835  0.0237185 0.00445536  0.0174861 0.00447113  0.0247799
0.00764171  0.0193408 0.00787212  0.0262681  0.0034205   0.020052 0.00341753  0.0273169
0.00715092  0.0206907 0.00739594  0.0277085 0.00287772  0.0214252 0.00287147  0.0287574
0.00682121  0.0210802 0.00708105  0.0282236 0.00246958  0.0218299 0.00246933  0.0292777
0.00617314  0.0208256 0.00643859  0.0281457 0.00172261  0.0216254 0.00172909  0.0291957
 0.00535313   0.0200699  0.00561893   0.0275113 0.000836091   0.0209335 0.000850326   0.0285519
 0.00468053    0.018699  0.00494455   0.0262844 7.72818e-05   0.0196235 0.000104559   0.0273217
  0.00445652    0.0168497   0.00471495    0.0246198 -0.000266879    0.0178155 -0.000223902    0.0256637
  0.00445126    0.0147237   0.00470532    0.0226298 -0.000374347    0.0157113 -0.000308806    0.0236842
  0.00499478    0.0124128   0.00524603    0.0205846 -1.63739e-05    0.0133986  7.69499e-05    0.0216647
  0.00510976   0.00988076   0.00535915    0.0182226 -2.99408e-05    0.0108794  9.05585e-05    0.0193174
  0.00447298   0.00615876   0.00471308    0.0144449 -0.000661351    0.0071946 -0.000509022    0.0155248
 0.00348099  0.00196018  0.00370853   0.0100568 -0.00156902  0.00303862 -0.00138424   0.0111062
  0.00460688  -0.00436092   0.00482624   0.00406514 -0.000730441   -0.0033285 -0.000478639   0.00515725
 0.00588575  -0.0121051  0.00608826 -0.00344614 0.000297683   -0.011149 0.000622683 -0.00232507
  0.0064444  -0.0200447  0.00662921  -0.0113642 0.000763443  -0.0191293  0.00115272  -0.0102591
 0.00667065  -0.0285102  0.00683366   -0.019945 0.000974282  -0.0276296  0.00142548   -0.018863
0.00775371 -0.0378873 0.00792299 -0.0291751 0.00189355  -0.037064 0.00241865  -0.028126
0.00830421 -0.0473777 0.00848201 -0.0386759 0.00237786  -0.046592  0.0029756 -0.0376658
0.00882238 -0.0567522 0.00902539 -0.0480337 0.00282349 -0.0559997 0.00348888 -0.0470765
0.00951501 -0.0656731 0.00974453 -0.0569182 0.00342539 -0.0649702 0.00415663  -0.056012
0.00966994 -0.0737258 0.00993704 -0.0650406 0.00357721 -0.0730414 0.00436534 -0.0641876
 0.0100297 -0.0812931  0.0103319 -0.0726189   0.003891 -0.0806403 0.00472866 -0.0718166
 0.0097109 -0.0884494  0.0100789 -0.0799065 0.00363885 -0.0877809 0.00451691 -0.0791598
0.00946092 -0.0957595 0.00987985 -0.0873391 0.00341988 -0.0950895 0.00433669 -0.0866372
0.00894856   -0.10189 0.00945045 -0.0936464 0.00301966  -0.101197 0.00396817 -0.0929899
 0.0085945   -0.10723 0.00915523 -0.0991174 0.00271714  -0.106531 0.00370498 -0.0984925
0.00870909  -0.111886 0.00932446  -0.103737 0.00276931  -0.111199 0.00380512  -0.103147
0.00852109  -0.115262 0.00917761  -0.107188 0.00260002  -0.114579 0.00365788  -0.106625
0.00839741  -0.117577   0.009107  -0.109508 0.00246966  -0.116892 0.00353552  -0.108978
0.00792788   -0.11902 0.00867919  -0.111069 0.00207487   -0.11832 0.00312455  -0.110557
0.00739353  -0.119493  0.0081597  -0.111618 0.00156723  -0.118773 0.00259171  -0.111106
 0.00673525   -0.119102  0.00752872   -0.111305 0.000957881   -0.118348  0.00195769   -0.110785
0.00648734  -0.118122 0.00728533  -0.110251 0.00066004  -0.117348 0.00162263  -0.109726
  0.00542965    -0.116321   0.00624402    -0.108572 -0.000323347    -0.115486  0.000612225    -0.108003
  0.00497171    -0.114243   0.00577961     -0.10639 -0.000869628    -0.113366  4.22546e-05    -0.105787
  0.00430363    -0.111126   0.00507467    -0.103335  -0.00151411    -0.110213 -0.000643353    -0.102691
 0.00396899   -0.107794  0.00471919  -0.0999863 -0.00186131   -0.106862 -0.00103191  -0.0993226
 0.00288632   -0.104216   0.0035822  -0.0966837 -0.00280573   -0.103239 -0.00200725  -0.0959604
 0.00261986   -0.100919  0.00329004  -0.0935132  -0.0030005  -0.0999433 -0.00221747  -0.0927892
 0.00118789   -0.096725  0.00181638  -0.0897759 -0.00417519  -0.0956883  -0.0034049  -0.0889878
0.000334177  -0.0917827 0.000923691    -0.08519 -0.00480018    -0.09072  -0.0040425  -0.0843787
 -0.00128466   -0.0864567 -0.000728538   -0.0804601  -0.00603915   -0.0853297   -0.0053031   -0.0795925
-0.00227793  -0.0814028 -0.00174971  -0.0758657 -0.00672655  -0.0802476 -0.00600629  -0.0749813
-0.00417002  -0.0761734 -0.00365136  -0.0714742 -0.00805908  -0.0749847 -0.00738272  -0.0705501
-0.00568892  -0.0709378  -0.0051834  -0.0669379 -0.00911241  -0.0697325 -0.00848151  -0.0659826
-0.00685323  -0.0655971 -0.00637864  -0.0622344 -0.00983844   -0.064409 -0.00926516  -0.0612714
-0.00736047  -0.0607826  -0.0069165  -0.0578956  -0.0100015  -0.0596436 -0.00946749  -0.0569703
-0.00853934  -0.0561185 -0.00811606  -0.0538819  -0.0107521  -0.0550078  -0.0102553   -0.052968
-0.00929085  -0.0528723 -0.00886985  -0.0510529  -0.0112357  -0.0517892  -0.0107704  -0.0501279
-0.00942365  -0.0501037   -0.009027  -0.0484895  -0.0112145  -0.0490491  -0.0107752  -0.0475868
-0.00917053   -0.047508 -0.00878298  -0.0459602  -0.0108935  -0.0464869  -0.0104776  -0.0450676
-0.00917583  -0.0451496 -0.00881854  -0.0436855  -0.0108283  -0.0441198  -0.0104261  -0.0428093
-0.00880172  -0.0435076 -0.00845975   -0.042023  -0.0104472  -0.0424852  -0.0100531  -0.0411654
-0.00797901  -0.0421281  -0.0076586  -0.0405731 -0.00962211  -0.0411603 -0.00924323  -0.0397724
-0.00674579  -0.0407722 -0.00644422  -0.0391263 -0.00838963  -0.0398928 -0.00801546  -0.0384236
-0.00558187  -0.0392959 -0.00529105  -0.0375938 -0.00720543  -0.0385147 -0.00684133  -0.0369778
-0.00393279   -0.038395  -0.0036437  -0.0365453 -0.00558578   -0.037736 -0.00521686   -0.036042
-0.00242827  -0.0376029 -0.00214515  -0.0355382  -0.0041672  -0.0370318 -0.00378773    -0.03512
-0.000724099   -0.0380918 -0.000437964   -0.0357062  -0.00262542   -0.0376119  -0.00222036   -0.0353686
0.000337808   -0.038201 0.000623669  -0.0357453 -0.00157397   -0.037803 -0.00115972  -0.0354696
 0.00199767  -0.0394298  0.00230018  -0.0367685 2.77269e-06   -0.039142 0.000442894  -0.0365731
0.00320763 -0.0405513 0.00350629 -0.0378955 0.00124241 -0.0403664 0.00169798 -0.0377627
0.00485677 -0.0425865 0.00516017 -0.0398002  0.0028342 -0.0425188 0.00331976   -0.03973
0.00623419 -0.0454147 0.00655085 -0.0425877  0.0041998 -0.0454508 0.00471946  -0.042571
0.00827507 -0.0488566 0.00860689 -0.0458737 0.00615964 -0.0490369 0.00673824  -0.045908
0.00921942  -0.052249  0.0095832 -0.0492848    0.00712 -0.0525107 0.00776639 -0.0493441
 0.0108506 -0.0567718  0.0112539 -0.0536656 0.00866945 -0.0571538 0.00941565 -0.0537415
 0.0121479 -0.0614024  0.0125797  -0.058324  0.0099846 -0.0618869  0.0108133 -0.0584027
 0.0137153 -0.0659495  0.0141767 -0.0628217   0.011532 -0.0665455  0.0124486 -0.0628924
 0.0148532 -0.0702559  0.0153332 -0.0671596  0.0126733  -0.070949   0.013671 -0.0672134
 0.0157946 -0.0741345  0.0162968 -0.0711123  0.0136561 -0.0749086  0.0147384 -0.0711343
 0.0168319 -0.0781784  0.0173328 -0.0751896  0.0146623  -0.079059  0.0158315 -0.0751643
 0.0175335 -0.0823887  0.0180436 -0.0795327  0.0154064 -0.0833518  0.0166796 -0.0794415
 0.0180617 -0.0875318  0.0185831 -0.0848241  0.0159664 -0.0885697   0.017354 -0.0846754
 0.0181881  -0.092971  0.0187373 -0.0905197  0.0161962 -0.0940714  0.0177319 -0.0903098
 0.0177107 -0.0987517  0.0182914 -0.0967021  0.0159041 -0.0998777  0.0175931 -0.0964462
0.0171622 -0.103892 0.0177715 -0.102241 0.0155483 -0.105032 0.0173785 -0.101947
0.0171695 -0.109126 0.0178413 -0.107637 0.0156429 -0.110289  0.017624 -0.107316
0.0168059 -0.113014  0.017516 -0.111711 0.0153495  -0.11419 0.0174661 -0.111363
0.0158239 -0.116187 0.0165515 -0.115294 0.0145706 -0.117343 0.0168047 -0.114922
0.0150168 -0.118828 0.0157231 -0.118212 0.0138259 -0.119988 0.0161715 -0.117811
0.0135637 -0.120678 0.0142334 -0.120555 0.0125907 -0.121792 0.0150049 -0.120156
0.0122761  -0.12242 0.0128657 -0.122613 0.0113341  -0.12351 0.0138132 -0.122227
0.0109413  -0.12371 0.0114757 -0.124205 0.0100783 -0.124744 0.0125936 -0.123858
0.00926806  -0.124024 0.00975433   -0.12479 0.00847174  -0.124966  0.0109966  -0.124512
0.00739031   -0.12369 0.00782059  -0.124795 0.00671686  -0.124522 0.00924426  -0.124594
0.00563652  -0.122597  0.0059987  -0.123905 0.00500291  -0.123303 0.00749401  -0.123782
0.00344555  -0.121892  0.0037323  -0.123499 0.00292132  -0.122432 0.00538402  -0.123471
 0.00138424   -0.120682  0.00160153   -0.122541 0.000966989   -0.121053  0.00338514   -0.122607
-0.000901042    -0.118955 -0.000758958    -0.121114  -0.00116105    -0.119134   0.00120005    -0.121289
 -0.00310103    -0.116674  -0.00304435    -0.119043   -0.0032783    -0.116641 -0.000945934    -0.119325
-0.00527822   -0.114036 -0.00528314   -0.116573 -0.00536797   -0.113773 -0.00308181   -0.116961
-0.00753168   -0.110682 -0.00758531   -0.113315 -0.00755415   -0.110155 -0.00534869   -0.113799
 -0.0100388   -0.107298  -0.0101273   -0.110076 -0.00994527   -0.106482 -0.00780174   -0.110675
 -0.0118736   -0.103503  -0.0119893   -0.106236  -0.0117743   -0.102426 -0.00972038   -0.106889
-0.0139401 -0.0991386 -0.0140824  -0.101914 -0.0137464 -0.0977965 -0.0117934  -0.102646
-0.0153428 -0.0950644 -0.0154937 -0.0977242 -0.0151601 -0.0935061 -0.0133212 -0.0984593
-0.0169835 -0.0907628 -0.0171433 -0.0934018 -0.0167367 -0.0889827 -0.0150074  -0.094166
-0.0176621 -0.0866935 -0.0178476 -0.0891549 -0.0174256 -0.0848028 -0.0158202 -0.0899136
-0.0186516 -0.0828136 -0.0188487  -0.085183 -0.0183721 -0.0808068  -0.016875 -0.0859609
-0.0188548  -0.079835 -0.0190568 -0.0820188 -0.0186171  -0.077793 -0.0171927 -0.0827953
-0.0192724 -0.0773644 -0.0194949 -0.0793546 -0.0190846 -0.0752351  -0.017715 -0.0801545
-0.0193248 -0.0745815 -0.0195473 -0.0763923 -0.0191987 -0.0724059   -0.01787 -0.0771994
-0.0194832 -0.0712744  -0.019715 -0.0729363 -0.0193768 -0.0690458 -0.0181082 -0.0737631
-0.0189179  -0.067771 -0.0191529   -0.06925 -0.0188457 -0.0656094 -0.0176533 -0.0700661
-0.0181174 -0.0643048 -0.0183366 -0.0655455 -0.0181406 -0.0622252 -0.0170137 -0.0663152
-0.0163681 -0.0615379 -0.0165767 -0.0624508 -0.0165437  -0.059677 -0.0154949 -0.0631222
 -0.014353 -0.0598257 -0.0145331 -0.0603502 -0.0147651  -0.058185 -0.0137649 -0.0608824
-0.0117706 -0.0592612 -0.0119336 -0.0593071 -0.0124924 -0.0578734 -0.0115126 -0.0596999
-0.00939497  -0.0595968 -0.00952632  -0.0591723  -0.0104463  -0.0584206 -0.00945251  -0.0594346
-0.00623382  -0.0608381 -0.00634865  -0.0597455 -0.00774157  -0.0599242 -0.00673981  -0.0598375
  -0.002539  -0.0627483 -0.00261081     -0.0608 -0.00464057  -0.0621094 -0.00361002  -0.0606936
   0.0011369   -0.0650031   0.00108114   -0.0621382  -0.00161485    -0.064618 -0.000544529   -0.0618589
0.00497853 -0.0680053 0.00496047 -0.0641183 0.00150473 -0.0678874 0.00262929 -0.0636888
0.00882113  -0.071011 0.00882116 -0.0661201 0.00463185 -0.0711791 0.00579794 -0.0655769
 0.0128761  -0.074679  0.0129133  -0.068713 0.00793878 -0.0751566 0.00916427 -0.0680961
  0.017253 -0.0790974  0.0173112 -0.0721432  0.0116208 -0.0799276  0.0128845 -0.0714961
 0.0216046 -0.0854436  0.0217083  -0.077401  0.0152263  -0.086609  0.0165599 -0.0767952
  0.025706 -0.0924306  0.0258117 -0.0832595  0.0184307 -0.0940044  0.0198593 -0.0827276
 0.0286046 -0.0995182  0.0287012 -0.0894833  0.0205976   -0.10139  0.0221028 -0.0890415
 0.0315385  -0.106944  0.0316047 -0.0961103  0.0227824  -0.109173  0.0243746 -0.0957582
0.0338843 -0.114441 0.0339078 -0.102995 0.0244887 -0.116968 0.0261756 -0.102681
0.0353274 -0.121669  0.035314 -0.109785 0.0254295 -0.124396 0.0272037 -0.109514
0.0358405 -0.128065 0.0357497 -0.116027 0.0255853 -0.130904 0.0274331  -0.11571
0.0356242 -0.133589 0.0354885 -0.121508 0.0251852 -0.136413 0.0271027 -0.121143
0.0348213 -0.138492  0.034621 -0.126516 0.0242939 -0.141234 0.0262516 -0.126092
 0.033255 -0.142709 0.0330741 -0.130958 0.0229254 -0.145178 0.0249387 -0.130466
 0.031646 -0.146837 0.0314847 -0.135312 0.0215231 -0.149031 0.0235676 -0.134775
0.0301548 -0.150542 0.0299974 -0.139141 0.0201032 -0.152541 0.0222191 -0.138555
 0.028049 -0.153831 0.0279108 -0.142666 0.0181984 -0.155542 0.0203698  -0.14203
 0.025539 -0.157223 0.0254299 -0.146283 0.0158647 -0.158626 0.0181374 -0.145592
0.0225353 -0.160332 0.0224397 -0.149712 0.0130685 -0.161399 0.0154426 -0.148979
 0.019756 -0.164024 0.0196458 -0.153747 0.0104664 -0.164797 0.0129531 -0.152978
 0.0167388  -0.167278  0.0165875  -0.157464 0.00770108  -0.167744  0.0102682  -0.156679
 0.0133914  -0.169996  0.0132488  -0.160667  0.0046621  -0.170115 0.00732517  -0.159905
0.00975814  -0.171153 0.00958636  -0.162442 0.00140501  -0.170917 0.00413304  -0.161724
  0.00484837    -0.169886   0.00471715    -0.162013  -0.00289463    -0.169156 -0.000124082    -0.161385
0.000261806   -0.167157 0.000203642   -0.160095 -0.00686201   -0.165979 -0.00410283   -0.159563
-0.00416891   -0.163264 -0.00416674   -0.157062  -0.0106711   -0.161662 -0.00789832   -0.156633
-0.00806789   -0.158895 -0.00805257   -0.153463  -0.0140254   -0.156918  -0.0112936   -0.153122
-0.0119662  -0.154035 -0.0119358  -0.149326  -0.017443  -0.151637 -0.0147323  -0.149065
-0.0159886  -0.149482 -0.0159927   -0.14559 -0.0209023  -0.146655  -0.018224  -0.145452
-0.0197356  -0.145602 -0.0197537  -0.142405 -0.0241945  -0.142326 -0.0215372  -0.142358
-0.0235889  -0.141088  -0.023593  -0.138675 -0.0275165  -0.137374 -0.0248919   -0.13873
 -0.027161   -0.13704 -0.0271609   -0.13533 -0.0306185  -0.132894 -0.0280199  -0.135489
-0.0309697  -0.133913 -0.0309839  -0.132911 -0.0339601   -0.12928  -0.031373  -0.133202
-0.0339731  -0.131938 -0.0339932  -0.131558 -0.0365645  -0.126931 -0.0339771  -0.131969
-0.0365216  -0.129212 -0.0365343   -0.12942 -0.0387264  -0.123911 -0.0361646  -0.129926
-0.0389036  -0.126208 -0.0389182  -0.126961 -0.0407489  -0.120591 -0.0382005   -0.12759
-0.0398431  -0.123159 -0.0398842  -0.124118 -0.0415182  -0.117322 -0.0389759  -0.124864
-0.0408135  -0.118916 -0.0408847  -0.120058 -0.0423113  -0.112812 -0.0397745  -0.120979
-0.0406593  -0.114069 -0.0407838  -0.115162   -0.04208  -0.107783  -0.039551  -0.116293
-0.0397919  -0.109948 -0.0399628  -0.110903 -0.0411999  -0.103606 -0.0386834   -0.11219
-0.0389238  -0.106182 -0.0391678  -0.106936 -0.0403257  -0.099753 -0.0378151  -0.108431
-0.0371329  -0.104173 -0.0374322  -0.104595 -0.0386862 -0.0977848 -0.0361416  -0.106191
-0.0349615  -0.102793 -0.0353605  -0.102768 -0.0367025 -0.0964985 -0.0341041  -0.104536
-0.0310417  -0.103713 -0.0315109  -0.102976 -0.0333118 -0.0977185  -0.030581  -0.104661
-0.0276056  -0.104392 -0.0281391  -0.103186 -0.0302462 -0.0987787 -0.0273922  -0.104835
-0.0233124  -0.106191 -0.0239255  -0.104329 -0.0265079  -0.101099 -0.0235206  -0.105786
-0.0194802   -0.10841 -0.0201699  -0.106083 -0.0231372   -0.10385 -0.0199877  -0.107377
-0.0147018  -0.112111 -0.0154988  -0.109198 -0.0189939  -0.108257 -0.0156436  -0.110188
-0.0098855    -0.1163 -0.0108105   -0.11274 -0.0149342  -0.113149 -0.0113584   -0.11334
-0.00453848   -0.121472 -0.00560724    -0.11726  -0.0104535   -0.119176 -0.00663142   -0.117348
  0.00120394    -0.126789 -3.31321e-05    -0.121984  -0.00564058    -0.125485  -0.00155382    -0.121463
  0.00690911    -0.132634   0.00550737    -0.127334 -0.000877661    -0.132385   0.00349835    -0.126144
 0.0133697  -0.137849   0.011765  -0.132073 0.00451678  -0.138881  0.0091639   -0.13006
 0.0195455  -0.143615  0.0177539   -0.13742 0.00960646  -0.145934  0.0145407  -0.134575
0.0250228 -0.148549 0.0230697 -0.142039 0.0141133 -0.152064 0.0193063 -0.138417
0.0301791 -0.152553   0.02807 -0.145807 0.0183441 -0.157264 0.0237691 -0.141426
0.0348339 -0.155049 0.0326125 -0.148155 0.0222572 -0.160857 0.0278116 -0.143099
0.0393358 -0.157362 0.0370315 -0.150253 0.0259824  -0.16427 0.0316673 -0.144593
0.0435971 -0.158731 0.0412334 -0.151504 0.0296171 -0.166684 0.0353749 -0.145275
0.0474703 -0.159428 0.0450976 -0.151901 0.0328295 -0.168353 0.0386281 -0.145282
0.0505077 -0.159285 0.0481534 -0.151545 0.0354415 -0.168942 0.0412124 -0.144673
0.0532169 -0.159125 0.0508851 -0.151129 0.0377421 -0.169427  0.043476 -0.144081
0.0551724 -0.158557 0.0528748 -0.150314 0.0394046 -0.169312 0.0450737 -0.143217
0.0568044 -0.157685  0.054556 -0.149113 0.0407403 -0.168837 0.0463305  -0.14209
0.0574319  -0.15679 0.0552546 -0.147946 0.0412836 -0.168049 0.0467958 -0.141093
 0.057791 -0.155812 0.0556825 -0.146651 0.0415371 -0.167148 0.0469736 -0.140034
 0.057935 -0.154897 0.0558797 -0.145414 0.0415379 -0.166321 0.0469216 -0.139051
 0.057231  -0.15437 0.0552466  -0.14444 0.0407365 -0.165608 0.0460355 -0.138518
0.0556821  -0.15411 0.0537992 -0.143731 0.0392634 -0.164852 0.0444882 -0.138256
0.0534996 -0.154216 0.0517135 -0.143331  0.037123 -0.164349 0.0422909 -0.138384
0.0501675 -0.154499 0.0485589 -0.143141 0.0341528 -0.163594 0.0392415 -0.138808
0.0464819 -0.154234 0.0450311 -0.142529 0.0308681 -0.162258  0.035828 -0.138808
0.0420456 -0.153594 0.0407905 -0.141599 0.0269275 -0.160412 0.0317771 -0.138494
0.0374755 -0.151848 0.0363954 -0.139766 0.0229198 -0.157509  0.027627  -0.13719
0.0322869 -0.150334 0.0313995 -0.138385 0.0184612 -0.154713 0.0230271 -0.136287
0.0265916 -0.147621 0.0259018 -0.135866 0.0134771 -0.150688 0.0178638 -0.134232
 0.0206294  -0.145605  0.0201036  -0.134278 0.00822927  -0.147372  0.0124843  -0.132988
 0.0149583  -0.144252  0.0146067  -0.133369 0.00318954  -0.144793 0.00731458  -0.132329
 0.00933763   -0.143587  0.00914383    -0.13328 -0.00184059   -0.142938  0.00219279   -0.132362
 0.00365024   -0.142151  0.00359476   -0.132586 -0.00689278   -0.140317  -0.0029372   -0.131674
-0.00219479   -0.141048 -0.00212048   -0.132325   -0.012114   -0.137993 -0.00824362   -0.131311
-0.00758998   -0.140514 -0.00737251   -0.132615  -0.0169794   -0.136326  -0.0131866   -0.131392
-0.0137666  -0.140812 -0.0134093  -0.134034 -0.0225286  -0.135339 -0.0187803  -0.132483
-0.0198603  -0.141186 -0.0193767  -0.135603 -0.0280184  -0.134433 -0.0243027  -0.133636
 -0.025503  -0.142065 -0.0248957  -0.137681 -0.0331143  -0.134129 -0.0294186  -0.135236
-0.0305929  -0.143409 -0.0298537  -0.140185 -0.0377391  -0.134399 -0.0340516    -0.1372
-0.0356959  -0.145498 -0.0348379  -0.143527 -0.0423707  -0.135404 -0.0386652  -0.139971
-0.0394956  -0.148137 -0.0385014  -0.147185 -0.0458877  -0.137187  -0.042125  -0.143084
-0.0434631  -0.151389  -0.042356   -0.15153 -0.0495478  -0.139527 -0.0457016  -0.146903
-0.0466898  -0.155144 -0.0454782  -0.156105 -0.0526765  -0.142348 -0.0487194  -0.150904
-0.0496525  -0.160439 -0.0483462  -0.162223 -0.0555481  -0.146801 -0.0514392   -0.15654
-0.0520333   -0.16592 -0.0507395  -0.168017 -0.0580859  -0.151238 -0.0538284  -0.161852
-0.0536569  -0.171921 -0.0523486  -0.174278 -0.0599106  -0.156412 -0.0554668  -0.167741
-0.0553433  -0.177991 -0.0540574  -0.180544 -0.0618023  -0.161609 -0.0571932   -0.17363
-0.0562961  -0.184692 -0.0550057  -0.187375 -0.0630346  -0.167632 -0.0582322  -0.180138
 -0.056567  -0.192708 -0.0553427  -0.195204 -0.0637417  -0.175052 -0.0587423  -0.187729
-0.0559148  -0.199925 -0.0547454  -0.202071 -0.0635944  -0.181969 -0.0584284  -0.194427
-0.0532373  -0.207105 -0.0522011  -0.208634 -0.0615123  -0.189373 -0.0559843  -0.201553
-0.0503829  -0.213096 -0.0494633  -0.214065 -0.0592231  -0.195715 -0.0533478  -0.207527
-0.0463689  -0.218876 -0.0456316  -0.219165 -0.0558139  -0.202223 -0.0494846  -0.213521
-0.0419227  -0.223946 -0.0413604  -0.223528  -0.051989  -0.208254 -0.0452518  -0.218692
-0.0367572  -0.229208 -0.0364103  -0.227966 -0.0475982  -0.214646 -0.0403476  -0.224003
-0.0309348  -0.233723 -0.0308122  -0.231528 -0.0426617  -0.220542 -0.0349323  -0.228327
-0.0250824   -0.23837 -0.0251559  -0.235312 -0.0377428  -0.226641 -0.0294803  -0.232761
-0.0189433  -0.241604   -0.01914  -0.237772 -0.0324477  -0.231583 -0.0237203  -0.235757
-0.0116501  -0.245591 -0.0119927  -0.240826 -0.0262543  -0.237649 -0.0170163   -0.23928
-0.00428521   -0.249273 -0.00469064   -0.243685  -0.0199167   -0.243589  -0.0101946   -0.242529
 0.00333959   -0.254705  0.00290989   -0.248304  -0.0134605   -0.251432 -0.00315206   -0.247498
 0.0104946  -0.260083 0.00994904   -0.25319 -0.0072489  -0.259242 0.00359222  -0.252687
   0.018082   -0.266404   0.0174723   -0.258863 -0.00080882   -0.268171   0.0106184   -0.258632
 0.0257636  -0.271727  0.0250679  -0.263785 0.00597195  -0.276287  0.0179633  -0.263762
0.0329052 -0.276642 0.0322298 -0.268119 0.0121619 -0.283799  0.024682   -0.2683
0.0403757 -0.280695 0.0397775 -0.271582 0.0188426 -0.290614 0.0318417 -0.271965
 0.047111 -0.284494 0.0465854 -0.274713 0.0247301 -0.296923 0.0381824 -0.275294
0.0546712 -0.286763 0.0543602 -0.276021  0.031539 -0.302004 0.0454334 -0.276875
0.0604749 -0.286795 0.0603622  -0.27524 0.0368926 -0.304211 0.0510545 -0.276325
0.0670881 -0.285231 0.0672989 -0.272465 0.0430805 -0.305129 0.0575134 -0.273914
0.0720582 -0.280295 0.0725222 -0.266588 0.0479486 -0.302179 0.0624459 -0.268366
0.0787929 -0.273985 0.0794679 -0.258948 0.0543173 -0.298656 0.0688186 -0.261288
0.0837511 -0.264351 0.0845555 -0.248256  0.059159 -0.291325 0.0734703 -0.251131
0.0877754 -0.254204 0.0887816 -0.237145 0.0634864 -0.283028 0.0775597 -0.240478
 0.090541  -0.24174 0.0916947 -0.223842 0.0667425 -0.271974  0.080383  -0.22766
0.0920508 -0.229156 0.0934064 -0.210432 0.0689468 -0.260347  0.082214 -0.214642
0.0924069  -0.21436 0.0938967 -0.194971 0.0701538 -0.246136  0.082857 -0.199612
0.0913947 -0.199655 0.0929792 -0.179967 0.0701428 -0.231639 0.0823209 -0.184834
0.0894891 -0.182932 0.0910926 -0.163205 0.0694119 -0.214832 0.0808874 -0.168228
0.0855728 -0.166834 0.0872466 -0.147356 0.0670645 -0.197591 0.0777854 -0.152375
0.0810008 -0.150152 0.0826816 -0.131121 0.0640533 -0.179628 0.0739677 -0.136082
0.0735949 -0.135172 0.0753155 -0.117291 0.0586139 -0.161935 0.0676895 -0.121965
0.0659522  -0.12096 0.0676598  -0.10438 0.0527313 -0.145046 0.0609991 -0.108793
 0.0565368  -0.108548  0.0582595 -0.0939208   0.045309   -0.12907   0.052815 -0.0977929
 0.0467245 -0.0962797   0.048407 -0.0838486  0.0373162  -0.113187  0.0440477 -0.0871682
 0.0354136 -0.0852744   0.037039 -0.0759095  0.0279684  -0.098011  0.0339703 -0.0784167
 0.0241073 -0.0746504  0.0256561 -0.0685086  0.0184902 -0.0832681  0.0237786 -0.0702298
 0.0113587 -0.0656456   0.012847 -0.0636421 0.00774857 -0.0696455   0.012401 -0.0644263
-0.00102826  -0.0582193 0.000421676  -0.0603517 -0.00287549  -0.0577747  0.00124503   -0.060314
-0.0136759 -0.0529706 -0.0122306 -0.0595705 -0.0138603 -0.0480616 -0.0101272 -0.0587772
-0.0258641 -0.0496434 -0.0243778 -0.0606379 -0.0246263 -0.0404744 -0.0211335 -0.0592139
-0.0378727 -0.0491938 -0.0362755 -0.0646399 -0.0354069 -0.0359074 -0.0319502 -0.0626712
 -0.049001 -0.0510487 -0.0472349 -0.0706537  -0.045575 -0.0339682 -0.0419659 -0.0682805
-0.0600552 -0.0554414 -0.0580537 -0.0791791 -0.0558239 -0.0346825 -0.0518886 -0.0764169
-0.0701604 -0.0611726 -0.0678819 -0.0887347 -0.0653081 -0.0371154 -0.0609427 -0.0856006
-0.0796239 -0.0679889 -0.0770552 -0.0991142 -0.0742248 -0.0409594 -0.0693639 -0.0956513
-0.0883427 -0.0750508 -0.0854822  -0.109502  -0.082451 -0.0454607 -0.0770838  -0.105749
-0.0959327 -0.0830604 -0.0927747  -0.120433 -0.0896159  -0.051542 -0.0836758  -0.116581
 -0.102652 -0.0919807 -0.0991556  -0.132078 -0.0960187 -0.0590038 -0.0894579  -0.128038
 -0.108029  -0.101352  -0.104165  -0.143919   -0.10113 -0.0677394 -0.0939306  -0.139707
 -0.112022  -0.111131  -0.107757  -0.155878  -0.104918 -0.0776623 -0.0970683  -0.151524
 -0.113653  -0.122855  -0.108921  -0.168965  -0.106595  -0.090334 -0.0979697  -0.164562
 -0.114279  -0.135792   -0.10898  -0.183226  -0.107294  -0.104875 -0.0978126  -0.178838
 -0.112745  -0.150537  -0.106773  -0.198572  -0.106035   -0.12186 -0.0956104  -0.194164
 -0.109918  -0.166017   -0.10317  -0.214407  -0.103459  -0.140131 -0.0920446  -0.210111
  -0.10474  -0.183975 -0.0971099  -0.231457 -0.0988777  -0.161035 -0.0864093  -0.227113
-0.0987585  -0.201468 -0.0902006  -0.247853 -0.0933122  -0.181699 -0.0797931  -0.243764
-0.0923665  -0.218773 -0.0827396  -0.264185 -0.0870909  -0.202406  -0.072539  -0.260397
-0.0848998  -0.235703 -0.0741724  -0.279584  -0.079664  -0.222768 -0.0641468    -0.2762
-0.0774125  -0.252959 -0.0654265   -0.29525  -0.072037  -0.243343 -0.0556539  -0.292124
-0.0689881   -0.27038 -0.0557003  -0.310418 -0.0633705  -0.263879 -0.0461632  -0.307666
-0.0598098  -0.287674 -0.0451281  -0.324711 -0.0539734  -0.283933 -0.0360808  -0.322278
-0.0499692  -0.303454 -0.0339821  -0.336804 -0.0438363  -0.302068 -0.0253868  -0.334842
-0.0390841  -0.318854 -0.0219632  -0.347291 -0.0329426  -0.319222 -0.0140555  -0.345912
 -0.0272916    -0.33215 -0.00916545   -0.355024  -0.0210766   -0.333912 -0.00190866   -0.354316
 -0.0147122   -0.344767  0.00432664   -0.361224 -0.00864043   -0.347434   0.0107915   -0.361251
-0.00176093   -0.354975   0.0180026    -0.36476   0.0043388   -0.358191   0.0238373    -0.36551
0.0110916 -0.362961 0.0315072 -0.365757 0.0170623 -0.366293 0.0365918 -0.367209
0.0233786 -0.368296 0.0441353 -0.364453 0.0292959 -0.371411 0.0485922 -0.366535
0.0361291 -0.372243 0.0569678 -0.361464 0.0416898 -0.374903 0.0607531 -0.364057
0.0487758 -0.375503 0.0695734 -0.357998 0.0541248  -0.37735  0.072706 -0.361034
0.0603195 -0.375262 0.0808786 -0.351605  0.065423 -0.376065 0.0832769 -0.355127
0.0703607 -0.372425 0.0904627 -0.343511 0.0751032 -0.372116 0.0920906 -0.347508
0.0788208 -0.366628 0.0983437 -0.333467  0.083361 -0.365121 0.0994108 -0.337791
 0.084651 -0.358346  0.103428 -0.322337 0.0885855  -0.35635  0.103946 -0.326886
 0.088212 -0.346482  0.106141  -0.30889 0.0918472 -0.343952  0.106296 -0.313703
0.0908652  -0.33151  0.107696 -0.292963 0.0939115 -0.328871  0.107425 -0.298037
0.0920048  -0.31389  0.107677 -0.275216 0.0947335 -0.311017  0.107165 -0.280498
0.0915535 -0.294692  0.106061 -0.256404 0.0937641 -0.292045  0.105247 -0.261978
 0.089541 -0.274948  0.103013 -0.237597 0.0915869 -0.272309  0.102076 -0.243528
0.0858605 -0.252962 0.0982139 -0.217107 0.0875169 -0.250804 0.0971163 -0.223334
0.0805748 -0.230201 0.0916598 -0.197278 0.0821019 -0.228517 0.0907496  -0.20325
0.0743871 -0.207599 0.0842863 -0.177692 0.0757465 -0.206418 0.0834685 -0.183552
0.0666826 -0.184529 0.0753689 -0.158794 0.0682862 -0.183665 0.0750746 -0.163974
0.0575322 -0.161169 0.0650974 -0.139995 0.0595174 -0.160575 0.0653723 -0.144591
0.0481798 -0.139454  0.054688 -0.123091 0.0506413 -0.139117 0.0556429  -0.12692
0.0381191 -0.119372 0.0437031 -0.108036 0.0411466 -0.119318 0.0453844  -0.11111
 0.0275933  -0.101239  0.0323356  -0.095298  0.0312838  -0.101578  0.0348546 -0.0975426
 0.0172171 -0.0852363  0.0212471 -0.0845884  0.0216367 -0.0859971  0.0246354  -0.086062
0.00685648 -0.0715878  0.0102708 -0.0761835  0.0119774 -0.0728894  0.0145162  -0.076954
-0.00432716  -0.0588722 -0.00146092  -0.0688808  0.00146595  -0.0608178  0.00357787  -0.0690391
 -0.0150888  -0.0485027  -0.0126523  -0.0636398 -0.00862696  -0.0511239 -0.00684312  -0.0632676
-0.0257753 -0.0402336 -0.0236631 -0.0602793 -0.0186894 -0.0435614   -0.01717 -0.0593979
-0.0354242 -0.0352887 -0.0334844 -0.0595498 -0.0278378 -0.0392219 -0.0264643 -0.0581804
-0.0447711  -0.033284 -0.0428737 -0.0615518 -0.0366562 -0.0378478 -0.0353281 -0.0597492
-0.0529752 -0.0351279 -0.0509428 -0.0666943 -0.0444903 -0.0401207 -0.0430869 -0.0643865
-0.0608091 -0.0396048 -0.0585539 -0.0741973  -0.051904 -0.0449355 -0.0503388 -0.0715391
-0.0675463 -0.0468919 -0.0649449 -0.0840211 -0.0582927  -0.052455  -0.056486 -0.0809838
-0.0726808 -0.0568692 -0.0696567   -0.09571 -0.0631271  -0.062602 -0.0610061 -0.0925344
-0.0766491 -0.0697291 -0.0730714  -0.109811 -0.0669003 -0.0755367 -0.0643979  -0.106362
-0.0795775 -0.0851534 -0.0753585   -0.12613 -0.0695769 -0.0911515 -0.0666288  -0.122605
-0.0807295  -0.103922  -0.075738  -0.144943 -0.0706438  -0.109954 -0.0671768  -0.141324
-0.0814304  -0.124627 -0.0756188  -0.165513 -0.0712088  -0.130758 -0.0671904   -0.16194
-0.0810426  -0.147091  -0.074281  -0.187709 -0.0706261   -0.15354 -0.0660507  -0.184155
-0.0801483  -0.171892 -0.0723649  -0.212012  -0.069465  -0.178698 -0.0642939  -0.208648
-0.0777991  -0.197278 -0.0690543  -0.236095 -0.0669751  -0.204154 -0.0611568  -0.233166
-0.0750572  -0.223933 -0.0653651   -0.26118 -0.0641402   -0.23075  -0.057622  -0.258766
-0.0704694   -0.25105 -0.0600695  -0.285527  -0.059722  -0.257418  -0.052542  -0.283779
-0.0651404  -0.277267 -0.0539729  -0.308858  -0.054708  -0.283161 -0.0468581  -0.307581
-0.0591056  -0.302964 -0.0473894  -0.331268 -0.0491309  -0.308237 -0.0406317  -0.330515
-0.0520429  -0.327623 -0.0397041  -0.352363 -0.0426745  -0.332262 -0.0335396   -0.35196
-0.0447278  -0.350254 -0.0319661  -0.371445 -0.0359162  -0.354313 -0.0262623  -0.371385
  -0.03702  -0.371268 -0.0237726  -0.388845 -0.0288724  -0.374717 -0.0186935  -0.388983
-0.0289975   -0.39091 -0.0154196   -0.40481 -0.0214926   -0.39375 -0.0109442  -0.405087
 -0.0211547   -0.408587 -0.00719793   -0.418879  -0.0144162   -0.410783 -0.00343239   -0.419196
 -0.0132044   -0.424095 0.000871865   -0.430828 -0.00720096   -0.425641  0.00400603   -0.431123
-0.00515908   -0.436678  0.00913698   -0.439751 -4.4374e-05   -0.437525   0.0114211   -0.439949
0.00346713  -0.446519  0.0175137  -0.445626 0.00711362  -0.446607  0.0187151  -0.445669
 0.012132 -0.452889 0.0260303 -0.448063 0.0143057 -0.452292 0.0259821 -0.447972
0.0205311 -0.456438 0.0339964 -0.447871 0.0210327 -0.455279 0.0325637 -0.447685
0.0280861 -0.456428 0.0411299  -0.44457 0.0270445 -0.454859 0.0385047 -0.444267
  0.03424 -0.453617 0.0468636 -0.439185 0.0321207  -0.45169 0.0432612 -0.438804
0.0396778  -0.44739 0.0518529 -0.430689 0.0365712 -0.445164 0.0473464 -0.430252
 0.042988 -0.438236 0.0548816 -0.419984 0.0394441 -0.435662 0.0496913 -0.419592
0.0465752 -0.427679 0.0582239 -0.407735 0.0425509 -0.424757 0.0523787 -0.407384
 0.045834 -0.413576 0.0573974  -0.39298 0.0414651 -0.410548 0.0508665 -0.392981
 0.045262 -0.397893 0.0566297 -0.376797 0.0406103 -0.394796 0.0496196 -0.377053
 0.041264  -0.37942 0.0524269  -0.35871 0.0362777 -0.376497 0.0448584 -0.359369
 0.038321 -0.359261 0.0493085 -0.338497 0.0329378 -0.356444 0.0410911  -0.33959
0.0352237  -0.33778 0.0459301 -0.317274 0.0297142 -0.334991 0.0373364 -0.318643
0.0319696 -0.315491 0.0422918 -0.295454 0.0263559 -0.312772 0.0334407 -0.297017
0.0292193  -0.29313 0.0390458 -0.273637 0.0235412 -0.290493 0.0302283 -0.275192
0.0253457 -0.270062  0.034547 -0.251749 0.0197339 -0.267575 0.0259525 -0.253167
0.0211747 -0.247413 0.0297451  -0.23039 0.0156124 -0.245088 0.0214392 -0.231585
0.0162358 -0.225211 0.0241075 -0.209922 0.0107977 -0.223094 0.0162126 -0.210801
 0.0107516  -0.203988  0.0179577  -0.190598 0.00545874  -0.202072  0.0104426  -0.191138
  0.00478968    -0.183228    0.0112657    -0.172114 -0.000238042    -0.181548     0.004294    -0.172255
-0.00134897   -0.163854  0.00445425   -0.155005 -0.00611849   -0.162397 -0.00206563   -0.154754
-0.00781535   -0.146159 -0.00262039   -0.139759  -0.0122388   -0.144947 -0.00861763   -0.139097
-0.0135663  -0.130857 -0.0089074  -0.126582 -0.0177076  -0.129859 -0.0144758  -0.125547
 -0.019046   -0.11718  -0.014868  -0.114947 -0.0228882  -0.116391 -0.0199967  -0.113566
-0.0242464  -0.105609 -0.0204653  -0.105325 -0.0277772  -0.105037  -0.025174  -0.103622
-0.0293179 -0.0961968 -0.0258852 -0.0978196 -0.0324847 -0.0958657 -0.0301259 -0.0958557
-0.0340001 -0.0901801 -0.0307768 -0.0936357 -0.0367785 -0.0900865 -0.0345497 -0.0915002
-0.0382005 -0.0872088 -0.0350988 -0.0922135 -0.0406453 -0.0873011 -0.0384853 -0.0899456
-0.0424718 -0.0869718 -0.0393538 -0.0937928 -0.0444589 -0.0873778   -0.04228 -0.0914562
-0.0461316 -0.0892415 -0.0429269 -0.0976684 -0.0476419 -0.0900331 -0.0454089  -0.095338
-0.0490929 -0.0942866 -0.0456872  -0.104167 -0.0501158  -0.095549 -0.0477794  -0.101848
-0.0507658  -0.102375 -0.0470261   -0.11318 -0.0514674     -0.104 -0.0489649  -0.110781
 -0.051627  -0.112794 -0.0474544  -0.124321  -0.051969   -0.11486  -0.049246   -0.12196
-0.0516012  -0.125611 -0.0468832  -0.137464 -0.0516829  -0.128003 -0.0486686  -0.135149
-0.0506882  -0.140208 -0.0453277  -0.152177 -0.0504175  -0.143015   -0.04709  -0.150003
-0.0491475  -0.156936 -0.0430447   -0.16864 -0.0485983   -0.16001 -0.0449106  -0.166589
-0.0467273  -0.175013 -0.0398471  -0.185966 -0.0459752  -0.178157 -0.0418707  -0.184119
-0.0435561  -0.194464 -0.0358059  -0.204229 -0.0427232  -0.197486 -0.0381311  -0.202571
-0.0389754  -0.214857 -0.0303876  -0.222555 -0.0383317  -0.217414 -0.0332079   -0.22111
-0.0345857  -0.235094 -0.0251339  -0.240776 -0.0341319  -0.237183 -0.0284767  -0.239495
-0.0293508  -0.255942 -0.0191034  -0.259043 -0.0292936  -0.257385 -0.0231162  -0.257937
-0.0242163  -0.277232 -0.0131458  -0.277831 -0.0245418  -0.278053 -0.0177711   -0.27692
 -0.0184065   -0.298611 -0.00657775   -0.296359  -0.0193176   -0.298709  -0.0119048   -0.295652
  -0.0129669    -0.318887 -0.000327008    -0.314134   -0.0142726    -0.318408  -0.00624661    -0.313628
 -0.00751741    -0.337335   0.00569567     -0.32994  -0.00958214     -0.33624 -0.000925634     -0.32962
-0.00231472   -0.353705   0.0114541   -0.343984 -0.00491025   -0.352138  0.00431834   -0.343858
 0.00347438   -0.368433   0.0175591   -0.356188 0.000211605   -0.366406  0.00981663   -0.356266
0.00887926  -0.381072  0.0232184  -0.366678 0.00514544   -0.37869  0.0150752  -0.366938
 0.0143353  -0.392219  0.0287954  -0.375699 0.00998173  -0.389534  0.0202246  -0.376127
0.0197311 -0.401486 0.0342458 -0.383088 0.0149983 -0.398542 0.0254139 -0.383654
0.0231144 -0.408444 0.0375534 -0.388733 0.0177603 -0.405392 0.0281013 -0.389511
 0.026146 -0.413117 0.0404383 -0.392386 0.0203591  -0.40999 0.0306178 -0.393305
 0.029262 -0.415939 0.0431565 -0.394189 0.0227089 -0.412844 0.0328785 -0.395232
0.0320806 -0.415509  0.045531 -0.393187 0.0252426 -0.412429 0.0351715 -0.394281
0.0345623 -0.412224 0.0473446 -0.389396 0.0269978 -0.409333 0.0367577 -0.390533
0.0367401 -0.406422 0.0488529  -0.38348 0.0289282 -0.403666 0.0383858 -0.384574
0.0379366 -0.397979 0.0492532 -0.375202 0.0296707  -0.39549 0.0388198 -0.376251
0.0391519 -0.387822 0.0497083 -0.365479 0.0308785 -0.385521 0.0396772 -0.366372
0.0391045 -0.375772 0.0488861 -0.354256 0.0308368 -0.373734 0.0392791 -0.355007
0.0393854 -0.363414 0.0485507 -0.342621 0.0314115 -0.361515 0.0394501 -0.343254
0.0382108 -0.348455 0.0467382 -0.328731 0.0305442 -0.346728 0.0381337 -0.329272
0.0369935 -0.331841 0.0447863 -0.313618 0.0300178 -0.330224 0.0371816 -0.313815
0.0347974 -0.312598 0.0418424 -0.295951 0.0283779 -0.311142  0.035091 -0.295888
0.0325231 -0.292796 0.0388318 -0.277835  0.026822 -0.291448 0.0331004 -0.277434
0.0294726 -0.270794 0.0350498 -0.257498  0.024351 -0.269592 0.0301509 -0.256884
0.0250018 -0.247458 0.0297237 -0.236515 0.0207982 -0.246388 0.0260021 -0.235633
0.0198407 -0.222892 0.0238129 -0.214166 0.0164593 -0.221986 0.0210889 -0.213212
0.0144752 -0.198944 0.0177246 -0.192452 0.0119955 -0.198205 0.0160407 -0.191508
0.00818232  -0.174529  0.0108425   -0.17022 0.00659311     -0.174  0.0100795  -0.169505
0.00222288  -0.151608 0.00435229  -0.149286 0.00149277  -0.151328 0.00445759  -0.148906
-0.00450121   -0.128665 -0.00278655   -0.128349 -0.00436529   -0.128734  -0.0018896   -0.128506
 -0.0098122   -0.108323 -0.00841417    -0.10942 -0.00909932   -0.108737 -0.00705262   -0.110093
-0.0155791 -0.0886314 -0.0144608 -0.0911785  -0.014323 -0.0894883 -0.0126707 -0.0924691
-0.0206541 -0.0711919 -0.0197573 -0.0749735  -0.018984 -0.0725238 -0.0176648 -0.0768454
-0.0257796 -0.0550265 -0.0250867  -0.060038  -0.023738 -0.0569042 -0.0227124 -0.0625283
-0.0306328 -0.0414223 -0.0301164 -0.0475748 -0.0282668 -0.0438715 -0.0274774 -0.0506868
-0.0349301 -0.0299971 -0.0345638 -0.0370556 -0.0323486 -0.0329972 -0.0317533  -0.040737
-0.0388613 -0.0209998 -0.0386093  -0.028871 -0.0361151 -0.0245333  -0.035664   -0.03306
-0.0424588 -0.0143116 -0.0422894  -0.023026 -0.0395319 -0.0184399 -0.0391837 -0.0276667
 -0.045583 -0.0107085 -0.0454568 -0.0201323 -0.0425143 -0.0153458 -0.0422175 -0.0251163
 -0.0484012 -0.00958162  -0.0482819  -0.0198194  -0.0451486  -0.0148255  -0.0448643   -0.025071
-0.0506473 -0.0117231 -0.0504867 -0.0225679 -0.0472641 -0.0174211 -0.0469435 -0.0279718
-0.0527095  -0.016475 -0.0524573  -0.028148 -0.0491002 -0.0228006 -0.0487064 -0.0336542
-0.0541818 -0.0243815 -0.0537793 -0.0365997 -0.0504031 -0.0311295 -0.0498961 -0.0420816
-0.0554655 -0.0343179  -0.054846 -0.0472764 -0.0514495 -0.0416243 -0.0508084 -0.0526179
-0.0557049 -0.0472334 -0.0547953 -0.0604714 -0.0515551 -0.0547914 -0.0507404  -0.065548
 -0.055865 -0.0623571 -0.0545697 -0.0760751 -0.0514573 -0.0703373 -0.0504481 -0.0808612
-0.0547034 -0.0805703  -0.052921  -0.094141 -0.0502064  -0.088568  -0.048966 -0.0984301
-0.0538339  -0.100341 -0.0514647  -0.113999 -0.0490807  -0.108486 -0.0475952   -0.11784
-0.0513034    -0.1231 -0.0482173  -0.136041  -0.046542  -0.130912  -0.044779  -0.139188
-0.0484915  -0.147483 -0.0445787  -0.159718 -0.0435292  -0.155057 -0.0415285  -0.162225
-0.0451848  -0.171926 -0.0403312  -0.183287 -0.0400096  -0.179156 -0.0377688  -0.185176
-0.0414945   -0.19594 -0.0357093  -0.206022 -0.0362394  -0.202566 -0.0337586   -0.20736
-0.0375137  -0.219024 -0.0307586  -0.227762  -0.032078  -0.225038 -0.0293922  -0.228655
 -0.033053  -0.241543 -0.0253379  -0.248433 -0.0277125  -0.246677 -0.0248259  -0.248884
-0.0281439  -0.263112 -0.0194573  -0.268052 -0.0227806  -0.267339  -0.019703   -0.26821
-0.0230182  -0.283923 -0.0134038   -0.28657 -0.0178731  -0.287093 -0.0146149  -0.286482
 -0.0172892   -0.303342 -0.00673426   -0.303583  -0.0122172     -0.3054 -0.00875995   -0.303385
 -0.0113429   -0.321184 3.02778e-05   -0.318661 -0.00665549   -0.322026 -0.00304054    -0.31841
 -0.00489263    -0.337263   0.00730268    -0.331861 -0.000463066    -0.336829    0.0033293    -0.331662
0.00175966  -0.351424  0.0145556  -0.342896 0.00563752  -0.349675 0.00954537  -0.342808
0.00861367  -0.363499  0.0220499  -0.351807  0.0120931  -0.360398  0.0161162  -0.351901
0.0155166 -0.373331 0.0293656 -0.358328 0.0182984 -0.368906 0.0223427  -0.35867
0.0227822 -0.380824 0.0370239 -0.362513 0.0250687 -0.374981 0.0291968 -0.363094
0.0300631 -0.385724 0.0443844  -0.36415 0.0316237 -0.378521 0.0356522 -0.364998
0.0372216 -0.388067 0.0515562 -0.363396 0.0380958 -0.379546 0.0421369 -0.364437
0.0425663  -0.38655 0.0568265 -0.359532 0.0429112 -0.376985 0.0468374 -0.360768
0.0477696  -0.38249  0.061831 -0.353356 0.0475638 -0.371976 0.0515737 -0.354576
0.0516243 -0.375126 0.0653505 -0.344423 0.0508541 -0.363932 0.0548208 -0.345656
0.0552096 -0.365276 0.0685981 -0.333062 0.0539066 -0.353436 0.0579397 -0.334212
0.0564123 -0.352073 0.0690522 -0.319976  0.054763 -0.340096 0.0587492 -0.320638
0.0565498 -0.337172 0.0687135 -0.305377  0.055012 -0.324938 0.0590739 -0.305459
0.0562482 -0.319693 0.0677961 -0.288226  0.054502 -0.307464 0.0585724 -0.287884
0.0561712 -0.300724 0.0670376 -0.269539 0.0541283 -0.288545  0.058285 -0.268651
0.0555066 -0.279664 0.0655631 -0.249047 0.0530934 -0.267704  0.057215 -0.247671
0.0540336 -0.257836 0.0633261 -0.228052 0.0513478 -0.246251 0.0554968 -0.226146
 0.051936 -0.234462 0.0603405 -0.205864 0.0489727 -0.223353 0.0529849 -0.203476
0.0489771 -0.210215 0.0565084 -0.183128 0.0458278 -0.199747 0.0497289 -0.180236
0.0459351 -0.185663 0.0525713 -0.160018 0.0425321 -0.175812 0.0461791 -0.156788
0.0425226 -0.161427 0.0482596 -0.137425 0.0388901 -0.152299 0.0422679 -0.133859
0.0390381   -0.1373 0.0438969 -0.114827  0.035122 -0.128884   0.03814   -0.1111
 0.0346711  -0.113611  0.0386669 -0.0930821  0.0305728  -0.106089  0.0332022 -0.0893059
    0.0299 -0.0903454  0.0330544 -0.0718261  0.0255992 -0.0837865  0.0277732 -0.0682042
 0.0243324 -0.0687544   0.026738 -0.0525042  0.0199783 -0.0632415  0.0216842 -0.0492696
 0.0187742 -0.0486395  0.0204863 -0.0345446  0.0143223 -0.0441877  0.0155472 -0.0318743
 0.0124498 -0.0301565  0.0135432 -0.0184791 0.00801835 -0.0268881 0.00877063 -0.0166403
 0.00623721  -0.0131871  0.00676418 -0.00381694  0.00179556  -0.0111185   0.0020874 -0.00295969
-3.64684e-05   0.00187064 -5.80751e-06   0.00896601   -0.0044677   0.00270971   -0.0046026   0.00868279
-0.00580922   0.0151676  -0.0062123   0.0202955  -0.0102922   0.0148748  -0.0108254   0.0188279
-0.0113318  0.0266426 -0.0121082  0.0298984 -0.0158435  0.0252574  -0.016739  0.0271754
-0.0166927  0.0361773 -0.0177772  0.0376616 -0.0212221  0.0337366 -0.0224303  0.0336272
-0.0217529  0.0436726 -0.0230762  0.0434991 -0.0262663  0.0402435 -0.0277285  0.0381425
-0.0264667  0.0495948 -0.0279762  0.0479692 -0.0309976  0.0452587 -0.0326599  0.0413469
-0.0306928  0.0531305 -0.0323023  0.0502713 -0.0352116  0.0480098 -0.0369843  0.0425044
-0.0341193  0.0544474 -0.0357635  0.0506107 -0.0386259   0.048687 -0.0404308  0.0418982
-0.0372305  0.0537521  -0.038838  0.0490215 -0.0416627  0.0473904 -0.0434104  0.0394749
-0.0394742  0.0510292 -0.0409905  0.0456302 -0.0438358  0.0442008 -0.0454529  0.0355117
-0.0414733   0.046342 -0.0428308  0.0403103 -0.0457077  0.0390734  -0.047107   0.029771
-0.0425691  0.0395494 -0.0436934  0.0332536 -0.0466997  0.0320193 -0.0478071  0.0225448
-0.0434224  0.0309119 -0.0442449  0.0244357 -0.0474115  0.0231492 -0.0481526  0.0136781
-0.0426024  0.0199323 -0.0430381  0.0141273 -0.0465884  0.0123954 -0.0469053 0.00378908
 -0.0416845  0.00768874  -0.0416861  0.00255542  -0.0456039 0.000379487  -0.0454523 -0.00732569
 -0.0397351 -0.00628201  -0.0392433  -0.0103226  -0.0436262  -0.0131623  -0.0429666  -0.0194804
 -0.037837 -0.0208735 -0.0368284  -0.023862  -0.041657 -0.0273068 -0.0404747 -0.0323311
-0.0349481 -0.0367971   -0.03338 -0.0382475 -0.0387929 -0.0425262 -0.0370744 -0.0457628
-0.0317738 -0.0527224 -0.0296433  -0.052544 -0.0356649 -0.0576918  -0.033424 -0.0590955
-0.0281927 -0.0686872  -0.025506 -0.0666817 -0.0321692 -0.0728306  -0.029445 -0.0721994
-0.0241332 -0.0841703 -0.0209078 -0.0801904  -0.028224 -0.0874057 -0.0250554 -0.0846505
-0.0195321 -0.0995303 -0.0157691 -0.0933707 -0.0237763   -0.10176 -0.0202081 -0.0967054
-0.0144463  -0.114041 -0.0101898  -0.105497 -0.0189091  -0.115161 -0.0149944  -0.107707
-0.00922958   -0.127878 -0.00450278   -0.116927  -0.0139265    -0.12786 -0.00971108   -0.118048
-0.00398523   -0.140574  0.00117271   -0.127224 -0.00894789   -0.139409 -0.00447628   -0.127325
 0.00134745   -0.152188  0.00689605   -0.136428 -0.00390524   -0.149863 0.000773553   -0.135563
 0.00642652   -0.162205   0.0123175   -0.144143 0.000860476   -0.158773  0.00570938   -0.142417
 0.0113363  -0.170961  0.0175233  -0.150733 0.00548485  -0.166464  0.0104629   -0.14822
  0.015945   -0.17799  0.0223644  -0.155758 0.00979622  -0.172503  0.0148777  -0.152538
 0.019962 -0.183181 0.0265699 -0.159156 0.0135221  -0.17682 0.0186251 -0.155396
0.0236447 -0.186739 0.0303774 -0.161097 0.0169101 -0.179589 0.0220139 -0.156867
 0.026821 -0.188828 0.0336414 -0.161762 0.0198029 -0.180996  0.024857 -0.157197
0.0296803  -0.18932  0.036538 -0.161014 0.0224131 -0.180876 0.0273994 -0.156162
0.0319663 -0.188156 0.0388043 -0.158765 0.0243933 -0.179238 0.0292559 -0.153787
0.0337508 -0.185179 0.0405088 -0.155045 0.0259878 -0.175868 0.0307138 -0.149939
0.0347342 -0.180443 0.0413669 -0.149814 0.0267673  -0.17091 0.0313077 -0.144758
0.0357012 -0.174306  0.042132  -0.14333 0.0275667 -0.164561 0.0318979  -0.13826
 0.036152 -0.166932 0.0423287 -0.135779 0.0277894 -0.157137 0.0318967 -0.130807
0.0366305 -0.158593 0.0425049 -0.127384 0.0281111 -0.148718  0.031958 -0.122457
0.0366405 -0.148738 0.0421671 -0.117584 0.0279112 -0.138901 0.0314714 -0.112809
 0.036229 -0.138149 0.0414123 -0.107289 0.0274627 -0.128331 0.0307046 -0.102689
 0.0353489  -0.126521  0.0401381 -0.0961488  0.0265151  -0.116865  0.0294254 -0.0918065
 0.0345827  -0.114982  0.0389823 -0.0850382  0.0256954  -0.105444  0.0282729 -0.0809574
 0.0332967  -0.102215  0.0372465 -0.0729327  0.0243348 -0.0929408   0.026561 -0.0691845
 0.0318268 -0.0889037  0.0353052  -0.060393  0.0228343 -0.0799076  0.0247002 -0.0569902
 0.0297069 -0.0745916  0.0326564 -0.0471457   0.020662  -0.066069  0.0221573 -0.0441733
 0.0276718 -0.0600862  0.0300612 -0.0337365  0.0185531 -0.0520578  0.0196842 -0.0311573
 0.0252024 -0.0452119  0.0270063 -0.0202227  0.0160459 -0.0378057  0.0168246 -0.0180425
  0.0221519  -0.0301409    0.023358 -0.00685526   0.0130582  -0.0234804   0.0134943 -0.00510718
  0.0187808   -0.014739   0.0193604  0.00659926   0.0097785 -0.00894926  0.00988273  0.00792321
  0.0151371 0.000647329   0.0150767   0.0198398  0.00625847  0.00546894  0.00604583    0.020739
 0.0114444  0.0159158  0.0107374  0.0328641 0.00269586  0.0197172  0.0021797  0.0333739
 0.00747745   0.0309323  0.00613063   0.0454146 -0.00109212   0.0336066  -0.0018922   0.0455404
0.00362475  0.0457695  0.0016408     0.0578 -0.0047719  0.0473175 -0.0058493  0.0575615
-0.000594919    0.0604298  -0.00321236    0.0697812   -0.0087769    0.0607241   -0.0101125    0.0691585
-0.00453969    0.074554 -0.00776914   0.0813216  -0.0125094   0.0736432  -0.0140951   0.0803322
-0.00823818   0.0878176  -0.0120437   0.0921147  -0.0159967   0.0857501   -0.017804   0.0907881
-0.0118694   0.100316 -0.0162096   0.102172 -0.0193973  0.0970966 -0.0214065   0.100506
-0.0154249   0.111564 -0.0202525   0.111002 -0.0226877   0.107203 -0.0248703   0.109013
-0.0187609   0.121632 -0.0240152   0.118696 -0.0257003   0.116166 -0.0280412   0.116359
-0.0207581   0.129358 -0.0264274   0.124722 -0.0274863   0.123207 -0.0299575   0.122295
-0.0222953    0.13514 -0.0282476   0.129055 -0.0287433   0.128449 -0.0313004   0.126541
 -0.023936    0.13957 -0.0300984    0.13195 -0.0299983    0.13233 -0.0326133   0.129353
-0.0252518   0.140935 -0.0314572   0.131945  -0.030807   0.133244 -0.0334041    0.12928
-0.0261069   0.140008 -0.0323219   0.129824 -0.0311406   0.132029 -0.0336774   0.127285
-0.0267191   0.136858 -0.0328025   0.125578 -0.0311143   0.128645 -0.0335285   0.123144
-0.0268637   0.131846 -0.0327745   0.119721 -0.0306378   0.123574 -0.0328989    0.11755
-0.0265933   0.124408 -0.0321586   0.111754 -0.0296557   0.116242 -0.0317287   0.109785
-0.0254928   0.114727 -0.0306586   0.101891 -0.0278557   0.106898  -0.029734   0.100201
-0.0241212   0.103127  -0.028756  0.0903248 -0.0257101  0.0957439 -0.0273638  0.0888606
-0.0229718  0.0903008 -0.0270376  0.0773545  -0.023723  0.0832724 -0.0251404  0.0761077
-0.0211761  0.0755868 -0.0245683   0.062914 -0.0210944   0.069122 -0.0222517  0.0618795
-0.0191761  0.0599097 -0.0218591  0.0475893 -0.0182522  0.0540531 -0.0191476  0.0467576
-0.0168309  0.0430851 -0.0187364   0.031377 -0.0150714  0.0379581 -0.0156892  0.0307319
-0.0138402   0.025473 -0.0149362   0.014723 -0.0112968  0.0212495 -0.0116322  0.0142629
 -0.0108353  0.00733725  -0.0110929 -0.00240863 -0.00750967  0.00401214   -0.007548  -0.0027118
 -0.0074727  -0.0110084   -0.006886  -0.0195172 -0.00343904  -0.0133503 -0.00317077  -0.0196557
 -0.0040721  -0.0292679 -0.00265128  -0.0364958 0.000626015  -0.0306471  0.00120889  -0.0364862
-0.000401337   -0.0473811   0.00184819   -0.0532087   0.00492275   -0.0477627   0.00583086   -0.0530489
0.00314573 -0.0651504  0.0062021  -0.069635 0.00907003  -0.064598  0.0103097  -0.069334
0.00655196 -0.0823198  0.0103897 -0.0855296  0.0130576 -0.0808914  0.0146208 -0.0851005
0.00956568 -0.0985873  0.0141332  -0.100718  0.0166299 -0.0964104  0.0185053  -0.100178
0.0121675 -0.113632 0.0173955 -0.114929 0.0197957 -0.110818   0.02195 -0.114288
0.0147666 -0.127319 0.0205835 -0.127752 0.0228766 -0.123875 0.0252783 -0.127015
0.0170616 -0.139434 0.0233929 -0.139113 0.0255932 -0.135437 0.0281995 -0.138304
0.0188398 -0.149696 0.0255869 -0.148892 0.0277608 -0.145289  0.030545 -0.148008
 0.020829 -0.158587 0.0279416 -0.157116 0.0300416 -0.153702 0.0329642 -0.156173
0.0221551 -0.165269 0.0295257 -0.163423 0.0316067 -0.160073 0.0346061 -0.162467
0.0240096 -0.171109 0.0316324 -0.168525 0.0336373 -0.165394 0.0366498 -0.167588
0.0252369 -0.174584 0.0329941 -0.171578 0.0349912 -0.168529 0.0379828 -0.170673
0.0268255 -0.176734 0.0346944 -0.172997 0.0366189 -0.170181 0.0395278 -0.172178
0.0279331 -0.176589 0.0358043 -0.172411  0.037744 -0.169679 0.0405797 -0.171619
0.0292319 -0.174829  0.037055 -0.169993 0.0389518 -0.167473   0.04166 -0.169288
0.0293774 -0.169817 0.0369992 -0.164834 0.0389281 -0.162336 0.0414475  -0.16428
0.0296321 -0.163114 0.0369818 -0.157842 0.0389046 -0.155456 0.0411964 -0.157472
0.0297241 -0.154023 0.0366818  -0.14867  0.038708 -0.146249 0.0408346 -0.148297
0.0292583 -0.142964 0.0357417 -0.137702 0.0378628 -0.135229 0.0398082  -0.13734
0.0274658 -0.128774 0.0333283   -0.1242 0.0356272 -0.121453 0.0373339 -0.123909
0.0252397 -0.112826 0.0304024 -0.109068 0.0328573 -0.106068 0.0343226 -0.108852
 0.0213684 -0.0938768  0.0256892 -0.0916428  0.0283709 -0.0881514   0.029521  -0.091608
 0.0172006 -0.0738085  0.0206235 -0.0732499  0.0235621 -0.0692013  0.0244231 -0.0733004
 0.0124798  -0.052137  0.0149206 -0.0535129  0.0181495 -0.0488175  0.0187229 -0.0535973
0.00727485 -0.0303352 0.00873093  -0.033876  0.0122743 -0.0284496  0.0126056 -0.0338912
 0.00221672 -0.00800844  0.00265278    -0.01364  0.00649574 -0.00753056     0.00661   -0.013509
-0.00335239   0.0141623 -0.00392439  0.00617033 0.000269562   0.0131043 0.000193447  0.00653618
-0.00896062   0.0364281  -0.0105453    0.026068 -0.00599292   0.0338476 -0.00624543   0.0267324
-0.0152034  0.0582251 -0.0177645  0.0451358 -0.0127619  0.0539893 -0.0131793  0.0461599
-0.0210766   0.078753 -0.0245463  0.0631275 -0.0191073  0.0730201 -0.0196848  0.0645152
-0.0269345  0.0976627 -0.0312372  0.0794572  -0.025349  0.0904404 -0.0260679  0.0812178
-0.0319625    0.11455 -0.0369985  0.0942236 -0.0307389   0.106116  -0.031603  0.0962926
-0.0363606   0.129424  -0.042053   0.107211 -0.0354781   0.119873 -0.0364649   0.109529
-0.0399866   0.141949 -0.0462189   0.118334 -0.0394354   0.131548 -0.0405347   0.120867
-0.0429577   0.151734  -0.049637   0.126906 -0.0427089   0.140534 -0.0438849   0.129605
-0.0447943   0.158421  -0.051766   0.133064 -0.0448376   0.146797 -0.0460761   0.135868
 -0.046193   0.162346 -0.0533641   0.136504 -0.0464675   0.150276 -0.0477433   0.139339
-0.0460036   0.162727 -0.0531849   0.137415 -0.0465369   0.150747 -0.0478221   0.140218
 -0.045426   0.160497 -0.0525478   0.135711 -0.0461802   0.148556 -0.0474481   0.138447
-0.0438628   0.155379  -0.050768   0.131758 -0.0448092   0.143843 -0.0460385   0.134398
-0.0430283   0.149367 -0.0497141   0.126465 -0.0440926   0.138072 -0.0452628   0.129222
-0.0415612   0.139595 -0.0478117   0.117916 -0.0426653   0.128804 -0.0437451   0.120723
-0.0395555   0.127701 -0.0452604   0.107354 -0.0405896   0.117433 -0.0415979   0.109912
-0.0370975   0.113027 -0.0421099  0.0943285 -0.0379945   0.103467 -0.0388919  0.0966502
-0.0337298  0.0962705 -0.0380132  0.0794639 -0.0344943  0.0875921 -0.0352902  0.0815317
 -0.030233  0.0780705 -0.0336858  0.0633415 -0.0308153  0.0703634 -0.0314794  0.0651264
-0.0261213  0.0588324  -0.028712  0.0463732 -0.0265194  0.0522055 -0.0270354  0.0478614
-0.0217083  0.0386481 -0.0233768  0.0286712 -0.0219152  0.0332022 -0.0222561  0.0298532
-0.0170415  0.0181793 -0.0177702   0.010787 -0.0170745  0.0139455 -0.0172184  0.0116886
 -0.0119407  -0.0026268  -0.0116952 -0.00714491  -0.0118198 -0.00551743  -0.0117479 -0.00657338
-0.00701341  -0.0229212 -0.00579649  -0.0246437 -0.00672255  -0.0245194 -0.00642115  -0.0243848
-0.00203593   -0.043226  0.00016702  -0.0420268 -0.00160783   -0.043502 -0.00106107  -0.0420834
0.00280007 -0.0628883 0.00597992 -0.0588715 0.00341893 -0.0618668 0.00420597 -0.0592302
0.00756117 -0.0818734  0.0117017 -0.0749723 0.00831698 -0.0795531 0.00934235 -0.0756396
 0.0119327 -0.0996471    0.01699 -0.0900832  0.0128756 -0.0960891  0.0141098 -0.0910366
0.0163237 -0.116604 0.0222606 -0.104315 0.0174143 -0.111778 0.0188384 -0.105562
 0.020304 -0.132108 0.0270461  -0.11727 0.0214931 -0.126118 0.0230945 -0.118787
0.0240896  -0.14635 0.0315717 -0.129032 0.0253143 -0.139261 0.0270862  -0.13081
0.0271674 -0.158549 0.0352554 -0.139146 0.0283475 -0.150599 0.0302539 -0.141155
0.0298843 -0.169154 0.0385043 -0.147856 0.0309845 -0.160459 0.0330148 -0.150089
0.0314958 -0.177493 0.0405083 -0.155062 0.0326008 -0.168323  0.034712 -0.157378
 0.032906 -0.183327 0.0421823 -0.159828 0.0338915 -0.173774  0.036074 -0.162213
0.0343372 -0.187526 0.0437989 -0.163101 0.0352925 -0.177512 0.0375267 -0.165463
0.0353189 -0.188801 0.0448078 -0.163717 0.0361489 -0.178489 0.0384222 -0.166001
0.0355656 -0.187751 0.0449316 -0.162405  0.036218 -0.177317 0.0383825 -0.164683
0.0353378 -0.184197 0.0444546 -0.158894 0.0357688 -0.173798 0.0378248 -0.161104
0.0347538 -0.179183 0.0435853 -0.153991 0.0349437 -0.168865 0.0368019 -0.156261
0.0339296 -0.171593 0.0423659 -0.146601 0.0337924 -0.161438  0.035461 -0.148905
0.0322886  -0.16179 0.0401747 -0.137566 0.0318134 -0.152051 0.0332401 -0.139828
0.0304471 -0.149551  0.037682 -0.126177 0.0295518 -0.140312 0.0307563 -0.128371
0.0273505 -0.135254 0.0338361  -0.11351 0.0261322  -0.12685 0.0270932 -0.115524
  0.024144  -0.119195  0.0298174 -0.0990636  0.0225117  -0.111692  0.0232503  -0.100907
 0.0200508  -0.101794  0.0248562 -0.0838208  0.0180748 -0.0954563  0.0186054 -0.0853974
 0.0161009  -0.083138  0.0199877 -0.0672314  0.0136932 -0.0779868  0.0140531 -0.0685491
