2.75735e-39  -2.937e-08 2.75735e-39  -2.937e-08 1.76525e-39  -2.937e-08 1.76525e-39  -2.937e-08
 -9.2412e-06 -5.02551e-05  -8.9984e-06 -5.02609e-05 -1.30537e-05 -5.01443e-05 -1.24637e-05 -5.01639e-05
-3.67913e-05 -0.000200263 -3.59114e-05 -0.000200284 -5.19028e-05 -0.000199825 -4.95636e-05 -0.000199902
-8.24286e-05 -0.000449051 -8.05993e-05 -0.000449095 -0.000115868 -0.000448084 -0.000110927 -0.000448247
-0.000145916 -0.000795622 -0.000143559 -0.000795678  -0.00020414 -0.000793943  -0.00019572 -0.000794221
-0.000227027  -0.00123898 -0.000224579  -0.00123904 -0.000317041  -0.00123639 -0.000303508  -0.00123683
-0.000325519  -0.00177813 -0.000323842  -0.00177817 -0.000454285  -0.00177443 -0.000434469  -0.00177508
 -0.00044183  -0.00241208 -0.000439634  -0.00241213 -0.000614214  -0.00240713  -0.00058948  -0.00240794
-0.000577165  -0.00313979 -0.000572472  -0.00313991 -0.000800596  -0.00313337 -0.000768063  -0.00313444
-0.000729972  -0.00396033 -0.000722414  -0.00396052  -0.00101103  -0.00395224 -0.000968642  -0.00395363
-0.000899399  -0.00487273 -0.000888354    -0.004873  -0.00124532  -0.00486276   -0.0011907  -0.00486455
-0.00108601   -0.005876  -0.0010688 -0.00587641 -0.00150383 -0.00586393 -0.00143688 -0.00586613
-0.00128044 -0.00696937 -0.00125984 -0.00696987 -0.00177957 -0.00695502 -0.00170542 -0.00695745
-0.00148976 -0.00815172 -0.00146888 -0.00815222   -0.002081 -0.00813475 -0.00199698 -0.00813751
-0.00171696   -0.009422 -0.00168723  -0.0094227 -0.00240935 -0.00940213 -0.00230966  -0.0094054
-0.00196281  -0.0107792  -0.0019285    -0.01078 -0.00275848  -0.0107564 -0.00264961    -0.01076
-0.00222023  -0.0122226 -0.00217904  -0.0122236 -0.00313404  -0.0121964 -0.00301037  -0.0122004
 -0.0024981  -0.0137509 -0.00245919  -0.0137518 -0.00352999  -0.0137213 -0.00339633  -0.0137257
-0.00277709  -0.0153638 -0.00275026  -0.0153644 -0.00396282  -0.0153297 -0.00380039   -0.015335
-0.00307155  -0.0170598 -0.00307016  -0.0170598 -0.00441656  -0.0170211 -0.00423014  -0.0170273
 -0.0033928  -0.0188377 -0.00339627  -0.0188377 -0.00487456  -0.0187951 -0.00467741  -0.0188017
-0.00372708  -0.0206971   -0.003775  -0.0206959 -0.00535327  -0.0206503 -0.00514453  -0.0206573
-0.00416328  -0.0226347 -0.00416004  -0.0226348 -0.00582777  -0.0225865 -0.00562901  -0.0225931
-0.00460886  -0.0246518  -0.0046146  -0.0246517 -0.00632634  -0.0246019 -0.00617125   -0.024607
-0.00507545  -0.0267472 -0.00507853  -0.0267472 -0.00683975  -0.0266957 -0.00673333  -0.0266993
-0.00555132  -0.0289203  -0.0056135  -0.0289188 -0.00736061  -0.0288674 -0.00730051  -0.0288694
-0.00600005  -0.0311711 -0.00614399  -0.0311675 -0.00790159  -0.0311156 -0.00788615  -0.0311161
-0.00646549  -0.0334975 -0.00673324  -0.0334906 -0.00848505  -0.0334385 -0.00845118  -0.0334396
-0.00693982  -0.0358989 -0.00733781  -0.0358885 -0.00907949  -0.0358363 -0.00903601  -0.0358378
-0.00741643  -0.0383744 -0.00797353  -0.0383598 -0.00969248  -0.0383079 -0.00964972  -0.0383093
-0.00790282   -0.040923 -0.00863816  -0.0409035  -0.0103078  -0.0408529  -0.0102775  -0.0408539
-0.00841122  -0.0435434 -0.00932456   -0.043519  -0.0109546  -0.0434693   -0.010897  -0.0434712
-0.00894825  -0.0462346  -0.0100274  -0.0462056  -0.0116221  -0.0461567  -0.0115384  -0.0461594
-0.00951033  -0.0489957  -0.0107504  -0.0489621   -0.012308  -0.0489141  -0.0122049  -0.0489175
-0.0100176 -0.0518279  -0.011511 -0.0517873 -0.0130311 -0.0517401 -0.0129002 -0.0517444
-0.0105469 -0.0547283 -0.0122769 -0.0546811 -0.0137626 -0.0546348 -0.0136148 -0.0546396
 -0.011139 -0.0576951 -0.0130788 -0.0576417 -0.0145395 -0.0575959 -0.0143317 -0.0576027
-0.0117549 -0.0607282  -0.013875 -0.0606696  -0.015329 -0.0606238 -0.0150855 -0.0606317
-0.0123648 -0.0638275 -0.0146854 -0.0637631  -0.016141 -0.0637171  -0.015851 -0.0637266
-0.0129938 -0.0669916  -0.015412 -0.0669245 -0.0169822 -0.0668747 -0.0166257 -0.0668864
 -0.013584  -0.070221 -0.0161503 -0.0701499 -0.0178209 -0.0700969 -0.0174061 -0.0701106
-0.0142339 -0.0735124 -0.0169027 -0.0734384 -0.0186852 -0.0733818 -0.0181941  -0.073398
-0.0148356 -0.0768676  -0.017653 -0.0767896 -0.0194895 -0.0767314 -0.0190923 -0.0767445
-0.0154584 -0.0802839 -0.0184258 -0.0802019 -0.0203205 -0.0801419 -0.0199966 -0.0801526
-0.0160686 -0.0837614 -0.0190349 -0.0836799 -0.0210956 -0.0836152 -0.0209074 -0.0836214
-0.0166897 -0.0872985 -0.0196515 -0.0872178 -0.0218927 -0.0871479 -0.0218196 -0.0871503
-0.0173083 -0.0908949 -0.0201883  -0.090817 -0.0226367 -0.0907414  -0.022714 -0.0907389
-0.0179306 -0.0945493 -0.0207302 -0.0944744 -0.0234381 -0.0943915 -0.0236029 -0.0943861
-0.0186253 -0.0982594 -0.0211946 -0.0981912 -0.0241907 -0.0981005 -0.0244211  -0.098093
-0.0193104  -0.102026 -0.0216754  -0.101964 -0.0249606  -0.101866 -0.0252031  -0.101858
-0.0199757  -0.105849 -0.0221228  -0.105793 -0.0256543  -0.105689 -0.0261671  -0.105672
-0.0206357  -0.109727 -0.0225917  -0.109677 -0.0263524  -0.109567 -0.0271024  -0.109543
-0.0211849  -0.113662 -0.0230409  -0.113615 -0.0269445  -0.113502 -0.0280091  -0.113468
-0.0217305   -0.11765 -0.0234671  -0.117606 -0.0275861  -0.117489 -0.0289577  -0.117446
-0.0222586   -0.12169 -0.0239431  -0.121648 -0.0281379  -0.121531 -0.0297934  -0.121479
-0.0227701  -0.125783  -0.024412  -0.125742 -0.0286534  -0.125625 -0.0306441  -0.125564
 -0.023422  -0.129922 -0.0248205  -0.129888 -0.0291473  -0.129771 -0.0312057  -0.129708
-0.0240549  -0.134112 -0.0252394  -0.134084 -0.0296089  -0.133967  -0.031798  -0.133901
-0.0247227  -0.138351 -0.0255922   -0.13833 -0.0300027  -0.138214  -0.032535  -0.138139
-0.0254055  -0.142637 -0.0260196  -0.142622 -0.0303855  -0.142509   -0.03329  -0.142424
-0.0260838   -0.14697 -0.0265456  -0.146959 -0.0306906  -0.146854  -0.033935   -0.14676
-0.0267457   -0.15135 -0.0271623  -0.151341  -0.031031  -0.151243 -0.0346498   -0.15114
-0.0275336  -0.155774 -0.0275669  -0.155773  -0.031245  -0.155682 -0.0352179  -0.155571
-0.0282666  -0.160243 -0.0280547  -0.160248 -0.0315383  -0.160163 -0.0358738  -0.160044
-0.0289986  -0.164757 -0.0282561  -0.164774  -0.031743   -0.16469  -0.036336  -0.164566
-0.0297102  -0.169314 -0.0285716   -0.16934 -0.0320656  -0.169258 -0.0368879  -0.169129
-0.0304692  -0.173913 -0.0286163  -0.173954 -0.0322705   -0.17387  -0.037285  -0.173739
-0.0312385  -0.178553  -0.028689  -0.178609 -0.0326157  -0.178521 -0.0377578  -0.178388
-0.0319804  -0.183235 -0.0289152  -0.183302 -0.0328377  -0.183215 -0.0381657   -0.18308
-0.0327396  -0.187957 -0.0291575  -0.188034 -0.0333141  -0.187944 -0.0386466   -0.18781
-0.0333594  -0.192721 -0.0293647  -0.192807 -0.0336396  -0.192715 -0.0390868   -0.19258
-0.0340192  -0.197524 -0.0296549  -0.197616 -0.0342883  -0.197517 -0.0395978  -0.197387
 -0.034647  -0.202364 -0.0299935  -0.202461 -0.0348228   -0.20236 -0.0400205  -0.202234
-0.0353376   -0.20724 -0.0305459   -0.20734 -0.0355907  -0.207235 -0.0405912  -0.207114
-0.0361505   -0.21215 -0.0310883  -0.212255 -0.0364199  -0.212144 -0.0411458  -0.212031
-0.0369721  -0.217095 -0.0317635  -0.217203 -0.0373879  -0.217086 -0.0417733  -0.216981
-0.0377946  -0.222075 -0.0322898  -0.222189 -0.0382518  -0.222065  -0.042399  -0.221966
-0.0386109  -0.227089 -0.0330092  -0.227205 -0.0392676  -0.227075 -0.0431054  -0.226984
-0.0395323  -0.232134 -0.0336585  -0.232256  -0.040247  -0.232118 -0.0436967  -0.232037
-0.0404405  -0.237212 -0.0344289  -0.237337 -0.0413968  -0.237191 -0.0442989  -0.237122
-0.0411793  -0.242326  -0.035021  -0.242453 -0.0424096  -0.242298 -0.0449615  -0.242238
-0.0417475  -0.247474 -0.0356451  -0.247599 -0.0436808   -0.24743 -0.0457292  -0.247382
-0.0423952  -0.252651 -0.0362065  -0.252777  -0.044783  -0.252597 -0.0466341  -0.252553
-0.0429339  -0.257859 -0.0367576  -0.257984 -0.0462973  -0.257783 -0.0474878  -0.257755
-0.0437788   -0.26309   -0.03739  -0.263219 -0.0475624  -0.263004  -0.048374  -0.262985
-0.0444345  -0.268353 -0.0379011  -0.268484 -0.0493771   -0.26824 -0.0492253  -0.268244
-0.0453195  -0.273638 -0.0386735  -0.273772 -0.0510275  -0.273507 -0.0507196  -0.273514
-0.0456296  -0.278963  -0.039519  -0.279085 -0.0530793   -0.27879 -0.0522415  -0.278811
-0.0460801   -0.28431 -0.0404408  -0.284422 -0.0549535  -0.284104 -0.0534217  -0.284142
-0.0466758  -0.289679 -0.0413659  -0.289785 -0.0573296  -0.289429 -0.0546256  -0.289497
-0.0473743  -0.295071 -0.0421572  -0.295174 -0.0595307  -0.294782 -0.0563495  -0.294864
-0.0482088  -0.300483 -0.0429411  -0.300588 -0.0619035  -0.300155 -0.0580293  -0.300256
-0.0493453  -0.305912 -0.0440323  -0.306018 -0.0641541  -0.305552 -0.0590643  -0.305687
-0.0504848  -0.311364 -0.0450131  -0.311474 -0.0666718  -0.310965 -0.0602036  -0.311138
-0.0519317   -0.31683 -0.0462198  -0.316946    -0.0691  -0.316401 -0.0605827  -0.316629
-0.0529168  -0.322328 -0.0473429  -0.322441 -0.0717737   -0.32185 -0.0610219   -0.32214
-0.0542982  -0.327837 -0.0487785   -0.32795 -0.0741233  -0.327328 -0.0613496  -0.327674
-0.0554201  -0.333371 -0.0500756  -0.333481  -0.076846  -0.332814  -0.061959   -0.33322
-0.0565556  -0.338924 -0.0512847  -0.339033 -0.0790494  -0.338334  -0.062481  -0.338787
-0.0572947  -0.344503 -0.0522001  -0.344609 -0.0817152  -0.343858 -0.0634345  -0.344362
-0.0584236  -0.350092 -0.0531741  -0.350201 -0.0837945  -0.349417 -0.0637378  -0.349971
-0.0592595  -0.355704 -0.0537611  -0.355818 -0.0863806  -0.354976 -0.0644698  -0.355585
-0.0603741  -0.361326 -0.0543524  -0.361451 -0.0885965  -0.360563 -0.0650732  -0.361219
-0.0612322  -0.366969 -0.0548073  -0.367102  -0.090919  -0.366163  -0.066403  -0.366851
-0.0626822  -0.372614 -0.0556639   -0.37276 -0.0929259  -0.371787 -0.0675765  -0.372502
-0.0637928  -0.378281 -0.0561433   -0.37844 -0.0951002  -0.377419 -0.0693512  -0.378153
-0.0652421  -0.383954 -0.0564068  -0.384137 -0.0969085  -0.383077 -0.0708859  -0.383823
-0.0663872  -0.389646  -0.056899  -0.389842 -0.0988703  -0.388743 -0.0719869  -0.389516
-0.0677092  -0.395346 -0.0575094  -0.395558  -0.100631  -0.394428 -0.0730385  -0.395222
-0.0688001  -0.401064 -0.0581935  -0.401283  -0.102354  -0.400125 -0.0739681  -0.400943
-0.0694394  -0.406802 -0.0587115  -0.407023  -0.103928  -0.405839 -0.0748431  -0.406677
-0.0697827  -0.412557 -0.0592297  -0.412773  -0.105712  -0.411556 -0.0753968  -0.412428
-0.0708071  -0.418307 -0.0600906  -0.418526  -0.107148  -0.417294 -0.0758393  -0.418191
-0.0717499  -0.424067 -0.0607309  -0.424293  -0.109033  -0.423026 -0.0763572  -0.423962
-0.0727527  -0.429835  -0.061793  -0.430059  -0.110776  -0.428771 -0.0770626  -0.429737
-0.0739145  -0.435607 -0.0627019  -0.435837  -0.112353   -0.43453 -0.0776806  -0.435521
-0.0748686   -0.44139 -0.0636622   -0.44162  -0.113343  -0.440315 -0.0782236  -0.441314
-0.0759024  -0.447178 -0.0644403  -0.447414  -0.114334  -0.446107 -0.0790637  -0.447107
-0.0765768  -0.452981 -0.0652104  -0.453213  -0.115436  -0.451901  -0.079827  -0.452907
-0.0771423   -0.45879 -0.0659913  -0.459018  -0.116621  -0.457698 -0.0807969  -0.458708
-0.0776104  -0.464607 -0.0663275  -0.464835   -0.11792  -0.463495 -0.0816825  -0.464515
-0.0784065   -0.47042 -0.0667139  -0.470656  -0.119168  -0.469298 -0.0827526  -0.470323
-0.0791686  -0.476238 -0.0680537  -0.476462   -0.12055    -0.4751 -0.0838063  -0.476134
-0.0795198  -0.482067 -0.0693521  -0.482272  -0.122212  -0.480896 -0.0844823  -0.481956
-0.0799481  -0.487896 -0.0693821  -0.488108  -0.123785  -0.486697 -0.0851836   -0.48778
-0.0802539   -0.49373 -0.0693195  -0.493947  -0.125538  -0.492493 -0.0850256  -0.493626
-0.0806508  -0.499563 -0.0700003  -0.499773  -0.127275  -0.498291 -0.0850007  -0.499469
-0.0810261  -0.505397 -0.0706577  -0.505601  -0.128835  -0.504096  -0.084716  -0.505318
-0.0816852  -0.511225 -0.0721846  -0.511412  -0.130347  -0.509902 -0.0847753  -0.511159
-0.0836447  -0.517024 -0.0736958  -0.517222  -0.131489  -0.515719 -0.0852397   -0.51699
-0.0851454  -0.522832 -0.0755322  -0.523025  -0.132656  -0.521535 -0.0853437  -0.522828
-0.0865158  -0.528641 -0.0773784  -0.528826   -0.13358  -0.527356 -0.0855742  -0.528661
-0.0877849  -0.534449  -0.078183  -0.534644  -0.134422  -0.533178 -0.0857697  -0.534492
-0.0904379  -0.540224 -0.0789586   -0.54046  -0.135494  -0.538989 -0.0864181   -0.54031
-0.0927593  -0.546003 -0.0797931  -0.546271    -0.1363  -0.544806 -0.0866912  -0.546133
-0.0921075  -0.551843  -0.080635  -0.552078  -0.137593  -0.550602  -0.087219  -0.551947
-0.0917739   -0.55767 -0.0813956  -0.557881  -0.139026  -0.556389 -0.0878518  -0.557753
  -0.09198  -0.563481 -0.0821784  -0.563679  -0.139995  -0.562186 -0.0880141  -0.563564
-0.0926581  -0.569276 -0.0829893  -0.569471  -0.141209  -0.567969 -0.0884052  -0.569364
-0.0934869  -0.575061 -0.0837724  -0.575257  -0.141757  -0.573767 -0.0882711  -0.575169
-0.0944602  -0.580836 -0.0848938  -0.581029  -0.142433  -0.579554 -0.0884301   -0.58096
-0.0953582  -0.586605 -0.0858531  -0.586797  -0.143002  -0.585337 -0.0884004  -0.586748
 -0.096112   -0.59237 -0.0863917  -0.592566  -0.143732  -0.591106 -0.0887833  -0.592519
-0.0970174  -0.598123 -0.0866885   -0.59833  -0.144263  -0.596874  -0.089151  -0.598283
-0.0972077  -0.603881  -0.086621  -0.604092  -0.144995  -0.602626 -0.0896183  -0.604035
-0.0973712  -0.609631 -0.0864402  -0.609847  -0.145455  -0.608376 -0.0897488  -0.609784
-0.0976151  -0.615369 -0.0865605  -0.615585  -0.146244  -0.614106  -0.090097  -0.615519
-0.0978209  -0.621097 -0.0862281  -0.621322  -0.146662  -0.619837 -0.0907198  -0.621238
-0.0986516  -0.626801 -0.0863096  -0.627039  -0.147465  -0.625545 -0.0910123  -0.626952
-0.0995682  -0.632491 -0.0868672  -0.632736  -0.147802  -0.631255 -0.0909267  -0.632662
 -0.101326  -0.638152 -0.0884043  -0.638404  -0.148443  -0.636944 -0.0905004  -0.638365
  -0.10299  -0.643802 -0.0881904   -0.64409    -0.1487  -0.642632 -0.0905815  -0.644047
 -0.104416  -0.649444 -0.0888807  -0.649747  -0.149514  -0.648289 -0.0904081  -0.649719
 -0.105576  -0.655078  -0.086966  -0.655436  -0.150418   -0.65393 -0.0904091  -0.655375
 -0.105984  -0.660714 -0.0859902  -0.661094  -0.151537   -0.65955 -0.0902136   -0.66102
 -0.106114   -0.66634 -0.0857218  -0.666724  -0.152955  -0.665147 -0.0903808  -0.666644
  -0.10663  -0.671944 -0.0853701  -0.672341  -0.154141  -0.670736 -0.0901773  -0.672259
  -0.10725  -0.677529 -0.0856554  -0.677931   -0.15541  -0.676306 -0.0899691  -0.677858
 -0.107149  -0.683113 -0.0859522  -0.683505  -0.156259  -0.681873 -0.0900663  -0.683436
 -0.107154  -0.688679 -0.0855992  -0.689073  -0.157093  -0.687423 -0.0900722  -0.688999
 -0.107668  -0.694216 -0.0853399  -0.694623  -0.158068  -0.692953 -0.0899002  -0.694547
 -0.108221  -0.699736  -0.084788  -0.700159  -0.158988  -0.698466 -0.0897746  -0.700078
 -0.107837  -0.705256  -0.084323  -0.705675  -0.159856  -0.703963 -0.0892863  -0.705596
 -0.107873  -0.710749 -0.0839064  -0.711173  -0.160753   -0.70944 -0.0888057  -0.711095
 -0.106564   -0.71625 -0.0837429  -0.716647   -0.16131  -0.714909 -0.0884878  -0.716572
 -0.105479  -0.721726  -0.083783  -0.722098  -0.162266  -0.720346 -0.0881392   -0.72203
 -0.103389    -0.7272 -0.0818059   -0.72756  -0.163358  -0.725759 -0.0880572  -0.727465
 -0.101721  -0.732645 -0.0808617  -0.732985  -0.164632  -0.731147 -0.0877462  -0.732882
 -0.100602  -0.738059 -0.0801707  -0.738386  -0.165821  -0.736516 -0.0870543  -0.738284
-0.0996646  -0.743447 -0.0803323  -0.743753  -0.167062  -0.741863 -0.0869003  -0.743657
-0.0998791  -0.748793 -0.0814929  -0.749085  -0.168135  -0.747192 -0.0865617   -0.74901
 -0.100509   -0.75411 -0.0826262  -0.754394  -0.167925  -0.752538  -0.085874  -0.754347
 -0.100973  -0.759407 -0.0835843  -0.759684  -0.167893  -0.757855 -0.0851961   -0.75966
 -0.101287  -0.764684 -0.0841037  -0.764957   -0.16864  -0.763126 -0.0838205  -0.764961
 -0.102251  -0.769926 -0.0845698  -0.770207  -0.169316  -0.768376 -0.0824407  -0.770237
 -0.103159  -0.775146 -0.0848098  -0.775437  -0.171584  -0.773557  -0.081558  -0.775483
  -0.10378  -0.780346 -0.0849207  -0.780644  -0.173604   -0.77872  -0.079997  -0.780712
 -0.104548  -0.785519 -0.0851572  -0.785825  -0.176824  -0.783822 -0.0777139  -0.785926
 -0.102165  -0.790721 -0.0854107  -0.790981  -0.179908  -0.788903 -0.0755884  -0.791112
 -0.100495  -0.795884 -0.0856231  -0.796112  -0.183427  -0.793945 -0.0744818  -0.796258
-0.0997474  -0.801006 -0.0859019  -0.801216  -0.186611   -0.79897   -0.07327   -0.80138
-0.0999306  -0.806085 -0.0862201  -0.806293  -0.188125   -0.80402 -0.0722371  -0.806472
 -0.100299  -0.811136 -0.0876901  -0.811327   -0.18968  -0.809041 -0.0699579  -0.811552
 -0.100826  -0.816156 -0.0892253  -0.816333  -0.190615  -0.814055 -0.0679223  -0.816601
 -0.101418  -0.821148 -0.0903004  -0.821318  -0.191069  -0.819055 -0.0647559  -0.821633
 -0.102033  -0.826112 -0.0912733  -0.826276  -0.191405  -0.824031  -0.062295  -0.826629
 -0.102445   -0.83105 -0.0906488   -0.83123  -0.192143  -0.828966 -0.0603568   -0.83159
 -0.102639  -0.835964 -0.0901195  -0.836153  -0.193329   -0.83386 -0.0595703  -0.836511
 -0.102736   -0.84085 -0.0895943  -0.841047  -0.193818  -0.838745 -0.0582434  -0.841407
 -0.103226    -0.8457 -0.0886589  -0.845917  -0.194235  -0.843602 -0.0571873  -0.846272
 -0.104257  -0.850512 -0.0883905  -0.850747  -0.194512  -0.848434 -0.0564524  -0.851103
 -0.104843  -0.855301 -0.0871543  -0.855561  -0.194935  -0.853232 -0.0553049  -0.855908
 -0.105773  -0.860054 -0.0874808  -0.860323  -0.193437  -0.858055 -0.0537908  -0.860685
  -0.10653  -0.864778 -0.0860613  -0.865077  -0.192324  -0.862835 -0.0518522  -0.865434
 -0.107407   -0.86947   -0.08549  -0.869788  -0.192464  -0.867547 -0.0504396  -0.870146
 -0.107961  -0.874135 -0.0835071  -0.874485  -0.192375  -0.872234 -0.0491087  -0.874827
 -0.110133  -0.878741 -0.0809205  -0.879157  -0.192769  -0.876875  -0.048461   -0.87947
 -0.111235  -0.883333 -0.0785223  -0.883793  -0.193205  -0.881482 -0.0473644  -0.884083
 -0.112987  -0.887881 -0.0758443  -0.888398  -0.193432  -0.886062 -0.0459125  -0.888667
 -0.114025  -0.892408 -0.0737185  -0.892963  -0.193411  -0.890616 -0.0439179   -0.89322
 -0.116236  -0.896882 -0.0711407  -0.897499  -0.191619  -0.895187 -0.0457393  -0.897715
  -0.11795   -0.90133 -0.0683301  -0.902001  -0.190223  -0.899711 -0.0468931   -0.90218
 -0.117904  -0.905774  -0.065574  -0.906468  -0.190623  -0.904152 -0.0484424  -0.906609
 -0.117447  -0.910191 -0.0627014    -0.9109  -0.191053  -0.908557 -0.0497963  -0.911004
 -0.117941  -0.914557 -0.0604292  -0.915291  -0.191599  -0.912924 -0.0477627  -0.915389
 -0.117598  -0.918902 -0.0568834  -0.919656  -0.192179  -0.917255 -0.0456568  -0.919738
  -0.11903  -0.923182 -0.0542743  -0.923977  -0.192754   -0.92155 -0.0430303  -0.924054
 -0.119655  -0.927439 -0.0514402  -0.928263   -0.19312  -0.925816 -0.0403889  -0.928334
 -0.121992  -0.931632 -0.0482718  -0.932513  -0.193104  -0.930056 -0.0379277  -0.932576
 -0.123438  -0.935803 -0.0449464  -0.936727  -0.192963  -0.934263 -0.0354359   -0.93678
 -0.125249  -0.939931 -0.0415563  -0.940903   -0.19176  -0.938461 -0.0325383  -0.940949
  -0.12636  -0.944034 -0.0379002  -0.945041  -0.190662   -0.94262 -0.0293334  -0.945081
 -0.130941  -0.948038 -0.0343637   -0.94914   -0.18894  -0.946756 -0.0258748  -0.949175
 -0.134292  -0.952025 -0.0318145  -0.953195   -0.18759  -0.950845 -0.0222636  -0.953231
 -0.138635  -0.955955 -0.0301041  -0.957208  -0.186209  -0.954896 -0.0183528  -0.957247
 -0.141504  -0.959873 -0.0287773  -0.961181  -0.186291  -0.958871 -0.0146379  -0.961223
 -0.144298  -0.963753 -0.0273942  -0.965116  -0.187067   -0.96279 -0.0110347  -0.965158
  -0.146561   -0.967605  -0.0257769   -0.969012   -0.187898   -0.966669 -0.00727586   -0.969053
   -0.14959   -0.971402  -0.0237841    -0.97287   -0.188789   -0.970508 -0.00421901   -0.972907
  -0.151418   -0.975183  -0.0213747    -0.97669   -0.188099   -0.974347 -0.00161945   -0.976721
  -0.155256   -0.978883  -0.0189869    -0.98047   -0.187445   -0.978145 0.000873427   -0.980494
 -0.158548  -0.982554 -0.0165009  -0.984209  -0.186419  -0.981913 0.00440779  -0.984226
 -0.162227  -0.986175  -0.013504  -0.987908  -0.184631  -0.985659 0.00828424  -0.987916
 -0.164937  -0.989776 -0.0104622  -0.991566  -0.183382  -0.989351  0.0119032  -0.991564
  -0.168439   -0.993318 -0.00939564    -0.99518   -0.182483   -0.992993    0.016477   -0.995168
  -0.17076  -0.996844 -0.0079014  -0.998753  -0.182256  -0.996578  0.0206844  -0.998729
    -0.1734    -1.00032 -0.00535366    -1.00229   -0.183311    -1.00009   0.0247327    -1.00225
  -0.175095    -1.00378 -0.00237603    -1.00578   -0.184172    -1.00357    0.028978    -1.00572
   -0.176139     -1.00721 -0.000356387     -1.00922    -0.186063     -1.00698    0.0334134     -1.00915
 -0.177974   -1.01058 0.00242022   -1.01263  -0.187226   -1.01036  0.0365382   -1.01254
  -0.17753   -1.01396 0.00527759   -1.01599  -0.187786   -1.01372  0.0398058   -1.01589
 -0.177337   -1.01729 0.00812484   -1.01931   -0.18792   -1.01705  0.0434283    -1.0192
-0.176198  -1.02061 0.0111466  -1.02259 -0.187657  -1.02034 0.0475886  -1.02245
-0.175145  -1.02387 0.0139644  -1.02582 -0.187273  -1.02359 0.0500698  -1.02567
-0.175515  -1.02706 0.0172971  -1.02901 -0.186669  -1.02681 0.0539707  -1.02884
-0.174858  -1.03024 0.0186684  -1.03215 -0.186613  -1.02997 0.0573728  -1.03197
-0.175204  -1.03334 0.0198361  -1.03526  -0.18546  -1.03311 0.0611969  -1.03505
-0.174931  -1.03642 0.0209645  -1.03832 -0.184421   -1.0362 0.0653588  -1.03808
  -0.1738  -1.03947  0.023639  -1.04133 -0.182593  -1.03927 0.0699964  -1.04106
-0.172883  -1.04247 0.0261422   -1.0443 -0.180604   -1.0423 0.0747506  -1.04399
-0.172564  -1.04541 0.0290806  -1.04722 -0.177392   -1.0453 0.0797567  -1.04688
-0.172098  -1.04831 0.0321648   -1.0501 -0.174084  -1.04827 0.0851328  -1.04971
-0.172685  -1.05115 0.0351179  -1.05293 -0.169583  -1.05121 0.0904473  -1.05249
-0.172817  -1.05395 0.0392155   -1.0557 -0.164974  -1.05411 0.0959933  -1.05523
-0.174193  -1.05667 0.0442328  -1.05843 -0.160729  -1.05695  0.101858  -1.05791
-0.175833  -1.05935 0.0486014  -1.06111 -0.156062  -1.05976  0.108622  -1.06053
-0.176758    -1.062 0.0528208  -1.06375 -0.154008  -1.06246   0.11409  -1.06312
 -0.17695  -1.06461 0.0580911  -1.06633 -0.152717   -1.0651  0.120246  -1.06565
-0.176348   -1.0672 0.0624064  -1.06887 -0.151713   -1.0677  0.127738  -1.06811
-0.176131  -1.06973 0.0663348  -1.07136 -0.150758  -1.07024  0.135434  -1.07051
-0.174997  -1.07224 0.0707439   -1.0738 -0.149275  -1.07275  0.142643  -1.07287
 -0.17448  -1.07469 0.0734518  -1.07621 -0.147168  -1.07522   0.14989  -1.07517
-0.173288   -1.0771 0.0763976  -1.07857 -0.143451  -1.07768  0.156713  -1.07744
-0.173395  -1.07944 0.0799034  -1.08088 -0.139055  -1.08009  0.165101  -1.07961
-0.173764  -1.08173 0.0852442  -1.08312 -0.136206  -1.08244  0.172547  -1.08176
-0.173802  -1.08398 0.0909813   -1.0853 -0.132953  -1.08474   0.18065  -1.08383
-0.173375  -1.08619 0.0965017  -1.08744 -0.131089  -1.08697  0.186273  -1.08591
-0.172608  -1.08836  0.101628  -1.08953 -0.129831  -1.08914  0.192273  -1.08793
-0.172139  -1.09048  0.108944  -1.09154 -0.128812  -1.09126  0.198409  -1.08989
-0.172429  -1.09253  0.114693  -1.09352  -0.12773  -1.09333  0.204184  -1.09181
-0.172379  -1.09454  0.120121  -1.09546 -0.126143  -1.09537  0.212182  -1.09363
-0.172055  -1.09651  0.123701  -1.09737 -0.123628  -1.09737  0.219135  -1.09541
-0.171495  -1.09844  0.128477  -1.09921 -0.120952  -1.09932  0.228028  -1.09709
-0.171733   -1.1003  0.133517    -1.101 -0.118057  -1.10123  0.235849  -1.09875
-0.171221  -1.10213  0.139822  -1.10271 -0.114563  -1.10309  0.243574  -1.10035
-0.172398  -1.10388  0.145024  -1.10439 -0.111744   -1.1049  0.251054   -1.1019
-0.171409  -1.10562  0.150712  -1.10602 -0.110277  -1.10664  0.260109  -1.10335
-0.171188   -1.1073  0.156622  -1.10758 -0.108601  -1.10833  0.268672  -1.10476
-0.170353  -1.10894  0.163122  -1.10908 -0.106669  -1.10998  0.277708   -1.1061
-0.171014   -1.1105  0.169219  -1.11054 -0.104837  -1.11158  0.286056   -1.1074
-0.171634  -1.11202  0.171748  -1.11202  -0.10307  -1.11313  0.295685   -1.1086
 -0.170005   -1.11353   0.174095   -1.11345 -0.0998755   -1.11464   0.304681   -1.10976
 -0.170172   -1.11495   0.172417   -1.11491 -0.0956899   -1.11611   0.315185   -1.11081
 -0.170418   -1.11633   0.171641    -1.1163 -0.0916877   -1.11754   0.323143    -1.1119
 -0.169874   -1.11767   0.170593   -1.11765 -0.0883077    -1.1189   0.332219   -1.11288
 -0.168599   -1.11897   0.170295   -1.11894 -0.0849104   -1.12021   0.340611   -1.11384
 -0.170305   -1.12017   0.172378   -1.12013 -0.0825703   -1.12147    0.35016   -1.11469
 -0.171333   -1.12133   0.174187   -1.12127 -0.0802337   -1.12267   0.359338   -1.11549
 -0.172313   -1.12244   0.179114    -1.1223 -0.0779609   -1.12382   0.370638   -1.11615
 -0.173204   -1.12351   0.183556   -1.12329 -0.0750606   -1.12493   0.381282   -1.11677
 -0.176888   -1.12447   0.189965   -1.12419 -0.0733752   -1.12597   0.394316   -1.11721
 -0.179878   -1.12539   0.195753   -1.12504 -0.0711628   -1.12697   0.406885   -1.11761
 -0.181423   -1.12629   0.201458   -1.12584 -0.0684028   -1.12793   0.419527   -1.11794
  -0.18233   -1.12715   0.207285   -1.12658 -0.0657733   -1.12883   0.432837   -1.11816
 -0.182359   -1.12798   0.213035   -1.12728 -0.0619621   -1.12969   0.442023   -1.11853
-0.181801  -1.12877  0.218295  -1.12793 -0.058275  -1.13049  0.452955  -1.11875
 -0.181491   -1.12951   0.224126   -1.12851 -0.0546628   -1.13125   0.462719   -1.11896
 -0.180927   -1.13021   0.230497   -1.12902 -0.0497435   -1.13196   0.473202   -1.11908
   -0.1809   -1.13084   0.236534   -1.12949 -0.0474708    -1.1326   0.484509   -1.11908
 -0.181257   -1.13141   0.244111   -1.12986 -0.0444455    -1.1332   0.496947   -1.11896
 -0.181371   -1.13194    0.25026   -1.13022 -0.0406425   -1.13374   0.509089   -1.11878
 -0.183113   -1.13238   0.255968   -1.13053 -0.0365676   -1.13424   0.523262   -1.11841
 -0.183966   -1.13279   0.262313   -1.13077 -0.0324583   -1.13469   0.537211   -1.11798
 -0.185045   -1.13315   0.269639   -1.13093 -0.0277845   -1.13508   0.552001   -1.11742
  -0.18546   -1.13347   0.277771     -1.131 -0.0228007   -1.13542   0.566139   -1.11683
 -0.183557   -1.13379    0.28603   -1.13101 -0.0188974   -1.13571    0.58195   -1.11604
 -0.181636   -1.13406   0.294748   -1.13094 -0.0140397   -1.13595   0.596126   -1.11529
  -0.181035    -1.13425    0.301341    -1.13089 -0.00813773    -1.13613     0.60876    -1.11458
   -0.17957     -1.1344    0.309668    -1.13072 -0.00427741    -1.13626    0.622287    -1.11373
  -0.177855    -1.13451    0.318606    -1.13048 0.000559452    -1.13634    0.635879     -1.1128
  -0.17783   -1.13454   0.326713    -1.1302 0.00586552   -1.13636   0.649304   -1.11181
-0.176613  -1.13454  0.332797  -1.12994 0.0110869  -1.13633   0.66456  -1.11061
-0.174957   -1.1345  0.339687   -1.1296 0.0161442  -1.13625  0.678156  -1.10945
-0.175122  -1.13437   0.34807  -1.12913 0.0204616  -1.13611   0.69332   -1.1081
-0.174677   -1.1342   0.35649  -1.12861 0.0251187  -1.13592  0.707207  -1.10677
-0.175141  -1.13396  0.365298  -1.12802 0.0300164  -1.13568  0.723843  -1.10512
-0.174668  -1.13369  0.373531  -1.12738 0.0351598  -1.13538  0.738078   -1.1036
-0.173917  -1.13338  0.381914  -1.12668 0.0404503  -1.13503  0.754194  -1.10184
-0.171859  -1.13304  0.391198  -1.12589 0.0456757  -1.13463  0.765724  -1.10041
-0.171002  -1.13263  0.400073  -1.12504 0.0505284  -1.13417  0.780436  -1.09861
-0.170014  -1.13217  0.408646  -1.12416 0.0560333  -1.13366  0.791936  -1.09704
-0.169409  -1.13165   0.41895  -1.12313 0.0598534   -1.1331  0.805875  -1.09516
-0.169112  -1.13108  0.427938   -1.1221 0.0645234  -1.13249  0.820969  -1.09309
-0.168472  -1.13046  0.436796  -1.12101 0.0693771  -1.13182  0.834126  -1.09113
-0.170415  -1.12974  0.444604  -1.11993 0.0744769   -1.1311  0.848604  -1.08896
-0.171366  -1.12899  0.453477  -1.11872 0.0793816  -1.13032  0.863495  -1.08667
-0.170422  -1.12822  0.461592   -1.1175 0.0849117  -1.12949  0.879664  -1.08415
-0.169369  -1.12741  0.469903   -1.1162 0.0896022  -1.12861  0.895034  -1.08164
-0.170382  -1.12651  0.479592  -1.11477 0.0945828  -1.12768  0.912112  -1.07885
-0.170588  -1.12557  0.490884  -1.11319 0.0998267  -1.12669  0.928274  -1.07607
-0.171562  -1.12457  0.502654   -1.1115  0.105867  -1.12563    0.9455  -1.07307
-0.172104  -1.12353  0.511298  -1.10994  0.110955  -1.12454  0.961898  -1.07008
-0.173196  -1.12243  0.521079  -1.10825  0.116702  -1.12338  0.978534  -1.06697
-0.173301  -1.12129  0.529764  -1.10657  0.122507  -1.12217  0.995318  -1.06374
-0.172069  -1.12014  0.540105  -1.10471  0.128021  -1.12091     1.012  -1.06043
-0.17073 -1.11893 0.549938 -1.10283  0.13347 -1.11959  1.02905 -1.05697
-0.168581  -1.11769  0.561469  -1.10077  0.139473  -1.11822    1.0457  -1.05347
-0.165747  -1.11642  0.572397  -1.09868  0.145423  -1.11679   1.06202  -1.04992
-0.163508  -1.11508  0.582699  -1.09657  0.151491  -1.11531    1.0825  -1.04571
-0.160284  -1.11372  0.593945  -1.09432  0.156711  -1.11378   1.10287  -1.04139
-0.15882 -1.11227 0.604474 -1.09206 0.163093 -1.11219  1.12064 -1.03732
-0.156937  -1.11078  0.614499  -1.08978  0.169201  -1.11054   1.14017  -1.03289
-0.155042  -1.10923  0.625377  -1.08736   0.17606  -1.10882   1.15776  -1.02863
-0.15243 -1.10766 0.636393 -1.08486 0.182246 -1.10707  1.17683 -1.02403
-0.149572  -1.10604  0.648026  -1.08225   0.18918  -1.10524   1.19444  -1.01955
-0.146978  -1.10436  0.657902  -1.07971   0.19615  -1.10336    1.2131  -1.01478
-0.145663  -1.10261  0.669273  -1.07698  0.203517  -1.10141   1.23059  -1.01009
-0.142704  -1.10085  0.680685  -1.07418  0.211225   -1.0994    1.2489  -1.00516
-0.140366  -1.09902  0.692576  -1.07127  0.218415  -1.09735   1.26432  -1.00058
-0.137478  -1.09715  0.705264  -1.06822  0.226168  -1.09523    1.2819 -0.995537
-0.136684   -1.0952  0.716268  -1.06525  0.233386  -1.09306   1.29736 -0.990743
 -0.13516  -1.09322  0.728489  -1.06209  0.240415  -1.09085   1.31649 -0.985202
-0.135917  -1.09115  0.739126  -1.05901  0.246327  -1.08861   1.33161 -0.980249
-0.135607  -1.08905  0.747892  -1.05603  0.252686  -1.08631   1.34841 -0.974886
-0.135254   -1.0869  0.757487  -1.05291  0.258456  -1.08397   1.36413 -0.969607
-0.133659  -1.08473   0.76832  -1.04961  0.264591  -1.08157   1.37804 -0.964554
-0.132243   -1.0825  0.775708  -1.04658  0.271134  -1.07911   1.39368 -0.959073
-0.129442  -1.08025  0.786744  -1.04312  0.278356  -1.07656   1.40866 -0.953605
-0.126819  -1.07795  0.797434  -1.03963  0.284343  -1.07401   1.42531 -0.947698
-0.123621  -1.07561  0.810411  -1.03584  0.289874  -1.07142   1.44136 -0.941789
 -0.11956  -1.07324  0.821503  -1.03216  0.296133  -1.06875   1.45864 -0.935509
-0.115577  -1.07081  0.834773  -1.02819  0.302661  -1.06602   1.47472 -0.929346
  -0.1106  -1.06836  0.845943  -1.02436  0.308762  -1.06325   1.49159 -0.922892
-0.105658  -1.06585  0.859867  -1.02015  0.314358  -1.06045   1.50684 -0.916655
-0.100668   -1.0633  0.871412  -1.01613  0.321982  -1.05752   1.52249 -0.910205
-0.0956948   -1.06069   0.883833   -1.01193   0.329903   -1.05452    1.53517  -0.904291
-0.0887838   -1.05806   0.893767   -1.00795   0.337197    -1.0515    1.55041  -0.897691
-0.0819678   -1.05538   0.902194   -1.00407   0.343134   -1.04847    1.56568  -0.890953
-0.0737064   -1.05266   0.912332  -0.999924   0.349861   -1.04537    1.58346  -0.883498
-0.0657824   -1.04989   0.923733  -0.995555    0.35656   -1.04221    1.59964  -0.876271
-0.0604213   -1.04704   0.933853  -0.991269   0.361877   -1.03906    1.61901  -0.868121
-0.0537556   -1.04416   0.942492  -0.987097   0.368549   -1.03579     1.6354  -0.860534
-0.0498629   -1.04121   0.953953  -0.982501    0.37418   -1.03253    1.65411  -0.852208
-0.0457256   -1.03821   0.964255  -0.977979   0.380082    -1.0292    1.67012  -0.844399
-0.0442163   -1.03516   0.975779  -0.973223   0.386751   -1.02578    1.68794  -0.835956
-0.0417695   -1.03207   0.986846   -0.96845   0.392954   -1.02234    1.70294  -0.828096
-0.0408764   -1.02892   0.998498  -0.963522   0.400374   -1.01878    1.71904  -0.819778
-0.0392258   -1.02573    1.00863  -0.958722   0.406697   -1.01522     1.7334  -0.811776
-0.0384702    -1.0225    1.02013   -0.95366   0.414373   -1.01155    1.74701  -0.803837
-0.0383184   -1.01922    1.03048  -0.948679   0.421667   -1.00783    1.75968  -0.796014
-0.0372634   -1.01591    1.04161   -0.94351    0.43052   -1.00398    1.77444  -0.787431
-0.0383096   -1.01254    1.05292  -0.938236   0.437613   -1.00018    1.78842  -0.778913
-0.0383123   -1.00913    1.06635  -0.932564   0.445955  -0.996243    1.80345  -0.769903
-0.0347428    -1.0057    1.07934  -0.926864   0.452757  -0.992347    1.81649  -0.761331
-0.0305609   -1.00223    1.09362  -0.920873   0.460335  -0.988352    1.83207  -0.751781
-0.0279772  -0.998706    1.10752  -0.914844     0.4656  -0.984447    1.84456  -0.743035
-0.0245842  -0.995146    1.11715  -0.909402   0.471668  -0.980444    1.85342  -0.735316
-0.0212574  -0.991543    1.12605  -0.904003   0.483524  -0.976018    1.86386  -0.726931
-0.0176105    -0.9879    1.13563  -0.898418   0.494824  -0.971562    1.87211  -0.719143
-0.0140165  -0.984214    1.14601   -0.89262   0.501657  -0.967346    1.88285  -0.710354
-0.00990408   -0.980487     1.15665   -0.886695    0.510343    -0.96295     1.89478   -0.700977
-0.00710833   -0.976718      1.1647   -0.881134    0.517292    -0.95862     1.90524    -0.69194
-0.00300527   -0.972908     1.17401   -0.875279    0.523442   -0.954297     1.91611   -0.682574
0.00253078  -0.969057    1.18148  -0.869673   0.528811  -0.949981    1.92633  -0.673269
0.00784333  -0.965162    1.18887   -0.86401   0.534259  -0.945611    1.93295  -0.665147
0.0149951 -0.961222   1.19796 -0.857965  0.540704 -0.941118   1.94269 -0.655674
0.0220315 -0.957237   1.20536 -0.852153  0.545394  -0.93671   1.95041 -0.646808
0.0293704 -0.953205   1.21373 -0.846086  0.551005 -0.932184   1.95933 -0.637292
0.0376133 -0.949124    1.2216 -0.840036  0.557772  -0.92752   1.96793 -0.627718
0.0451245    -0.945   1.22969 -0.833867  0.565321 -0.922742   1.97558 -0.618344
0.0535931 -0.940823   1.23738 -0.827698  0.574113 -0.917809   1.98344 -0.608695
0.0621514 -0.936598    1.2452 -0.821425   0.58153 -0.912935   1.98953 -0.599617
0.0722982  -0.93231   1.25306 -0.815065  0.588614 -0.908036   1.99473 -0.590757
0.0813921 -0.927982   1.25857 -0.809105  0.594612 -0.903179   2.00209 -0.580753
0.0927044 -0.923577   1.26525 -0.802837    0.6023 -0.898125   2.00846 -0.570992
 0.102882 -0.919133   1.27163 -0.796555  0.608577 -0.893144   2.01498 -0.560954
 0.114257 -0.914618   1.27924 -0.789939  0.616569 -0.887957    2.0182 -0.552277
 0.122936 -0.910096   1.28515 -0.783606  0.622168 -0.882937   2.02295 -0.542697
 0.132431 -0.905512    1.2927 -0.776843   0.62907 -0.877748   2.02719 -0.533161
  0.14041 -0.900909   1.29836 -0.770411  0.635636 -0.872539   2.03019  -0.52406
 0.149339  -0.89624   1.30451 -0.763798  0.643684 -0.867136   2.03382 -0.514448
 0.155265 -0.891593   1.31141 -0.756936   0.64994 -0.861855    2.0359 -0.505448
 0.162025 -0.886887   1.31819 -0.750019  0.658671 -0.856276   2.03854 -0.495963
 0.167253 -0.882176   1.32563 -0.742863  0.664857 -0.850899   2.04137 -0.486168
 0.172985 -0.877415   1.33244 -0.735766  0.672513  -0.84532   2.04307  -0.47679
 0.177166 -0.872656   1.34018 -0.728359  0.677601 -0.839958   2.04509 -0.467025
  0.18225 -0.867836   1.34712 -0.721054  0.684638 -0.834341   2.04771 -0.456679
 0.186599    -0.863   1.35202  -0.71416   0.68922 -0.828939   2.05071 -0.445853
 0.191919   -0.8581   1.35847 -0.706799  0.696159 -0.823233   2.05331 -0.434993
 0.195448 -0.853216   1.36073 -0.700415  0.702654 -0.817523   2.05591 -0.423841
 0.199968 -0.848268   1.36379 -0.693762  0.708824   -0.8118   2.05827 -0.412534
   0.2045 -0.843285   1.36665 -0.687092   0.71289 -0.806271   2.06031 -0.401116
 0.209096 -0.838264   1.37044 -0.680105  0.718112 -0.800563   2.06106 -0.390255
 0.212988 -0.833232   1.37317 -0.673325  0.722073 -0.794958   2.06139 -0.379371
 0.216511  -0.82818   1.37806 -0.665889  0.725664 -0.789355   2.06108 -0.368641
 0.220116 -0.823092    1.3821 -0.658601  0.730638 -0.783542   2.06033 -0.357919
 0.222754 -0.818006    1.3866 -0.651101  0.736084 -0.777624    2.0584 -0.347781
 0.226206 -0.812861   1.39032 -0.643732  0.741623 -0.771647   2.05403 -0.339287
 0.228797 -0.807716   1.39424 -0.636219  0.745817 -0.765793   2.05002 -0.330284
 0.232137 -0.802513   1.39709 -0.628935  0.749612 -0.759947    2.0446 -0.322204
 0.233078 -0.797371    1.4011 -0.621224  0.753848    -0.754    2.0398 -0.313387
 0.234214 -0.792195    1.4029 -0.614086  0.756843 -0.748175   2.03369 -0.305471
 0.235161 -0.786998   1.40539 -0.606661   0.76118 -0.742129   2.02825 -0.296748
  0.23565 -0.781793   1.40675 -0.599503  0.764489 -0.736179   2.02234   -0.2882
 0.236716  -0.77654   1.40804  -0.59229  0.767975 -0.730164   2.01657 -0.279267
 0.238104 -0.771247   1.40802 -0.585413  0.770235 -0.724278   2.00907 -0.271721
 0.238869 -0.765954   1.40882 -0.578206  0.773732  -0.71818   2.00209 -0.263458
 0.239632 -0.760636   1.40817 -0.571397  0.775839  -0.71224   1.99436   -0.2557
 0.240529 -0.755288   1.40841 -0.564228  0.778661 -0.706159   1.98591 -0.248473
 0.241275 -0.749922   1.40747 -0.557379  0.780931 -0.700119   1.97752 -0.240961
 0.242103 -0.744529   1.40697 -0.550317  0.783086 -0.694059    1.9694 -0.232917
 0.243512 -0.739088   1.40533 -0.543569  0.784191 -0.688119   1.96089 -0.225044
 0.244972 -0.733621   1.40448 -0.536489  0.783745 -0.682379   1.95211 -0.217215
 0.245915 -0.728153   1.40129 -0.530152  0.783616 -0.676562   1.94233 -0.210327
 0.246455 -0.722681   1.39911 -0.523411  0.783777 -0.670671   1.93239  -0.20341
 0.246124 -0.717227   1.39568 -0.517047  0.783304 -0.664847   1.92226 -0.196501
 0.246561 -0.711718   1.39224 -0.510636  0.782714 -0.659013   1.91192 -0.189622
 0.247339 -0.706172   1.38806 -0.504439   0.78193 -0.653182   1.90184 -0.182146
 0.248815 -0.700574   1.38444 -0.497987  0.782387 -0.647127   1.89106 -0.175369
 0.249182 -0.695007   1.38057 -0.491579  0.782092 -0.641162   1.88024 -0.168374
 0.248561 -0.689468   1.37699 -0.485005   0.78195 -0.635144   1.86847 -0.162522
  0.24912 -0.683854   1.37301 -0.478531   0.78118   -0.6292   1.85694 -0.156096
 0.249332 -0.678239   1.36902 -0.472004  0.781264  -0.62309    1.8448 -0.150375
 0.249111 -0.672627   1.36536 -0.465301  0.780504 -0.617091    1.8328 -0.144217
 0.249053 -0.666991   1.36107  -0.45878  0.779773 -0.611061    1.8201 -0.138973
 0.249482 -0.661313   1.35713  -0.45207  0.779716 -0.604892   1.80766 -0.133074
 0.249723 -0.655629   1.35386  -0.44504  0.779842 -0.598664   1.79479 -0.127704
 0.250642 -0.649894   1.34967  -0.43831  0.780717 -0.592278   1.78191 -0.122111
 0.251111 -0.644166   1.34534 -0.431581  0.780659 -0.586023   1.76892 -0.116481
 0.252448 -0.638379   1.34009 -0.425171  0.781461  -0.57959   1.75569 -0.111084
 0.253098 -0.632611   1.33405 -0.419044  0.780403 -0.573457   1.74236 -0.105621
 0.253939 -0.626818   1.32872 -0.412576  0.779006 -0.567361   1.72889 -0.100183
  0.255086  -0.620995    1.32231  -0.406513   0.778092  -0.561155    1.71532 -0.0946854
  0.256117  -0.615164    1.31663  -0.400096   0.777361  -0.554892     1.7015 -0.0894862
  0.257293  -0.609311      1.311  -0.393604   0.775424  -0.548827    1.68755 -0.0843213
  0.25744 -0.603502   1.30515 -0.387162  0.773849 -0.542674   1.67337 -0.079456
 0.257371 -0.597694   1.29838 -0.381077  0.771979 -0.536556   1.65908 -0.074617
  0.257443  -0.591867    1.29207  -0.374741   0.770306   -0.53038    1.64459 -0.0700552
  0.257555  -0.586027    1.28609  -0.368211   0.768857  -0.524141    1.63011 -0.0651499
  0.257383  -0.580193    1.27894  -0.362168   0.766948  -0.517969    1.61541 -0.0606093
  0.257413  -0.574338    1.27227  -0.355857   0.764173  -0.511948    1.60067 -0.0558848
 0.257902 -0.568447   1.26521 -0.349685  0.761971 -0.505798   1.58572 -0.051555
  0.258206  -0.562557    1.25819   -0.34345   0.759529  -0.499677    1.57063 -0.0474768
  0.258626  -0.556653    1.25051   -0.33749    0.75652  -0.493654    1.55552 -0.0431171
  0.257638  -0.550826     1.2422  -0.331801   0.753517  -0.487615     1.5402 -0.0393247
  0.257216  -0.544958    1.23434  -0.325857   0.750538  -0.481557     1.5247 -0.0361724
  0.256432  -0.539107    1.22623  -0.320003   0.747051  -0.475589    1.50923 -0.0325098
  0.256444  -0.533201    1.21754  -0.314401   0.743774  -0.469566    1.49358 -0.0295786
   0.25575  -0.527335    1.20897  -0.308709   0.740276  -0.463577    1.47799 -0.0259529
  0.254519  -0.521498    1.20008  -0.303152   0.736275  -0.457682    1.46228 -0.0227359
  0.253324  -0.515656    1.19097  -0.297684   0.732541  -0.451722    1.44652 -0.0194381
  0.251904  -0.509826    1.18146  -0.292395   0.728272  -0.445866    1.43072 -0.0160355
  0.251055  -0.503957    1.17187  -0.287134   0.724331  -0.439932    1.41483 -0.0130401
  0.249979  -0.498101    1.16212  -0.281934   0.719643  -0.434152    1.39886 -0.0106972
   0.248555   -0.492267     1.15241   -0.276689    0.715232   -0.428306     1.38288 -0.00794622
  0.247257  -0.486425    1.14247  -0.271552   0.710391  -0.422548    1.36686 -0.0053333
   0.245642   -0.480604     1.13193    -0.26673    0.705434   -0.416813      1.3508 -0.00273726
    0.244296    -0.474766      1.12158    -0.261795     0.700358      -0.4111      1.33472 -0.000196232
   0.24244  -0.468965    1.11081  -0.257082   0.695061  -0.405435     1.3186 0.00219981
  0.241061  -0.463133    1.10021  -0.252258   0.690223  -0.399665    1.30246 0.00447354
  0.239362  -0.457326    1.08925  -0.247636   0.684257  -0.394149     1.2863 0.00671804
  0.237712   -0.45152    1.07848    -0.2429   0.678327  -0.388627    1.27014 0.00852458
 0.235555 -0.445752   1.06761 -0.238213  0.672059 -0.383185   1.25396 0.0104885
 0.233537  -0.43998   1.05679 -0.233491  0.666087 -0.377678    1.2378 0.0120539
 0.231369 -0.434225   1.04552 -0.229037  0.659803 -0.372247   1.22161 0.0139761
 0.229379 -0.428463    1.0342  -0.22461  0.653673 -0.366785   1.20542 0.0157051
 0.226979 -0.422737   1.02272 -0.220276  0.647352 -0.361373   1.18922   0.01753
 0.225161 -0.416977   1.01107 -0.216053  0.641295 -0.355905   1.17307 0.0189255
  0.22334 -0.411226  0.999456 -0.211818  0.635302 -0.350428   1.15693 0.0203261
 0.221626 -0.405476  0.987314 -0.207916  0.628808 -0.345077   1.14079 0.0217104
 0.219892 -0.399736  0.975427 -0.203866  0.622546  -0.33968   1.12468 0.0229933
  0.21843 -0.393987  0.963287 -0.199988  0.615938 -0.334374   1.10856 0.0243609
 0.216601 -0.388274  0.951408 -0.195959   0.60888 -0.329189   1.09249 0.0254828
 0.214771 -0.382573  0.939536  -0.19194  0.602219 -0.323919   1.07644 0.0266621
 0.212858  -0.37689  0.927334 -0.188148  0.595342 -0.318713   1.06041 0.0277367
 0.210917 -0.371221  0.915316 -0.184256  0.588585 -0.313491   1.04443 0.0287454
 0.208909 -0.365571  0.902982  -0.18059  0.581916 -0.308262   1.02851  0.029533
 0.206989 -0.359928  0.890755 -0.176877  0.575065 -0.303091   1.01261 0.0303527
 0.205049 -0.354301  0.878444 -0.173243  0.568021 -0.297985  0.996787 0.0310006
 0.202864 -0.348708  0.866132 -0.169636  0.561026 -0.292883  0.980982 0.0316958
  0.20062 -0.343136  0.853772 -0.166089  0.553718 -0.287877  0.965229 0.0323166
 0.198257 -0.337589  0.841496 -0.162515  0.546669 -0.282824  0.949529 0.0328762
 0.195571 -0.332086  0.829176 -0.159001  0.539671 -0.277778  0.933889 0.0333592
 0.193175 -0.326578  0.816983 -0.155433  0.532539 -0.272785   0.91832 0.0337389
 0.190831 -0.321085  0.804626  -0.15201  0.525157 -0.267878  0.902802 0.0340953
 0.188481 -0.315612  0.792098 -0.148743  0.517909 -0.262958  0.887356 0.0343673
 0.186441 -0.310135  0.779685 -0.145436  0.510489 -0.258106  0.871976 0.0345856
 0.183923 -0.304717  0.767174 -0.142238  0.502919 -0.253317  0.856669 0.0347392
 0.181387 -0.299322  0.754687 -0.139067  0.495395 -0.248542  0.841455 0.0347702
 0.178711 -0.293961  0.742273 -0.135888  0.487721 -0.243832  0.826278 0.0348702
 0.176009 -0.288626   0.72977  -0.13282  0.480051 -0.239148  0.811193 0.0348677
 0.173087 -0.283332  0.717265 -0.129803  0.472391  -0.23449  0.796154 0.0349129
 0.170257 -0.278056  0.704687  -0.12689  0.464736  -0.22986  0.781198 0.0349025
 0.167564 -0.272795  0.692219 -0.123951  0.456972 -0.225289  0.766318 0.0348638
 0.164733 -0.267571  0.679684 -0.121116  0.449312 -0.220722  0.751515 0.0347983
  0.16195 -0.262371  0.667234 -0.118277  0.441489  -0.21623  0.736774 0.0347563
 0.159129 -0.257201  0.654749 -0.115524  0.433706 -0.211761  0.722133 0.0346361
 0.156211 -0.252068  0.642305 -0.112801  0.425946  -0.20732  0.707592 0.0344488
 0.153427 -0.246954  0.629782 -0.110202  0.418154 -0.202922  0.693134 0.0342455
 0.150661 -0.241868  0.617453 -0.107524  0.410437  -0.19854  0.678749 0.0340613
  0.14785 -0.236817  0.605111 -0.104924  0.402644 -0.194216  0.664462 0.0338339
 0.145013 -0.231799  0.592863 -0.102322   0.39484 -0.189934  0.650278 0.0335559
  0.142147  -0.226817   0.580657 -0.0997612   0.386929  -0.185719   0.636178  0.0332829
  0.139311  -0.221865   0.568531 -0.0972125   0.379253  -0.181481   0.622192  0.0329476
  0.136421  -0.216952   0.556418 -0.0947301   0.371391  -0.177335   0.608304  0.0325953
  0.133497  -0.212076    0.54435 -0.0922916   0.363545  -0.173226   0.594501  0.0322605
  0.130775  -0.207219   0.532318 -0.0899064   0.355748  -0.169148   0.580811  0.0318847
  0.127993  -0.202404   0.520346 -0.0875571   0.348014  -0.165096   0.567219  0.0315057
   0.12531  -0.197618   0.508467 -0.0852198    0.34023  -0.161104   0.553718  0.0311472
  0.122608  -0.192871   0.496697 -0.0828845   0.332479  -0.157149   0.540356  0.0307021
  0.119979  -0.188156   0.484941 -0.0806278   0.324675  -0.153256   0.527092  0.0302727
 0.117296 -0.183486  0.473273 -0.078393  0.317014 -0.149371   0.51395 0.0298048
   0.11455  -0.178861   0.461639 -0.0762246   0.309443  -0.145511   0.500941  0.0292851
 0.111807 -0.174277  0.450126 -0.074057  0.301815 -0.141718  0.488039 0.0287754
  0.109095  -0.169733   0.438666 -0.0719446    0.29438  -0.137922   0.475243  0.0282836
 0.106344 -0.165234  0.427294 -0.069863  0.286894 -0.134193  0.462593 0.0277235
   0.10358   -0.16078   0.415989 -0.0678298   0.279499  -0.130491   0.450052  0.0271845
  0.100871  -0.156366    0.40482 -0.0657924   0.272118  -0.126841   0.437639  0.0266273
 0.0981962  -0.151995   0.393743 -0.0637874   0.264843  -0.123216   0.425358  0.0260531
 0.0955657  -0.147665   0.382781 -0.0617991   0.257606  -0.119638   0.413203  0.0254768
 0.0929264  -0.143383    0.37191 -0.0598487   0.250442  -0.116096   0.401204  0.0248402
 0.0902689  -0.139151    0.36114 -0.0579298   0.243348  -0.112593   0.389312  0.0242509
 0.0878862  -0.134943   0.350413 -0.0560914   0.236342  -0.109126   0.377575  0.0236147
 0.0854605  -0.130789   0.339804 -0.0542758   0.229317  -0.105725   0.365955  0.0230151
 0.0829854  -0.126689   0.329303 -0.0524922   0.222289  -0.102386   0.354492  0.0223753
 0.0805435  -0.122637    0.31894 -0.0507188   0.215305 -0.0990987    0.34316  0.0217515
 0.0781155  -0.118636   0.308651 -0.0490098   0.208498 -0.0958251   0.331987  0.0210911
 0.0756667   -0.11469   0.298517 -0.0473006   0.201675 -0.0926213   0.320949  0.0204497
  0.073251  -0.110794   0.288466 -0.0456532   0.194997 -0.0894427   0.310053  0.0198186
 0.0708149  -0.106955   0.278556 -0.0440215   0.188353 -0.0863218   0.299308  0.0191825
 0.0683934  -0.103169   0.268747 -0.0424396   0.181848 -0.0832298   0.288715  0.0185447
 0.0660063 -0.0994374    0.25912 -0.0408448   0.175382 -0.0801962   0.278282  0.0178939
 0.0636619 -0.0957588   0.249604  -0.039296   0.169014 -0.0772056   0.267997  0.0172586
 0.0613344 -0.0921367   0.240243 -0.0377601   0.162752 -0.0742565   0.257878  0.0166083
 0.0590835 -0.0885669   0.231006 -0.0362648   0.156557 -0.0713611   0.247914  0.0159693
 0.0568289 -0.0850571   0.221901 -0.0348045   0.150475 -0.0685075   0.238118  0.0153208
  0.054631  -0.081603   0.212964 -0.0333523   0.144449 -0.0657132   0.228466  0.0147168
 0.0524646 -0.0782077   0.204154 -0.0319455   0.138527 -0.0629652   0.218984  0.0141072
 0.0502943 -0.0748751   0.195503 -0.0305578   0.132713 -0.0602635   0.209664  0.0135156
 0.0481379 -0.0716047   0.187009 -0.0291938   0.126961  -0.057623   0.200518  0.0129204
 0.0460077 -0.0683962   0.178651 -0.0278734   0.121311 -0.0550328   0.191536  0.0123495
 0.0439047 -0.0652505   0.170446 -0.0265846   0.115783 -0.0524881   0.182731  0.0117783
 0.0418029 -0.0621707   0.162391 -0.0253315   0.110353 -0.0499975   0.174096  0.0112292
  0.039785 -0.0591505   0.154495 -0.0241098   0.105051 -0.0475531   0.165642   0.010682
 0.0377713 -0.0561978   0.146768 -0.0229132   0.099827 -0.0451704   0.157371  0.0101402
 0.0358331 -0.0533072   0.139215 -0.0217389  0.0947313 -0.0428362   0.149282  0.0096094
 0.0338964 -0.0504862   0.131829 -0.0205947  0.0897168 -0.0405653    0.14138 0.00908609
  0.032052 -0.0477276   0.124609 -0.0194856  0.0848318 -0.0383447   0.133666 0.00857146
 0.0302212 -0.0450394   0.117562 -0.0184064  0.0800487 -0.0361836   0.126139 0.00807161
 0.0284868 -0.0424152    0.11069 -0.0173584  0.0754063  -0.034072   0.118803 0.00758816
 0.0268008 -0.0398602   0.104005 -0.0163331  0.0708685 -0.0320215   0.111659 0.00711938
 0.0251414 -0.0373771  0.0975109 -0.0153306  0.0664617 -0.0300255   0.104714 0.00665895
 0.0235058 -0.0349671  0.0912116 -0.0143492  0.0621758 -0.0280882  0.0979618 0.00622328
 0.0219284 -0.0326283  0.0850999 -0.0133973  0.0580208 -0.0262079  0.0914111 0.00580115
 0.0203951 -0.0303627  0.0791797 -0.0124742  0.0539832 -0.0243895  0.0850647 0.00539152
 0.0189204 -0.0281701   0.073451 -0.0115819  0.0500833 -0.0226285  0.0789245 0.00499568
 0.0174797 -0.0260535  0.0679224 -0.0107158  0.0463109 -0.0209289  0.0729931 0.00461368
 0.0160926 -0.0240123  0.0625899 -0.0098814  0.0426692  -0.019291  0.0672739 0.00424396
   0.014772  -0.0220461   0.0574587 -0.00907683   0.0391679  -0.0177133   0.0617691  0.00388721
  0.0135035  -0.0201573   0.0525268 -0.00830602   0.0357973  -0.0161997   0.0564786  0.00354926
  0.0123039  -0.0183452   0.0478036 -0.00756354   0.0325676  -0.0147484    0.051406  0.00322804
   0.011149  -0.0166132   0.0432838 -0.00685611    0.029479  -0.0133606   0.0465568  0.00291752
  0.0100362  -0.0149622   0.0389762 -0.00617888   0.0265406  -0.0120349   0.0419302    0.002625
 0.00897859  -0.0133922   0.0348812 -0.00553379   0.0237528  -0.0107724   0.0375311  0.00234581
 0.00798258  -0.0119035   0.0310032 -0.00491973   0.0211098 -0.00957593   0.0333602  0.00208403
 0.00704103  -0.0104979   0.0273409 -0.00433994   0.0186153 -0.00844573   0.0294224  0.00183497
 0.00616028 -0.00917559   0.0238989  -0.0037931   0.0162733  -0.0073818   0.0257183  0.00160313
 0.00533325 -0.00793833    0.020677 -0.00328185   0.0140826 -0.00638577    0.022252  0.00138533
 0.00456715 -0.00678644   0.0176792  -0.0028052   0.0120402 -0.00545973   0.0190248  0.00118463
 0.00385714 -0.00572134    0.014905 -0.00236605    0.010153 -0.00460289   0.0160407 0.000998622
 0.00320431 -0.00474394   0.0123598  -0.0019622  0.00841991 -0.00381682   0.0133014 0.000828863
  0.0026084 -0.00385527   0.0100443 -0.00159569  0.00684456 -0.00310174   0.0108103 0.000674473
 0.00206981 -0.00305629  0.00796296 -0.00126521  0.00542818 -0.00245853  0.00856992 0.000535795
   0.0015913  -0.00234777   0.00611708 -0.000972098   0.00417163  -0.00188821   0.00658324   0.00041221
  0.00117295  -0.00173073   0.00450949 -0.000716485   0.00307528  -0.00139192   0.00485267  0.000304536
 0.000817484  -0.00120593   0.00314243 -0.000499002   0.00214307 -0.000969792    0.0033812  0.000212347
 0.000523765 -0.000774494   0.00201822 -0.000320191   0.00137716 -0.000622472   0.00217115  0.000136564
 0.000295183 -0.000437154   0.00113922 -0.000180576   0.00077783 -0.000351149   0.00122538  7.70668e-05
 0.000131163 -0.000194983  0.000508113 -8.04478e-05  0.000347211 -0.000156488  0.000546424  3.43947e-05
 3.28408e-05 -4.89143e-05  0.000127464 -2.01706e-05  8.71685e-05 -3.92311e-05  0.000137061  8.63312e-06
 1.31387e-15 -1.96181e-15  5.11214e-15 -8.08353e-16  3.50016e-15  -1.5719e-15  5.49624e-15  3.46411e-16
 0  0  0  0  0  0 -0  0
 0  0  0  0  0  0 -0  0
 0  0  0  0  0  0 -0  0
 0  0  0  0  0  0 -0  0
 0  0  0  0  0  0 -0  0
 0  0  0  0  0  0 -0  0
 0  0  0  0  0  0 -0  0
 0  0  0  0  0  0 -0  0
 0  0  0  0  0  0 -0  0
 0  0  0  0  0  0 -0  0
 0  0  0  0  0  0 -0  0
 0  0  0  0  0  0 -0  0
 0  0  0  0  0  0 -0  0
 0  0  0  0  0  0 -0  0
 0  0  0  0  0  0 -0  0
 0  0  0  0  0  0 -0  0
 0  0  0  0  0  0 -0  0
 0  0  0  0  0  0 -0  0
 0  0  0  0  0  0 -0  0
 0  0  0  0  0  0 -0  0
 0  0  0  0  0  0 -0  0
 0  0  0  0  0  0 -0  0
 0  0  0  0  0  0 -0  0
 0  0  0  0  0  0 -0  0
 0  0  0  0  0  0 -0  0
 0  0  0  0  0  0 -0  0
 0  0  0  0  0  0 -0  0
 0  0  0  0  0  0 -0  0
 0  0  0  0  0  0 -0  0
 0  0  0  0  0  0 -0  0
 0  0  0  0  0  0 -0  0
 0  0  0  0  0  0 -0  0
 0  0  0  0  0  0 -0  0
 0  0  0  0  0  0 -0  0
 0  0  0  0  0  0 -0  0
 0  0  0  0  0  0 -0  0
 0  0  0  0  0  0 -0  0
 0  0  0  0  0  0 -0  0
 0  0  0  0  0  0 -0  0
 0  0  0  0  0  0 -0  0
 0  0  0  0  0  0 -0  0
 0  0  0  0  0  0 -0  0
 0  0  0  0  0  0 -0  0
 0  0  0  0  0  0 -0  0
 0  0  0  0  0  0 -0  0
 0  0  0  0  0  0 -0  0
 0  0  0  0  0  0 -0  0
 0  0  0  0  0  0 -0  0
 0  0  0  0  0  0 -0  0
 0  0  0  0  0  0 -0  0
 0  0  0  0  0  0 -0  0
 0  0  0  0  0  0 -0  0
 0  0  0  0  0  0 -0  0
 0  0  0  0  0  0 -0  0
 0  0  0  0  0  0 -0  0
 0  0  0  0  0  0 -0  0
 0  0  0  0  0  0 -0  0
 0  0  0  0  0  0 -0  0
 0  0  0  0  0  0 -0  0
 0  0  0  0  0  0 -0  0
 0  0  0  0  0  0 -0  0
 0  0  0  0  0  0 -0  0
 0  0  0  0  0  0 -0  0
 0  0  0  0  0  0 -0  0
 0  0  0  0  0  0 -0  0
 0  0  0  0  0  0 -0  0
 0  0  0  0  0  0 -0  0
 0  0  0  0  0  0 -0  0
 0  0  0  0  0  0 -0  0
 0  0  0  0  0  0 -0  0
 0  0  0  0  0  0 -0  0
 0  0  0  0  0  0 -0  0
 0  0  0  0  0  0 -0  0
 0  0  0  0  0  0 -0  0
 0  0  0  0  0  0 -0  0
 0  0  0  0  0  0 -0  0
 0  0  0  0  0  0 -0  0
 0  0  0  0  0  0 -0  0
 0  0  0  0  0  0 -0  0
 0  0  0  0  0  0 -0  0
 0  0  0  0  0  0 -0  0
 0  0  0  0  0  0 -0  0
 0  0  0  0  0  0 -0  0
 0  0  0  0  0  0 -0  0
 0  0  0  0  0  0 -0  0
 0  0  0  0  0  0 -0  0
 0  0  0  0  0  0 -0  0
 0  0  0  0  0  0 -0  0
