-1.61527e-09  4.59135e-41  4.59135e-41
-6.24141e-09  4.61431e-41  4.61431e-41
-3.84835e-08  4.63726e-41  4.63726e-41
-1.25704e-07  4.66021e-41  4.66021e-41
-2.94989e-07  4.68314e-41  4.68314e-41
-5.7315e-07 4.70606e-41 4.70606e-41
-9.86724e-07  4.72897e-41  4.72897e-41
-1.56198e-06  4.75185e-41  4.75185e-41
-2.3249e-06 4.77471e-41 4.77471e-41
-3.30121e-06  4.79754e-41  4.79754e-41
-4.51636e-06  4.82034e-41  4.82034e-41
-5.99553e-06  4.84311e-41  4.84311e-41
-7.76363e-06  4.86584e-41  4.86584e-41
-9.84531e-06  4.88852e-41  4.88852e-41
-1.2265e-05 4.91117e-41 4.91117e-41
-1.50467e-05  4.93377e-41  4.93377e-41
-1.82143e-05  4.95631e-41  4.95631e-41
-2.17914e-05  4.97881e-41  4.97881e-41
-2.58013e-05  5.00125e-41  5.00125e-41
-3.02672e-05  5.02363e-41  5.02363e-41
-3.52117e-05  5.04595e-41  5.04595e-41
-4.06574e-05   5.0682e-41   5.0682e-41
-4.66266e-05  5.09039e-41  5.09039e-41
-5.31413e-05   5.1125e-41   5.1125e-41
-6.02232e-05  5.13454e-41  5.13454e-41
-6.7894e-05 5.15651e-41 5.15651e-41
-7.61748e-05  5.17839e-41  5.17839e-41
-8.50866e-05  5.20019e-41  5.20019e-41
-9.46502e-05  5.22191e-41  5.22191e-41
-0.000104886  5.24354e-41  5.24354e-41
-0.000115814  5.26509e-41  5.26509e-41
-0.000127455  5.28653e-41  5.28653e-41
-0.000139828  5.30789e-41  5.30789e-41
-0.000152953  5.32914e-41  5.32914e-41
-0.000166849   5.3503e-41   5.3503e-41
-0.000181534  5.37135e-41  5.37135e-41
-0.000197028   5.3923e-41   5.3923e-41
-0.00021335 5.41314e-41 5.41314e-41
-0.000230517  5.43386e-41  5.43386e-41
-0.000248547  5.45448e-41  5.45448e-41
-0.000267459  5.47498e-41  5.47498e-41
-0.000287269  5.49536e-41  5.49536e-41
-0.000307995  5.51563e-41  5.51563e-41
-0.000329655  5.53577e-41  5.53577e-41
-0.000352264  5.55579e-41  5.55579e-41
-0.00037584 5.57568e-41 5.57568e-41
-0.000400398  5.59544e-41  5.59544e-41
-0.000425956  5.61507e-41  5.61507e-41
-0.000452528  5.63457e-41  5.63457e-41
-0.000480131  5.65393e-41  5.65393e-41
-0.000508779  5.67315e-41  5.67315e-41
-0.000538488  5.69224e-41  5.69224e-41
-0.000569273  5.71119e-41  5.71119e-41
-0.000601149  5.72999e-41  5.72999e-41
-0.00063413 5.74864e-41 5.74864e-41
-0.00066823 5.76715e-41 5.76715e-41
-0.000703463  5.78551e-41  5.78551e-41
-0.000739844  5.80372e-41  5.80372e-41
-0.000777385  5.82178e-41  5.82178e-41
 -0.0008161 5.83968e-41 5.83968e-41
-0.000856002  5.85742e-41  5.85742e-41
-0.000897104  5.87501e-41  5.87501e-41
-0.000939419  5.89243e-41  5.89243e-41
-0.000982959   5.9097e-41   5.9097e-41
-0.00102774  5.9268e-41  5.9268e-41
-0.00107376 5.94373e-41 5.94373e-41
-0.00112105  5.9605e-41  5.9605e-41
-0.00116961  5.9771e-41  5.9771e-41
-0.00121945 5.99353e-41 5.99353e-41
-0.00127059 6.00978e-41 6.00978e-41
-0.00132304 6.02587e-41 6.02587e-41
 -0.0013768 6.04178e-41 6.04178e-41
-0.00143189 6.05751e-41 6.05751e-41
-0.00148832 6.07307e-41 6.07307e-41
-0.00154609 6.08844e-41 6.08844e-41
-0.00160523 6.10364e-41 6.10364e-41
-0.00166573 6.11865e-41 6.11865e-41
 -0.0017276 6.13348e-41 6.13348e-41
-0.00179086 6.14813e-41 6.14813e-41
-0.00185552 6.16259e-41 6.16259e-41
-0.00192158 6.17686e-41 6.17686e-41
-0.00198906 6.19094e-41 6.19094e-41
-0.00205795 6.20483e-41 6.20483e-41
-0.00212827 6.21854e-41 6.21854e-41
-0.00220003 6.23205e-41 6.23205e-41
-0.00227324 6.24536e-41 6.24536e-41
-0.00234789 6.25848e-41 6.25848e-41
-0.00242401 6.27141e-41 6.27141e-41
-0.00250159 6.28414e-41 6.28414e-41
-0.00258065 6.29667e-41 6.29667e-41
-0.00266119   6.309e-41   6.309e-41
-0.00274322 6.32113e-41 6.32113e-41
-0.00282674 6.33307e-41 6.33307e-41
-0.00291176 6.34479e-41 6.34479e-41
-0.00299828 6.35632e-41 6.35632e-41
-0.00308632 6.36764e-41 6.36764e-41
-0.00317588 6.37876e-41 6.37876e-41
-0.00326696 6.38967e-41 6.38967e-41
-0.00335956 6.40038e-41 6.40038e-41
-0.00345371 6.41088e-41 6.41088e-41
-0.00354938 6.42117e-41 6.42117e-41
-0.00364661 6.43125e-41 6.43125e-41
-0.00374538 6.44112e-41 6.44112e-41
 -0.0038457 6.45078e-41 6.45078e-41
-0.00394758 6.46023e-41 6.46023e-41
-0.00405102 6.46946e-41 6.46946e-41
-0.00415602 6.47849e-41 6.47849e-41
-0.00426259  6.4873e-41  6.4873e-41
-0.00437074  6.4959e-41  6.4959e-41
-0.00448045 6.50428e-41 6.50428e-41
-0.00459175 6.51245e-41 6.51245e-41
-0.00470462  6.5204e-41  6.5204e-41
-0.00481908 6.52813e-41 6.52813e-41
-0.00493512 6.53565e-41 6.53565e-41
-0.00505275 6.54295e-41 6.54295e-41
-0.00517197 6.55003e-41 6.55003e-41
-0.00529279  6.5569e-41  6.5569e-41
 -0.0054152 6.56354e-41 6.56354e-41
 -0.0055392 6.56997e-41 6.56997e-41
 -0.0056648 6.57618e-41 6.57618e-41
  -0.005792 6.58217e-41 6.58217e-41
 -0.0059208 6.58793e-41 6.58793e-41
 -0.0060512 6.59348e-41 6.59348e-41
-0.00618321  6.5988e-41  6.5988e-41
-0.00631681 6.60391e-41 6.60391e-41
-0.00645202 6.60879e-41 6.60879e-41
-0.00658883 6.61345e-41 6.61345e-41
-0.00672725 6.61789e-41 6.61789e-41
-0.00686727  6.6221e-41  6.6221e-41
-0.00700889 6.62609e-41 6.62609e-41
-0.00715212 6.62986e-41 6.62986e-41
-0.00729695 6.63341e-41 6.63341e-41
-0.00744338 6.63674e-41 6.63674e-41
-0.00759141 6.63984e-41 6.63984e-41
-0.00774105 6.64271e-41 6.64271e-41
-0.00789228 6.64537e-41 6.64537e-41
-0.00804511  6.6478e-41  6.6478e-41
-0.00819954 6.65001e-41 6.65001e-41
-0.00835557 6.65199e-41 6.65199e-41
-0.00851319 6.65375e-41 6.65375e-41
 -0.0086724 6.65528e-41 6.65528e-41
-0.0088332 6.6566e-41 6.6566e-41
-0.00899559 6.65769e-41 6.65769e-41
-0.00915956 6.65855e-41 6.65855e-41
-0.00932512 6.65919e-41 6.65919e-41
-0.00949226 6.65961e-41 6.65961e-41
-0.00966098 6.65981e-41 6.65981e-41
-0.00983127 6.65978e-41 6.65978e-41
 -0.0100031 6.65953e-41 6.65953e-41
 -0.0101766 6.65906e-41 6.65906e-41
 -0.0103516 6.65836e-41 6.65836e-41
 -0.0105281 6.65744e-41 6.65744e-41
-0.0107062 6.6563e-41 6.6563e-41
 -0.0108859 6.65494e-41 6.65494e-41
 -0.0110672 6.65336e-41 6.65336e-41
 -0.0112499 6.65155e-41 6.65155e-41
 -0.0114342 6.64952e-41 6.64952e-41
 -0.0116201 6.64728e-41 6.64728e-41
 -0.0118075 6.64481e-41 6.64481e-41
 -0.0119964 6.64212e-41 6.64212e-41
 -0.0121869 6.63921e-41 6.63921e-41
 -0.0123788 6.63608e-41 6.63608e-41
 -0.0125723 6.63274e-41 6.63274e-41
 -0.0127673 6.62917e-41 6.62917e-41
 -0.0129638 6.62539e-41 6.62539e-41
 -0.0131618 6.62139e-41 6.62139e-41
 -0.0133613 6.61717e-41 6.61717e-41
 -0.0135623 6.61273e-41 6.61273e-41
 -0.0137648 6.60808e-41 6.60808e-41
 -0.0139687 6.60321e-41 6.60321e-41
 -0.0141742 6.59813e-41 6.59813e-41
  -0.014381 6.59283e-41 6.59283e-41
 -0.0145894 6.58732e-41 6.58732e-41
 -0.0147992 6.58159e-41 6.58159e-41
 -0.0150105 6.57565e-41 6.57565e-41
-0.0152231 6.5695e-41 6.5695e-41
 -0.0154373 6.56313e-41 6.56313e-41
 -0.0156528 6.55656e-41 6.55656e-41
 -0.0158698 6.54977e-41 6.54977e-41
 -0.0160882 6.54277e-41 6.54277e-41
  -0.016308 6.53556e-41 6.53556e-41
 -0.0165292 6.52815e-41 6.52815e-41
 -0.0167518 6.52052e-41 6.52052e-41
 -0.0169758 6.51269e-41 6.51269e-41
 -0.0172011 6.50465e-41 6.50465e-41
 -0.0174278 6.49641e-41 6.49641e-41
 -0.0176559 6.48796e-41 6.48796e-41
-0.0178854 6.4793e-41 6.4793e-41
 -0.0181162 6.47044e-41 6.47044e-41
 -0.0183483 6.46138e-41 6.46138e-41
 -0.0185818 6.45212e-41 6.45212e-41
 -0.0188165 6.44265e-41 6.44265e-41
 -0.0190526 6.43299e-41 6.43299e-41
   -0.01929 6.42312e-41 6.42312e-41
 -0.0195287 6.41306e-41 6.41306e-41
 -0.0197687 6.40279e-41 6.40279e-41
   -0.02001 6.39233e-41 6.39233e-41
 -0.0202525 6.38168e-41 6.38168e-41
 -0.0204963 6.37083e-41 6.37083e-41
 -0.0207414 6.35978e-41 6.35978e-41
 -0.0209877 6.34854e-41 6.34854e-41
 -0.0212352 6.33711e-41 6.33711e-41
 -0.0214839 6.32548e-41 6.32548e-41
 -0.0217339 6.31367e-41 6.31367e-41
 -0.0219851 6.30166e-41 6.30166e-41
 -0.0222375 6.28947e-41 6.28947e-41
  -0.022491 6.27708e-41 6.27708e-41
 -0.0227458 6.26452e-41 6.26452e-41
 -0.0230017 6.25176e-41 6.25176e-41
 -0.0232587 6.23882e-41 6.23882e-41
-0.0235169 6.2257e-41 6.2257e-41
 -0.0237763 6.21239e-41 6.21239e-41
-0.0240368 6.1989e-41 6.1989e-41
 -0.0242984 6.18523e-41 6.18523e-41
 -0.0245611 6.17139e-41 6.17139e-41
 -0.0248249 6.15736e-41 6.15736e-41
 -0.0250897 6.14315e-41 6.14315e-41
 -0.0253557 6.12877e-41 6.12877e-41
 -0.0256227 6.11422e-41 6.11422e-41
 -0.0258908 6.09949e-41 6.09949e-41
 -0.0261599 6.08458e-41 6.08458e-41
 -0.0264301 6.06951e-41 6.06951e-41
 -0.0267012 6.05426e-41 6.05426e-41
 -0.0269734 6.03885e-41 6.03885e-41
 -0.0272466 6.02327e-41 6.02327e-41
 -0.0275208 6.00752e-41 6.00752e-41
-0.0277959 5.9916e-41 5.9916e-41
  -0.028072 5.97552e-41 5.97552e-41
 -0.0283491 5.95928e-41 5.95928e-41
 -0.0286271 5.94287e-41 5.94287e-41
 -0.028906 5.9263e-41 5.9263e-41
 -0.0291859 5.90958e-41 5.90958e-41
 -0.0294666 5.89269e-41 5.89269e-41
 -0.0297483 5.87565e-41 5.87565e-41
 -0.0300308 5.85845e-41 5.85845e-41
 -0.0303143 5.84109e-41 5.84109e-41
 -0.0305985 5.82359e-41 5.82359e-41
 -0.0308837 5.80593e-41 5.80593e-41
 -0.0311696 5.78812e-41 5.78812e-41
 -0.0314564 5.77016e-41 5.77016e-41
  -0.031744 5.75205e-41 5.75205e-41
 -0.0320324 5.73379e-41 5.73379e-41
 -0.0323216 5.71539e-41 5.71539e-41
 -0.0326115 5.69685e-41 5.69685e-41
 -0.0329023 5.67816e-41 5.67816e-41
 -0.0331937 5.65933e-41 5.65933e-41
  -0.033486 5.64036e-41 5.64036e-41
 -0.0337789 5.62125e-41 5.62125e-41
 -0.0340725 5.60201e-41 5.60201e-41
 -0.0343669 5.58263e-41 5.58263e-41
 -0.0346619 5.56311e-41 5.56311e-41
 -0.0349577 5.54346e-41 5.54346e-41
  -0.035254 5.52368e-41 5.52368e-41
 -0.0355511 5.50377e-41 5.50377e-41
 -0.0358487 5.48372e-41 5.48372e-41
  -0.036147 5.46356e-41 5.46356e-41
 -0.0364459 5.44326e-41 5.44326e-41
 -0.0367454 5.42284e-41 5.42284e-41
-0.0370455 5.4023e-41 5.4023e-41
 -0.0373461 5.38163e-41 5.38163e-41
 -0.0376474 5.36085e-41 5.36085e-41
 -0.0379491 5.33994e-41 5.33994e-41
 -0.0382514 5.31892e-41 5.31892e-41
 -0.0385542 5.29778e-41 5.29778e-41
 -0.0388575 5.27653e-41 5.27653e-41
 -0.0391613 5.25516e-41 5.25516e-41
 -0.0394656 5.23368e-41 5.23368e-41
-0.0397704 5.2121e-41 5.2121e-41
-0.0400756 5.1904e-41 5.1904e-41
-0.0403812 5.1686e-41 5.1686e-41
 -0.0406873 5.14669e-41 5.14669e-41
 -0.0409938 5.12467e-41 5.12467e-41
 -0.0413007 5.10256e-41 5.10256e-41
  -0.041608 5.08034e-41 5.08034e-41
 -0.0419156 5.05802e-41 5.05802e-41
 -0.0422236 5.03561e-41 5.03561e-41
-0.0425319 5.0131e-41 5.0131e-41
 -0.0428406 4.99049e-41 4.99049e-41
 -0.0431496 4.96779e-41 4.96779e-41
-0.0434589  4.945e-41  4.945e-41
 -0.0437685 4.92211e-41 4.92211e-41
 -0.0440784 4.89914e-41 4.89914e-41
 -0.0443885 4.87608e-41 4.87608e-41
 -0.0446989 4.85294e-41 4.85294e-41
 -0.0450095 4.82971e-41 4.82971e-41
-0.0453203 4.8064e-41 4.8064e-41
 -0.0456313 4.78301e-41 4.78301e-41
 -0.0459426 4.75953e-41 4.75953e-41
  -0.046254 4.73598e-41 4.73598e-41
 -0.0465656 4.71236e-41 4.71236e-41
 -0.0468773 4.68866e-41 4.68866e-41
 -0.0471892 4.66488e-41 4.66488e-41
 -0.0475012 4.64103e-41 4.64103e-41
 -0.0478133 4.61712e-41 4.61712e-41
 -0.0481255 4.59313e-41 4.59313e-41
 -0.0484378 4.56908e-41 4.56908e-41
 -0.0487501 4.54496e-41 4.54496e-41
 -0.0490626 4.52078e-41 4.52078e-41
  -0.049375 4.49654e-41 4.49654e-41
 -0.0496875 4.47224e-41 4.47224e-41
      -0.05 4.44787e-41 4.44787e-41
 -0.0503125 4.42345e-41 4.42345e-41
  -0.050625 4.39898e-41 4.39898e-41
 -0.0509374 4.37445e-41 4.37445e-41
 -0.0512499 4.34987e-41 4.34987e-41
 -0.0515622 4.32523e-41 4.32523e-41
 -0.0518745 4.30055e-41 4.30055e-41
 -0.0521867 4.27582e-41 4.27582e-41
 -0.0524988 4.25104e-41 4.25104e-41
 -0.0528108 4.22622e-41 4.22622e-41
 -0.0531227 4.20136e-41 4.20136e-41
 -0.0534344 4.17645e-41 4.17645e-41
 -0.053746 4.1515e-41 4.1515e-41
 -0.0540574 4.12652e-41 4.12652e-41
-0.0543687 4.1015e-41 4.1015e-41
 -0.0546797 4.07644e-41 4.07644e-41
 -0.0549905 4.05135e-41 4.05135e-41
 -0.0553011 4.02623e-41 4.02623e-41
 -0.0556115 4.00108e-41 4.00108e-41
-0.0559216 3.9759e-41 3.9759e-41
-0.0562315 3.9507e-41 3.9507e-41
 -0.0565411 3.92546e-41 3.92546e-41
 -0.0568504 3.90021e-41 3.90021e-41
 -0.0571594 3.87493e-41 3.87493e-41
 -0.0574681 3.84963e-41 3.84963e-41
 -0.0577764 3.82431e-41 3.82431e-41
 -0.0580844 3.79898e-41 3.79898e-41
  -0.058392 3.77363e-41 3.77363e-41
 -0.0586993 3.74826e-41 3.74826e-41
 -0.0590062 3.72289e-41 3.72289e-41
-0.0593127 3.6975e-41 3.6975e-41
-0.0596188 3.6721e-41 3.6721e-41
 -0.0599244 3.64669e-41 3.64669e-41
 -0.0602296 3.62128e-41 3.62128e-41
 -0.0605344 3.59586e-41 3.59586e-41
 -0.0608387 3.57044e-41 3.57044e-41
 -0.0611425 3.54502e-41 3.54502e-41
-0.0614458 3.5196e-41 3.5196e-41
 -0.0617486 3.49418e-41 3.49418e-41
 -0.0620509 3.46876e-41 3.46876e-41
 -0.0623526 3.44335e-41 3.44335e-41
 -0.0626539 3.41794e-41 3.41794e-41
 -0.0629545 3.39254e-41 3.39254e-41
 -0.0632546 3.36715e-41 3.36715e-41
 -0.0635541 3.34178e-41 3.34178e-41
  -0.063853 3.31641e-41 3.31641e-41
 -0.0641513 3.29106e-41 3.29106e-41
 -0.0644489 3.26572e-41 3.26572e-41
 -0.064746 3.2404e-41 3.2404e-41
-0.0650423 3.2151e-41 3.2151e-41
 -0.0653381 3.18982e-41 3.18982e-41
 -0.0656331 3.16457e-41 3.16457e-41
 -0.0659275 3.13933e-41 3.13933e-41
 -0.0662211 3.11412e-41 3.11412e-41
  -0.066514 3.08894e-41 3.08894e-41
 -0.0668063 3.06378e-41 3.06378e-41
 -0.0670977 3.03865e-41 3.03865e-41
 -0.0673885 3.01356e-41 3.01356e-41
 -0.0676784 2.98849e-41 2.98849e-41
 -0.0679676 2.96346e-41 2.96346e-41
  -0.068256 2.93847e-41 2.93847e-41
 -0.0685436 2.91351e-41 2.91351e-41
 -0.0688304 2.88859e-41 2.88859e-41
 -0.0691163 2.86371e-41 2.86371e-41
 -0.0694015 2.83887e-41 2.83887e-41
 -0.0696857 2.81407e-41 2.81407e-41
 -0.0699692 2.78932e-41 2.78932e-41
 -0.0702517 2.76461e-41 2.76461e-41
 -0.0705334 2.73995e-41 2.73995e-41
 -0.0708141 2.71534e-41 2.71534e-41
  -0.071094 2.69078e-41 2.69078e-41
 -0.0713729 2.66627e-41 2.66627e-41
 -0.0716509 2.64181e-41 2.64181e-41
  -0.071928 2.61741e-41 2.61741e-41
 -0.0722041 2.59306e-41 2.59306e-41
 -0.0724792 2.56877e-41 2.56877e-41
 -0.0727534 2.54453e-41 2.54453e-41
 -0.0730266 2.52036e-41 2.52036e-41
 -0.0732988 2.49625e-41 2.49625e-41
-0.0735699 2.4722e-41 2.4722e-41
 -0.0738401 2.44821e-41 2.44821e-41
 -0.0741092 2.42429e-41 2.42429e-41
 -0.0743773 2.40043e-41 2.40043e-41
 -0.0746443 2.37665e-41 2.37665e-41
 -0.0749103 2.35293e-41 2.35293e-41
 -0.0751752 2.32928e-41 2.32928e-41
 -0.0754389 2.30571e-41 2.30571e-41
-0.0757016 2.2822e-41 2.2822e-41
 -0.0759632 2.25878e-41 2.25878e-41
 -0.0762237 2.23543e-41 2.23543e-41
 -0.0764831 2.21215e-41 2.21215e-41
 -0.0767413 2.18895e-41 2.18895e-41
 -0.0769983 2.16584e-41 2.16584e-41
-0.0772542 2.1428e-41 2.1428e-41
  -0.077509 2.11985e-41 2.11985e-41
 -0.0777625 2.09698e-41 2.09698e-41
 -0.0780149 2.07419e-41 2.07419e-41
 -0.0782661 2.05149e-41 2.05149e-41
 -0.0785161 2.02888e-41 2.02888e-41
 -0.0787648 2.00635e-41 2.00635e-41
 -0.0790123 1.98392e-41 1.98392e-41
 -0.0792586 1.96157e-41 1.96157e-41
 -0.0795037 1.93932e-41 1.93932e-41
 -0.0797475 1.91716e-41 1.91716e-41
  -0.07999 1.8951e-41 1.8951e-41
 -0.0802313 1.87313e-41 1.87313e-41
 -0.0804713 1.85125e-41 1.85125e-41
   -0.08071 1.82948e-41 1.82948e-41
-0.0809474 1.8078e-41 1.8078e-41
 -0.0811835 1.78622e-41 1.78622e-41
 -0.0814182 1.76475e-41 1.76475e-41
 -0.0816517 1.74337e-41 1.74337e-41
-0.0818838 1.7221e-41 1.7221e-41
 -0.0821146 1.70094e-41 1.70094e-41
 -0.0823441 1.67988e-41 1.67988e-41
 -0.0825722 1.65892e-41 1.65892e-41
 -0.0827989 1.63807e-41 1.63807e-41
 -0.0830242 1.61734e-41 1.61734e-41
 -0.0832482 1.59671e-41 1.59671e-41
 -0.0834708 1.57619e-41 1.57619e-41
  -0.083692 1.55578e-41 1.55578e-41
 -0.0839118 1.53549e-41 1.53549e-41
-0.0841302 1.5153e-41 1.5153e-41
 -0.0843472 1.49524e-41 1.49524e-41
 -0.0845627 1.47529e-41 1.47529e-41
 -0.0847769 1.45545e-41 1.45545e-41
 -0.0849895 1.43573e-41 1.43573e-41
 -0.0852008 1.41613e-41 1.41613e-41
 -0.0854106 1.39665e-41 1.39665e-41
  -0.085619 1.37729e-41 1.37729e-41
 -0.0858258 1.35805e-41 1.35805e-41
 -0.0860313 1.33893e-41 1.33893e-41
 -0.0862352 1.31994e-41 1.31994e-41
 -0.0864377 1.30107e-41 1.30107e-41
 -0.0866387 1.28232e-41 1.28232e-41
-0.0868382 1.2637e-41 1.2637e-41
-0.0870362 1.2452e-41 1.2452e-41
 -0.0872327 1.22683e-41 1.22683e-41
 -0.0874277 1.20858e-41 1.20858e-41
 -0.0876212 1.19047e-41 1.19047e-41
 -0.0878131 1.17248e-41 1.17248e-41
 -0.0880036 1.15463e-41 1.15463e-41
-0.0881925 1.1369e-41 1.1369e-41
 -0.0883799 1.11931e-41 1.11931e-41
 -0.0885658 1.10185e-41 1.10185e-41
 -0.0887501 1.08452e-41 1.08452e-41
 -0.0889329 1.06732e-41 1.06732e-41
 -0.0891141 1.05026e-41 1.05026e-41
 -0.0892938 1.03333e-41 1.03333e-41
 -0.0894719 1.01653e-41 1.01653e-41
 -0.0896484 9.99875e-42 9.99875e-42
 -0.0898234 9.83353e-42 9.83353e-42
 -0.0899969 9.66969e-42 9.66969e-42
 -0.0901687 9.50721e-42 9.50721e-42
  -0.090339 9.34612e-42 9.34612e-42
 -0.0905077 9.18641e-42 9.18641e-42
-0.0906749 9.0281e-42 9.0281e-42
 -0.0908404 8.87118e-42 8.87118e-42
 -0.0910044 8.71566e-42 8.71566e-42
 -0.0911668 8.56154e-42 8.56154e-42
 -0.0913276 8.40884e-42 8.40884e-42
 -0.0914868 8.25755e-42 8.25755e-42
 -0.0916444 8.10768e-42 8.10768e-42
 -0.0918005 7.95923e-42 7.95923e-42
 -0.0919549 7.81221e-42 7.81221e-42
 -0.0921077 7.66662e-42 7.66662e-42
  -0.092259 7.52246e-42 7.52246e-42
 -0.0924086 7.37974e-42 7.37974e-42
 -0.0925566 7.23847e-42 7.23847e-42
 -0.0927031 7.09863e-42 7.09863e-42
 -0.0928479 6.96025e-42 6.96025e-42
 -0.0929911 6.82332e-42 6.82332e-42
 -0.0931327 6.68783e-42 6.68783e-42
 -0.0932728 6.55381e-42 6.55381e-42
 -0.0934112 6.42124e-42 6.42124e-42
  -0.093548 6.29013e-42 6.29013e-42
 -0.0936832 6.16048e-42 6.16048e-42
-0.0938168 6.0323e-42 6.0323e-42
 -0.0939488 5.90558e-42 5.90558e-42
 -0.0940792 5.78033e-42 5.78033e-42
  -0.094208 5.65655e-42 5.65655e-42
 -0.0943352 5.53424e-42 5.53424e-42
 -0.0944608 5.41339e-42 5.41339e-42
 -0.0945848 5.29402e-42 5.29402e-42
 -0.0947072 5.17612e-42 5.17612e-42
  -0.094828 5.05969e-42 5.05969e-42
 -0.0949472 4.94473e-42 4.94473e-42
 -0.0950649 4.83125e-42 4.83125e-42
 -0.0951809 4.71923e-42 4.71923e-42
 -0.0952954 4.60869e-42 4.60869e-42
 -0.0954083 4.49962e-42 4.49962e-42
 -0.0955195 4.39202e-42 4.39202e-42
 -0.0956293 4.28589e-42 4.28589e-42
 -0.0957374 4.18123e-42 4.18123e-42
  -0.095844 4.07803e-42 4.07803e-42
 -0.095949 3.9763e-42 3.9763e-42
 -0.0960524 3.87604e-42 3.87604e-42
 -0.0961543 3.77723e-42 3.77723e-42
 -0.0962546 3.67989e-42 3.67989e-42
-0.0963534  3.584e-42  3.584e-42
 -0.0964506 3.48957e-42 3.48957e-42
 -0.0965463 3.39659e-42 3.39659e-42
 -0.0966404 3.30506e-42 3.30506e-42
  -0.096733 3.21498e-42 3.21498e-42
 -0.0968241 3.12634e-42 3.12634e-42
 -0.0969137 3.03914e-42 3.03914e-42
 -0.0970017 2.95338e-42 2.95338e-42
 -0.0970882 2.86905e-42 2.86905e-42
 -0.0971733 2.78614e-42 2.78614e-42
 -0.0972568 2.70466e-42 2.70466e-42
-0.0973388 2.6246e-42 2.6246e-42
 -0.0974194 2.54596e-42 2.54596e-42
 -0.0974984 2.46872e-42 2.46872e-42
  -0.097576 2.39289e-42 2.39289e-42
 -0.0976521 2.31846e-42 2.31846e-42
 -0.0977268 2.24543e-42 2.24543e-42
    -0.0978 2.17378e-42 2.17378e-42
 -0.0978717 2.10351e-42 2.10351e-42
 -0.0979421 2.03462e-42 2.03462e-42
 -0.0980109 1.96709e-42 1.96709e-42
 -0.0980784 1.90093e-42 1.90093e-42
 -0.0981445 1.83613e-42 1.83613e-42
 -0.0982091 1.77268e-42 1.77268e-42
 -0.0982724 1.71056e-42 1.71056e-42
 -0.0983343 1.64978e-42 1.64978e-42
 -0.0983948 1.59033e-42 1.59033e-42
 -0.0984539 1.53219e-42 1.53219e-42
 -0.0985117 1.47537e-42 1.47537e-42
 -0.0985681 1.41984e-42 1.41984e-42
 -0.0986232 1.36561e-42 1.36561e-42
  -0.098677 1.31267e-42 1.31267e-42
 -0.0987294 1.26099e-42 1.26099e-42
 -0.0987805 1.21059e-42 1.21059e-42
 -0.0988304 1.16144e-42 1.16144e-42
  -0.098879 1.11353e-42 1.11353e-42
 -0.0989262 1.06686e-42 1.06686e-42
 -0.0989723 1.02142e-42 1.02142e-42
  -0.099017 9.77195e-43 9.77195e-43
 -0.0990606 9.34172e-43 9.34172e-43
 -0.0991029 8.92343e-43 8.92343e-43
  -0.099144 8.51696e-43 8.51696e-43
-0.0991839 8.1222e-43 8.1222e-43
 -0.0992226 7.73903e-43 7.73903e-43
 -0.0992602 7.36733e-43 7.36733e-43
 -0.0992965 7.00698e-43 7.00698e-43
 -0.0993318 6.65785e-43 6.65785e-43
 -0.0993659 6.31982e-43 6.31982e-43
 -0.0993989 5.99276e-43 5.99276e-43
 -0.0994307 5.67653e-43 5.67653e-43
-0.0994615  5.371e-43  5.371e-43
 -0.0994912 5.07604e-43 5.07604e-43
-0.0995199 4.7915e-43 4.7915e-43
 -0.0995475 4.51725e-43 4.51725e-43
  -0.099574 4.25313e-43 4.25313e-43
-0.0995996  3.999e-43  3.999e-43
 -0.0996242 3.75471e-43 3.75471e-43
 -0.0996477 3.52011e-43 3.52011e-43
 -0.0996703 3.29504e-43 3.29504e-43
  -0.099692 3.07935e-43 3.07935e-43
 -0.0997127 2.87288e-43 2.87288e-43
 -0.0997325 2.67546e-43 2.67546e-43
 -0.0997515 2.48692e-43 2.48692e-43
 -0.0997695 2.30711e-43 2.30711e-43
 -0.0997867 2.13584e-43 2.13584e-43
  -0.099803 1.97295e-43 1.97295e-43
 -0.0998185 1.81826e-43 1.81826e-43
-0.0998332 1.6716e-43 1.6716e-43
  -0.099847 1.53277e-43 1.53277e-43
 -0.0998602 1.40159e-43 1.40159e-43
 -0.0998725 1.27789e-43 1.27789e-43
 -0.0998842 1.16147e-43 1.16147e-43
 -0.0998951 1.05213e-43 1.05213e-43
 -0.0999054 9.49691e-44 9.49691e-44
 -0.0999149 8.53944e-44 8.53944e-44
 -0.0999238 7.64691e-44 7.64691e-44
-0.0999321 6.8173e-44 6.8173e-44
 -0.0999398 6.04854e-44 6.04854e-44
 -0.0999469 5.33855e-44 5.33855e-44
 -0.0999534 4.68521e-44 4.68521e-44
 -0.0999593 4.08638e-44 4.08638e-44
 -0.0999648 3.53988e-44 3.53988e-44
 -0.0999697 3.04351e-44 3.04351e-44
 -0.0999742 2.59505e-44 2.59505e-44
 -0.0999782 2.19224e-44 2.19224e-44
 -0.0999818 1.83279e-44 1.83279e-44
  -0.099985 1.51438e-44 1.51438e-44
 -0.0999877 1.23468e-44 1.23468e-44
 -0.0999902 9.91303e-45 9.91303e-45
 -0.0999922 7.81853e-45 7.81853e-45
  -0.099994 6.03896e-45 6.03896e-45
 -0.0999955 4.54973e-45 4.54973e-45
 -0.0999967 3.32593e-45 3.32593e-45
 -0.0999977 2.34236e-45 2.34236e-45
 -0.0999984 1.57353e-45 1.57353e-45
  -0.099999 9.93638e-46 9.93638e-46
 -0.0999994 5.76604e-46 5.76604e-46
 -0.0999997 2.96032e-46 2.96032e-46
 -0.0999999 1.25231e-46 1.25231e-46
       -0.1 3.72073e-47 3.72073e-47
       -0.1 4.66363e-48 4.66363e-48
        -0.1 -3.26265e-55 -3.26265e-55
-0.1    0    0
-0.1    0    0
-0.1    0    0
-0.1    0    0
-0.1    0    0
-0.1    0    0
-0.1    0    0
-0.1    0    0
-0.1    0    0
-0.1    0    0
-0.1    0    0
-0.1    0    0
-0.1    0    0
-0.1    0    0
-0.1    0    0
-0.1    0    0
-0.1    0    0
-0.1    0    0
-0.1    0    0
-0.1    0    0
-0.1    0    0
-0.1    0    0
-0.1    0    0
-0.1    0    0
-0.1    0    0
-0.1    0    0
-0.1    0    0
-0.1    0    0
-0.1    0    0
-0.1    0    0
-0.1    0    0
-0.1    0    0
-0.1    0    0
-0.1    0    0
-0.1    0    0
-0.1    0    0
-0.1    0    0
-0.1    0    0
-0.1    0    0
-0.1    0    0
-0.1    0    0
-0.1    0    0
-0.1    0    0
-0.1    0    0
-0.1    0    0
-0.1    0    0
-0.1    0    0
-0.1    0    0
-0.1    0    0
-0.1    0    0
-0.1    0    0
-0.1    0    0
-0.1    0    0
-0.1    0    0
-0.1    0    0
-0.1    0    0
-0.1    0    0
-0.1    0    0
-0.1    0    0
-0.1    0    0
-0.1    0    0
-0.1    0    0
-0.1    0    0
-0.1    0    0
-0.1    0    0
-0.1    0    0
-0.1    0    0
-0.1    0    0
-0.1    0    0
-0.1    0    0
-0.1    0    0
-0.1    0    0
-0.1    0    0
-0.1    0    0
-0.1    0    0
-0.1    0    0
-0.1    0    0
-0.1    0    0
-0.1    0    0
-0.1    0    0
-0.1    0    0
-0.1    0    0
-0.1    0    0
-0.1    0    0
-0.1    0    0
-0.1    0    0
-0.1    0    0
-0.1    0    0
