-7.69214e-11  2.18636e-42  2.18636e-42
3.08353e-06 1.52288e-06 -4.1374e-07
 2.48462e-06 -2.48017e-06 -3.49361e-07
 3.96171e-06 -5.97391e-06 -2.59139e-07
  4.8823e-06 -9.19819e-06  1.71071e-07
2.97783e-06 -8.6906e-06  5.0321e-07
-1.39392e-06 -4.61477e-06  7.63355e-07
-4.58404e-06 -6.05423e-06  9.01694e-07
-9.71676e-06 -1.23099e-06  1.03061e-06
-2.25876e-05  4.20744e-06  1.09879e-06
-3.94998e-05  6.63057e-06  1.22557e-06
-6.62482e-05  1.10519e-05  1.24383e-06
-9.96853e-05  2.05727e-06  1.02527e-06
-0.000140999  -5.0786e-07  7.93514e-07
-0.000187666 -1.85547e-06  4.23594e-07
-0.000245807  4.95793e-06  2.50164e-07
-0.000311753  1.04912e-05 -1.42397e-07
-0.000388171  2.23322e-05 -1.56686e-07
-0.000474181  3.04655e-05 -6.41548e-07
-0.000577421  4.34006e-05 -7.67433e-07
-0.000693461  5.04398e-05 -5.94751e-07
-0.000826527  6.41546e-05 -1.13924e-07
-0.000968715  8.63188e-05  1.04125e-06
-0.00112835 0.000121421 2.36281e-06
-0.00130024 0.000146995 3.37826e-06
-0.00148028 0.000169964 4.74217e-06
-0.00167192 0.000179022 5.54611e-06
-0.00187143 0.000185201 6.41509e-06
 -0.0020736 0.000186706 7.01154e-06
-0.00227394 0.000186403   7.477e-06
-0.00247421 0.000181024 7.82152e-06
-0.00267257 0.000171607 8.18104e-06
-0.00286826 0.000164237  8.5504e-06
-0.00306458 0.000153079 8.91688e-06
-0.00326232 0.000137386  8.9458e-06
-0.00345692 0.000116602 9.10663e-06
-0.00364828 0.000103248 9.47562e-06
-0.00383852 8.75764e-05 9.75237e-06
-0.00402549 6.87522e-05 1.00173e-05
-0.00421163 4.31366e-05   9.878e-06
-0.00439209 1.15664e-05 9.72765e-06
 -0.00457697 -1.67765e-05  9.61152e-06
  -0.0047577 -4.71903e-05  9.31411e-06
 -0.00494772 -7.34486e-05  8.95165e-06
 -0.00514035 -0.000109632  8.25659e-06
 -0.00534584 -0.000139279  7.50853e-06
  -0.0055531 -0.000171008  6.68368e-06
 -0.00576683 -0.000194926  5.68431e-06
 -0.00597536 -0.000216635  4.89977e-06
 -0.00619952 -0.000233672  3.65895e-06
  -0.0064224 -0.000239319  2.01525e-06
 -0.00664747 -0.000243904   3.0327e-07
 -0.00687179 -0.000250014 -1.23655e-06
 -0.00709538 -0.000252259 -2.71408e-06
 -0.00731183 -0.000251644 -3.73996e-06
 -0.00752734 -0.000248929 -4.81427e-06
 -0.00773622 -0.000245207 -5.57012e-06
 -0.00794394 -0.000238509 -6.41576e-06
 -0.00814608 -0.000222282 -7.51741e-06
 -0.00835065 -0.000201971 -8.78387e-06
 -0.00855273 -0.000176262 -9.76994e-06
 -0.00876073 -0.000146064 -1.08659e-05
 -0.00897125 -0.000121072 -1.18488e-05
 -0.00919033  -8.6301e-05 -1.30796e-05
  -0.0094088 -6.24579e-05 -1.44936e-05
  -0.0096342 -3.15189e-05 -1.61399e-05
 -0.00986075 -9.43247e-06 -1.78708e-05
  -0.0100858  1.79975e-05 -1.97712e-05
  -0.0103053  4.72187e-05 -2.12047e-05
  -0.0105265  8.32467e-05 -2.27756e-05
  -0.0107483  0.000110792 -2.41851e-05
 -0.0109739 0.000146838 -2.5734e-05
   -0.011201   0.00017773 -2.68749e-05
  -0.0114281  0.000220662 -2.80546e-05
  -0.0116548   0.00025915 -2.91963e-05
  -0.0118847  0.000298674 -3.03114e-05
  -0.0121191  0.000324636 -3.15222e-05
    -0.01236  0.000352248 -3.26575e-05
  -0.0125998  0.000368602 -3.36782e-05
  -0.0128514  0.000386977 -3.45138e-05
 -0.0131084 0.000389188 -3.5362e-05
  -0.0133675  0.000388486 -3.65582e-05
  -0.0136311   0.00037906 -3.75553e-05
  -0.0138997  0.000365029 -3.88918e-05
 -0.0141765 0.000346973 -3.9704e-05
  -0.0144627  0.000326475 -4.10743e-05
  -0.0147489  0.000313508 -4.22209e-05
  -0.0150347   0.00029134 -4.37822e-05
  -0.0153237  0.000259882 -4.45267e-05
  -0.0156161   0.00023414 -4.52588e-05
 -0.0159104 0.000207534 -4.5915e-05
  -0.0162093  0.000180676 -4.64368e-05
   -0.016511   0.00014719 -4.60452e-05
  -0.0168173  0.000115058 -4.58124e-05
  -0.0171214  7.51992e-05 -4.46473e-05
  -0.0174341  3.27231e-05 -4.38726e-05
 -0.0177578 1.88337e-06 -4.2229e-05
  -0.0180883 -2.18149e-05 -4.11194e-05
  -0.0184303   -4.572e-05 -3.97125e-05
 -0.0187844 -6.6193e-05 -3.8951e-05
  -0.0191497  -9.2584e-05 -3.73451e-05
  -0.0195242 -0.000111143 -3.66096e-05
     -0.0199 -0.000127125 -3.55737e-05
  -0.0202773 -0.000135996 -3.51635e-05
  -0.0206593 -0.000136075 -3.40696e-05
  -0.0210439 -0.000132096 -3.38944e-05
  -0.0214319 -0.000132882 -3.35246e-05
  -0.0218137 -0.000136489 -3.30778e-05
  -0.0221884 -0.000137124 -3.24131e-05
  -0.0225558 -0.000139428 -3.18999e-05
  -0.0229153  -0.00014875 -3.16637e-05
  -0.0232782 -0.000158107 -3.17137e-05
  -0.0236389 -0.000158021 -3.10251e-05
  -0.0239954 -0.000151709 -3.07267e-05
  -0.0243422 -0.000136277 -3.02386e-05
  -0.0246749 -0.000121119 -2.98284e-05
  -0.0249943 -0.000112656 -2.94482e-05
  -0.0253073 -0.000100907 -2.95309e-05
  -0.0256109 -9.08343e-05 -2.97244e-05
  -0.0259127 -8.20319e-05  -3.0099e-05
  -0.0262059 -7.78323e-05  -3.0721e-05
  -0.0264943  -6.8795e-05 -3.14784e-05
  -0.0267759 -4.89997e-05 -3.17375e-05
  -0.0270486 -3.24953e-05 -3.18247e-05
  -0.0273199 -2.95892e-05  -3.2149e-05
  -0.0275751  -3.5115e-05 -3.20911e-05
  -0.0278251  -3.2107e-05 -3.18856e-05
  -0.0280655 -3.41883e-05  -3.1148e-05
  -0.0283001 -2.52936e-05  -2.9906e-05
  -0.0285237 -7.66097e-06   -2.807e-05
  -0.0287473  4.66545e-06 -2.58747e-05
  -0.0289629  1.57577e-05 -2.34709e-05
  -0.0291826  1.61044e-05 -2.12091e-05
  -0.0294071  3.14941e-05 -1.85784e-05
  -0.0296425  3.87513e-05 -1.55912e-05
  -0.0298835  3.04298e-05 -1.34285e-05
  -0.0301239  2.48783e-05 -1.12554e-05
  -0.0303592  1.47753e-05 -8.63965e-06
  -0.0305935  1.05435e-05 -6.01318e-06
  -0.0308313 -9.36685e-07 -3.04759e-06
  -0.0310691 -5.56316e-06 -1.33974e-07
  -0.0313162 -1.11841e-05   2.5793e-06
  -0.0315593 -1.81202e-05  4.68784e-06
  -0.0318265 -2.64242e-05  6.61354e-06
  -0.0321032 -3.91138e-05  7.70281e-06
  -0.0324067 -5.95417e-05  8.61598e-06
  -0.0327196 -6.93001e-05  9.49006e-06
   -0.033049 -8.29682e-05  9.94535e-06
  -0.0333956 -8.79952e-05  1.04522e-05
   -0.033756 -9.19184e-05   1.0832e-05
  -0.0341267 -7.80374e-05  1.12059e-05
   -0.034507 -7.88837e-05  1.08108e-05
  -0.0348997 -7.12162e-05  1.03114e-05
  -0.0353053 -7.73573e-05  8.87604e-06
  -0.0357195 -8.25335e-05  7.29524e-06
  -0.0361281 -7.99318e-05  5.84617e-06
  -0.0365344 -7.66888e-05   4.8226e-06
  -0.0369295 -6.81532e-05  4.10607e-06
  -0.0373145 -6.32421e-05  3.31537e-06
 -0.0376879 -6.2066e-05 2.44244e-06
  -0.0380516 -5.69825e-05  1.72113e-06
  -0.0384071 -5.31072e-05  9.28494e-07
   -0.038759 -5.58663e-05 -9.26539e-08
  -0.0391051 -5.53301e-05 -9.93783e-07
   -0.039459 -6.10496e-05 -2.37027e-06
   -0.039816 -6.11551e-05 -4.01791e-06
  -0.0401753  -7.4767e-05 -6.59977e-06
  -0.0405376 -8.03534e-05 -9.00129e-06
  -0.0408998 -8.05895e-05 -1.10764e-05
   -0.041247 -7.19582e-05 -1.31184e-05
  -0.0415786 -4.97883e-05 -1.43902e-05
  -0.0418911 -3.53009e-05 -1.49527e-05
  -0.0421872 -2.16145e-05 -1.54649e-05
  -0.0424795 -9.20238e-06 -1.60278e-05
   -0.042763  5.36482e-06 -1.64908e-05
  -0.0430457  2.99795e-05 -1.77155e-05
  -0.0433166  4.46823e-05 -1.90113e-05
  -0.0435812  6.04891e-05 -2.02888e-05
  -0.0438333  5.69201e-05 -2.20871e-05
  -0.0440884  6.14312e-05 -2.37633e-05
 -0.0443346 6.84557e-05 -2.4975e-05
   -0.044569  6.82969e-05 -2.55617e-05
  -0.0447882  6.60966e-05 -2.55128e-05
  -0.0450005  6.05581e-05 -2.55172e-05
  -0.0451951  4.10394e-05 -2.51893e-05
  -0.0453738  2.36973e-05 -2.45892e-05
  -0.0455423  8.59107e-07 -2.44228e-05
  -0.0457074 -1.53773e-05  -2.4511e-05
  -0.0458709 -3.83366e-05 -2.45143e-05
  -0.0460455 -6.26007e-05 -2.46139e-05
  -0.0462177 -7.85601e-05 -2.44719e-05
   -0.046399 -0.000102931 -2.44232e-05
  -0.0465817 -0.000125853 -2.37213e-05
  -0.0467845 -0.000157564 -2.33077e-05
  -0.0469985 -0.000172793 -2.29268e-05
   -0.047226 -0.000196007 -2.27601e-05
  -0.0474551 -0.000202816   -2.252e-05
  -0.0476896 -0.000210011 -2.21555e-05
  -0.0479336 -0.000216749 -2.15895e-05
  -0.0481818 -0.000221681 -2.07198e-05
  -0.0484376 -0.000209561 -2.00407e-05
  -0.0487064 -0.000202365 -1.92654e-05
  -0.0489736 -0.000188571 -1.93541e-05
  -0.0492394  -0.00017415 -1.93387e-05
  -0.0495054 -0.000165135 -1.82575e-05
  -0.0497774 -0.000163925 -1.73923e-05
  -0.0500543 -0.000148362  -1.5863e-05
  -0.0503307  -0.00013505 -1.42631e-05
  -0.0505942 -0.000113317 -1.23361e-05
  -0.0508585 -9.66927e-05  -1.0469e-05
  -0.0511283 -8.66126e-05  -8.4182e-06
  -0.0513964 -8.17271e-05 -6.50917e-06
  -0.0516619 -6.28937e-05  -3.4529e-06
  -0.0519333 -4.66596e-05 -3.14459e-07
  -0.0521947 -2.53695e-05  3.26942e-06
   -0.052451 -5.54806e-06  6.94673e-06
 -0.0526952 1.51891e-05 1.03417e-05
 -0.0529315 3.13316e-05 1.36294e-05
 -0.0531694  4.5162e-05 1.67642e-05
 -0.0534056 4.13816e-05 1.98167e-05
 -0.0536434 4.18673e-05 2.33203e-05
   -0.05388 3.07853e-05 2.68616e-05
 -0.0541163 6.96271e-06 3.02925e-05
  -0.0543559 -1.91021e-05  3.32684e-05
  -0.0545952 -4.02341e-05  3.66225e-05
  -0.0548297 -6.22256e-05  3.96379e-05
  -0.0550563 -8.22345e-05   4.2357e-05
  -0.0552768 -0.000107842  4.48599e-05
   -0.055484 -0.000131233  4.68321e-05
  -0.0556772 -0.000152118  4.81004e-05
  -0.0558613 -0.000184892  4.86987e-05
   -0.056044 -0.000215937   4.9056e-05
  -0.0562198 -0.000249789  4.92779e-05
  -0.0563812 -0.000279486  4.89947e-05
  -0.0565276 -0.000309266  4.87867e-05
  -0.0566604 -0.000325933  4.82708e-05
   -0.056784 -0.000337063   4.7929e-05
  -0.0568941 -0.000344559  4.74136e-05
  -0.0569941 -0.000360169  4.68514e-05
  -0.0570866 -0.000371573  4.64529e-05
  -0.0571745 -0.000383862  4.65145e-05
    -0.05726 -0.000395471   4.6291e-05
  -0.0573511 -0.000399047  4.62548e-05
  -0.0574378 -0.000407273  4.59036e-05
  -0.0575262 -0.000406896  4.55097e-05
  -0.0576223 -0.000397683  4.55235e-05
  -0.0577299 -0.000369151  4.48868e-05
  -0.0578426 -0.000338764  4.39374e-05
  -0.0579639 -0.000305517  4.30226e-05
  -0.0580867 -0.000262958  4.23292e-05
  -0.0582128 -0.000221929  4.16911e-05
  -0.0583375 -0.000174935  4.15704e-05
  -0.0584607 -0.000135924  4.20168e-05
  -0.0585844 -0.000103475  4.33242e-05
  -0.0587079 -6.73196e-05   4.3982e-05
   -0.058835 -3.95881e-05  4.46541e-05
 -0.0589643 -8.4557e-06 4.46432e-05
 -0.0590917 1.94691e-05 4.42741e-05
 -0.0592198 3.50548e-05 4.34577e-05
 -0.0593505 5.87486e-05 4.30653e-05
 -0.0594835 6.47074e-05  4.2992e-05
 -0.0596175 7.24158e-05 4.29587e-05
 -0.0597531 5.83172e-05  4.3052e-05
 -0.0598948 4.77701e-05 4.32459e-05
 -0.0600393  2.2237e-05 4.31864e-05
  -0.060197 9.14078e-06 4.35795e-05
   -0.060369 -1.99119e-05  4.38471e-05
   -0.060539 -4.61578e-05  4.42506e-05
   -0.060698 -7.81315e-05  4.47781e-05
  -0.0608455 -9.92713e-05  4.59931e-05
  -0.0609907 -0.000108751  4.82156e-05
  -0.0611251 -0.000129712  5.06356e-05
  -0.0612576 -0.000137832  5.45225e-05
 -0.0613825 -0.00014098 5.83415e-05
  -0.0614946 -0.000148645  6.21089e-05
  -0.0615927 -0.000158172  6.55993e-05
  -0.0616809 -0.000170274  6.90988e-05
-0.0617646 -0.0001843 7.2323e-05
   -0.061844 -0.000221749  7.53131e-05
  -0.0619262 -0.000258526    7.818e-05
  -0.0619961 -0.000298189  8.09927e-05
  -0.0620553 -0.000335272  8.35538e-05
  -0.0621091 -0.000377128  8.61026e-05
  -0.0621561 -0.000417998  8.87534e-05
  -0.0621931 -0.000449287  9.09756e-05
  -0.0622181 -0.000486142  9.34586e-05
  -0.0622364 -0.000514652  9.57526e-05
  -0.0622394 -0.000548942  9.81465e-05
  -0.0622296 -0.000562917  0.000100173
  -0.0622117 -0.000581388  0.000102151
  -0.0621886 -0.000590694  0.000104294
  -0.0621549 -0.000593015  0.000107351
  -0.0621146 -0.000590741  0.000110088
  -0.0620697 -0.000596116   0.00011282
  -0.0620261 -0.000596883   0.00011489
  -0.0619954 -0.000604577  0.000116555
  -0.0619722 -0.000605727  0.000117548
  -0.0619449 -0.000593107  0.000118754
  -0.0619061 -0.000573829  0.000119627
  -0.0618593 -0.000554761  0.000120215
  -0.0618124 -0.000525325  0.000120917
  -0.0617647 -0.000499503  0.000121802
  -0.0617146 -0.000467983   0.00012238
  -0.0616663 -0.000437615  0.000123378
  -0.0616203 -0.000402143  0.000124053
   -0.06157 -0.00038231 0.000124951
  -0.0615261 -0.000361324  0.000125218
  -0.0614785 -0.000347606  0.000125848
   -0.061443 -0.000331663  0.000125733
  -0.0614123 -0.000328028  0.000126341
  -0.0613922 -0.000333575  0.000126782
  -0.0613694 -0.000352627  0.000127356
  -0.0613429 -0.000380352  0.000128458
  -0.0613146 -0.000402083  0.000129163
  -0.0612897 -0.000429071  0.000130795
  -0.0612666 -0.000465866  0.000132307
  -0.0612486 -0.000516217   0.00013348
  -0.0612311 -0.000566134   0.00013423
   -0.061213 -0.000619201  0.000135278
  -0.0612017 -0.000670818  0.000135878
  -0.0611805 -0.000715859  0.000136655
 -0.0611485 -0.00074121 0.000136981
  -0.0611077 -0.000764576  0.000136893
   -0.061063 -0.000778203  0.000136567
  -0.0610146 -0.000795091  0.000135641
 -0.0609724 -0.00080126 0.000134712
   -0.060924 -0.000807364  0.000133569
 -0.0608754 -0.00080509 0.000132239
 -0.0608215 -0.00081007 0.000131281
  -0.0607717 -0.000804954  0.000129756
  -0.0607244 -0.000779945  0.000127937
  -0.0606653 -0.000754019  0.000126407
  -0.0605995 -0.000723819  0.000124395
  -0.0605267 -0.000694111  0.000122507
 -0.0604518 -0.00065911  0.00012053
  -0.0603722 -0.000617756  0.000118957
 -0.0602835 -0.00057187 0.000117156
  -0.0601836 -0.000550869  0.000115434
  -0.0600809 -0.000532143  0.000113943
  -0.0599768 -0.000534243  0.000112751
   -0.059874 -0.000533418  0.000111567
   -0.059762 -0.000556642   0.00011071
  -0.0596517 -0.000556474  0.000109373
  -0.0595288 -0.000566289  0.000109009
  -0.0594002 -0.000572455  0.000108359
  -0.0592644 -0.000585749  0.000106688
 -0.0591247 -0.00060195 0.000105542
  -0.0589743 -0.000645798   0.00010403
   -0.058818 -0.000687634  0.000102994
   -0.058665 -0.000742704  0.000101781
  -0.0585163 -0.000794503  0.000101057
  -0.0583746 -0.000844874  9.99809e-05
 -0.0582411  -0.0008868 9.93026e-05
  -0.0581224 -0.000931355  9.82362e-05
  -0.0580058 -0.000966076  9.80321e-05
  -0.0578995 -0.000992083   9.7223e-05
  -0.057792 -0.00101333 9.68527e-05
 -0.0576854 -0.00102884 9.67605e-05
 -0.0575652 -0.00106844 9.78394e-05
  -0.057453 -0.00110911  9.8332e-05
  -0.057332 -0.00114735 0.000100142
 -0.0572192 -0.00118166 0.000101359
 -0.0570904 -0.00121953 0.000103231
 -0.0569636 -0.00126241 0.000104308
 -0.0568318 -0.00130548 0.000106474
 -0.0567018 -0.00134349 0.000108034
 -0.0565492 -0.00138129 0.000110597
 -0.0563962 -0.00140456 0.000112969
 -0.0562343 -0.00143643 0.000116741
  -0.056083 -0.00145119 0.000120839
 -0.0559224 -0.00148743 0.000126067
  -0.055769 -0.00149927 0.000131827
 -0.0556051 -0.00153469  0.00013829
 -0.0554557 -0.00156615 0.000144086
 -0.0552808 -0.00162058 0.000150779
 -0.0551225 -0.00163033  0.00015667
 -0.0549482 -0.00162387 0.000161436
 -0.0547437 -0.00163037 0.000167747
 -0.0545156 -0.00162644 0.000173508
 -0.0542576 -0.00160389 0.000179802
 -0.0539751 -0.00159284 0.000186976
 -0.0536965 -0.00154977 0.000193578
 -0.0533958 -0.00151429 0.000200144
 -0.0530923 -0.00146701 0.000206093
 -0.0527802 -0.00142243 0.000211362
 -0.0524436 -0.00140618 0.000217121
 -0.0521083 -0.00138639 0.000222561
 -0.0517699 -0.00138267 0.000228605
 -0.0514402 -0.00139007 0.000234633
 -0.0511112 -0.00141146 0.000241119
 -0.0507916 -0.00144686 0.000247553
  -0.050476 -0.00148107 0.000254069
   -0.05018 -0.00151562 0.000260167
 -0.0498995 -0.00153861 0.000267171
 -0.0496361 -0.00157339 0.000273751
 -0.0493979 -0.00158114 0.000280512
 -0.0491648 -0.00159374 0.000286575
 -0.0489473 -0.00156533 0.000293482
 -0.0487228 -0.00154004 0.000299582
 -0.0484978 -0.00149505 0.000306024
 -0.0482697 -0.00145438 0.000312253
 -0.0480391 -0.00139698 0.000318832
 -0.0478013 -0.00135533 0.000325735
 -0.0475692 -0.00129226 0.000332174
 -0.0473338 -0.00123684  0.00033851
 -0.0470969 -0.00116518 0.000344841
 -0.0468615 -0.00109644 0.000351699
 -0.0466375 -0.00100303 0.000358707
 -0.0464197 -0.00093115 0.000365703
  -0.0462278 -0.000834871  0.000373314
  -0.0460527 -0.000748823  0.000380697
 -0.0458915 -0.00066318 0.000387924
  -0.0457405 -0.000589886   0.00039452
  -0.0455913 -0.000513553  0.000401354
  -0.0454344 -0.000458136  0.000407662
  -0.0452759 -0.000412729  0.000413734
  -0.0451186 -0.000377778  0.000419496
  -0.0449657 -0.000350096  0.000424187
 -0.0447829 -0.00033164 0.000429176
  -0.0445816 -0.000330027  0.000434068
  -0.0443423 -0.000348988  0.000439357
   -0.044094 -0.000371874  0.000444832
  -0.0438049 -0.000417902  0.000450677
  -0.0435066 -0.000455726  0.000456295
 -0.0431792 -0.00050442 0.000461793
   -0.042846 -0.000544354  0.000466804
  -0.0424775 -0.000595718  0.000472153
  -0.0421162 -0.000634393  0.000476968
  -0.0417323 -0.000687548  0.000481632
  -0.0413437 -0.000730189  0.000486037
 -0.0409344 -0.00077446  0.00049026
  -0.0405284 -0.000808181  0.000493768
  -0.0401009 -0.000845658  0.000497098
   -0.03969 -0.00087415 0.000499767
  -0.0392655 -0.000912763  0.000502344
  -0.0388362 -0.000947126  0.000505098
  -0.0384136 -0.000987904  0.000507268
  -0.037981  -0.0010329 0.000509692
 -0.0375624 -0.00108489 0.000511457
 -0.0371583 -0.00112249 0.000513465
 -0.0367768 -0.00115853 0.000515188
  -0.036395  -0.0011906 0.000516865
 -0.0360224  -0.0012188 0.000518548
 -0.0356589 -0.00123149 0.000520575
 -0.0353182 -0.00124324 0.000522114
 -0.0349739 -0.00125322  0.00052385
 -0.0346505 -0.00125111 0.000525364
  -0.034346 -0.00123731 0.000526961
 -0.0340691 -0.00120401 0.000528431
 -0.0338054 -0.00117117 0.000529921
 -0.0335643 -0.00111217 0.000531146
 -0.0333256 -0.00105192 0.000532224
   -0.033084 -0.000992522  0.000533127
  -0.0328517 -0.000929946  0.000533629
  -0.0326169 -0.000865184  0.000533911
  -0.0323927 -0.000792847  0.000534211
 -0.0321652 -0.00072245 0.000534581
  -0.0319388 -0.000657561  0.000534642
  -0.0317025 -0.000601731  0.000534649
  -0.0314713 -0.000548026  0.000534364
  -0.0312301 -0.000500368  0.000533535
   -0.030987 -0.000465309   0.00053249
  -0.0307264 -0.000437322  0.000531152
   -0.030461 -0.000408867  0.000529513
  -0.0301964 -0.000383177  0.000527837
 -0.0299241 -0.00037026 0.000525647
  -0.0296439 -0.000357842  0.000523497
  -0.0293567 -0.000360898  0.000520756
  -0.0290495 -0.000364944  0.000518129
  -0.0287465 -0.000365932  0.000515413
  -0.0284289 -0.000368916  0.000512791
  -0.0281115 -0.000371638   0.00051025
  -0.0277904 -0.000385118  0.000507405
  -0.0274783 -0.000397906  0.000504478
  -0.0271561 -0.000416769  0.000501621
   -0.026834 -0.000440746  0.000498716
  -0.0265079 -0.000462778  0.000495922
  -0.0261826 -0.000495192  0.000492802
 -0.0258554 -0.00052609 0.000489615
  -0.0255238 -0.000572145  0.000485882
  -0.0252042 -0.000609544  0.000481797
  -0.0248945 -0.000651863  0.000477256
  -0.0245932 -0.000683841  0.000472583
 -0.0242999 -0.00072062 0.000467485
  -0.0240052 -0.000750231  0.000462188
 -0.0237148 -0.00077878 0.000456846
  -0.0234159 -0.000795313   0.00045184
   -0.023114 -0.000815873  0.000446596
  -0.0228099 -0.000826548  0.000441665
  -0.0225094 -0.000825433  0.000437073
  -0.0222121 -0.000820604  0.000432753
  -0.0219165 -0.000804226  0.000428404
  -0.0216238 -0.000778977  0.000424185
  -0.0213188 -0.000746531  0.000420074
  -0.0210236 -0.000702939  0.000415755
   -0.020723 -0.000661851  0.000411543
 -0.0204347 -0.00061445 0.000407401
  -0.0201389 -0.000561119  0.000403161
  -0.0198435 -0.000500175  0.000398873
  -0.0195466 -0.000437184  0.000394527
  -0.019255  -0.0003692 0.000390029
  -0.0189574 -0.000312012  0.000385421
  -0.0186643 -0.000256079  0.000380783
  -0.0183561 -0.000207807  0.000376058
  -0.0180546 -0.000157482  0.000371237
  -0.0177483 -0.000112884  0.000366395
  -0.0174351 -7.89436e-05  0.000361257
  -0.0171174 -4.39917e-05  0.000356099
  -0.0168007 -1.37698e-05  0.000350849
 -0.0164802 1.01545e-05 0.000345592
  -0.016167 2.95558e-05 0.000340277
 -0.0158559 4.64783e-05 0.000335053
 -0.0155493 5.70829e-05 0.000329684
 -0.0152486 6.06228e-05 0.000324107
 -0.0149535 6.06863e-05  0.00031866
 -0.0146627 5.65664e-05 0.000313213
 -0.0143763 4.57231e-05 0.000307827
 -0.0140993 3.28373e-05 0.000302469
 -0.0138315 1.52011e-05 0.000297064
  -0.0135594 -5.04396e-06  0.000291546
  -0.0132939 -2.92288e-05  0.000285949
  -0.0130342 -5.35526e-05  0.000280317
  -0.0127835 -7.62335e-05  0.000274708
  -0.0125338 -0.000102028  0.000269018
  -0.0122936 -0.000121184  0.000263101
  -0.0120506 -0.000136512   0.00025708
  -0.0118088 -0.000153362  0.000250714
  -0.0115704 -0.000166699  0.000244174
  -0.0113301 -0.000180753  0.000237407
  -0.0110921 -0.000191699  0.000230494
  -0.0108519 -0.000198356  0.000223481
  -0.0106088 -0.000203508  0.000216512
 -0.0103676 -0.00020427 0.000209605
  -0.0101256 -0.000203648  0.000202822
 -0.00988031 -0.000201175    0.0001963
 -0.00964185 -0.000195802  0.000189832
-0.00940545 -0.00018889 0.000183524
 -0.00916959 -0.000183288  0.000177316
 -0.00893113 -0.000175934   0.00017117
-0.00869771 -0.00016652 0.000165106
 -0.00847022 -0.000152923   0.00015922
 -0.00823796 -0.000135366   0.00015349
 -0.00800945 -0.000118798  0.000147567
  -0.0077772 -9.58082e-05  0.000141851
 -0.00755161 -6.55924e-05  0.000136317
 -0.00732498 -3.31522e-05  0.000130963
 -0.00710035 -3.72038e-07   0.00012576
-0.00687151 3.94619e-05 0.000120688
-0.00664109  8.0784e-05 0.000115741
-0.00641489 0.000124879  0.00011095
-0.00618832 0.000170032 0.000106331
-0.00596396 0.000214245 0.000101848
-0.00574617 0.000258283  9.7439e-05
 -0.0055352 0.000297303 9.31157e-05
-0.00533094 0.000330255 8.87628e-05
 -0.0051374 0.000358517 8.43822e-05
 -0.0049425 0.000381437 7.99891e-05
-0.00475376 0.000400455 7.57156e-05
-0.00455918 0.000417178  7.1529e-05
-0.00436677 0.000434932 6.73275e-05
-0.00417245 0.000453606 6.32598e-05
-0.00397696 0.000468989 5.92698e-05
-0.00377984 0.000484733 5.54267e-05
-0.00358197 0.000493073  5.1371e-05
-0.00338869 0.000503617 4.73817e-05
-0.00319369 0.000508438  4.3284e-05
-0.00300365 0.000515209 3.92456e-05
-0.00281357 0.000515225 3.50575e-05
-0.00262652 0.000517391 3.09729e-05
-0.00243893 0.000511679 2.66378e-05
-0.00225673 0.000507036 2.23106e-05
-0.00207888 0.000499744 1.80015e-05
-0.00190545 0.000492592 1.37441e-05
-0.00173751 0.000483119 9.46131e-06
-0.00157558 0.000472388 5.17396e-06
-0.00142115 0.000459474 8.52315e-07
 -0.00127422  0.000447251 -3.26607e-06
 -0.00113677  0.000435918 -7.34058e-06
 -0.00100536  0.000423083 -1.14366e-05
 -0.00088447  0.000413848 -1.54734e-05
-0.000769266  0.000401962  -1.9576e-05
-0.000667282  0.000393141 -2.37153e-05
-0.000571219  0.000386918 -2.76058e-05
 -0.00048342  0.000380812 -3.13768e-05
-0.000400937  0.000374343   -3.518e-05
-0.000328414  0.000370435 -3.89694e-05
-0.000258208  0.000365664 -4.27655e-05
-0.000194326  0.000363571 -4.65873e-05
-0.000134267  0.000364308 -5.04119e-05
 -8.2602e-05  0.000367836 -5.42314e-05
-3.34684e-05  0.000374842 -5.79496e-05
 8.71325e-06  0.000382566 -6.14818e-05
 4.86024e-05  0.000391787 -6.47297e-05
 8.13412e-05  0.000399804 -6.78261e-05
 0.000108831  0.000411925 -7.06652e-05
 0.000129903  0.000421162 -7.34474e-05
 0.000151249  0.000432986 -7.57702e-05
 0.000165263  0.000442277 -7.80638e-05
 0.000176339  0.000456035 -7.99483e-05
 0.000180147  0.000468941 -8.17345e-05
 0.000185334  0.000480636 -8.33523e-05
 0.000182044   0.00049069 -8.49104e-05
 0.000173659  0.000502608 -8.62818e-05
 0.000160209   0.00050993 -8.76816e-05
 0.000145981  0.000510214 -8.91836e-05
 0.000128386  0.000508291 -9.06822e-05
 0.000106023  0.000506171 -9.19523e-05
 7.83387e-05  0.000500988 -9.30706e-05
 4.89215e-05  0.000492628 -9.38644e-05
 1.52285e-05  0.000480399 -9.44463e-05
-2.68651e-05  0.000473489 -9.45841e-05
-6.66704e-05  0.000461197 -9.46262e-05
-0.000106354  0.000449939 -9.45079e-05
-0.000143581  0.000436003 -9.44118e-05
-0.000177828  0.000416414 -9.45019e-05
-0.000212644  0.000394168 -9.44212e-05
-0.000241332  0.000369308 -9.44319e-05
-0.00026681 0.000346619 -9.4352e-05
-0.000284687  0.000325646 -9.41633e-05
-0.000299017  0.000308077 -9.39777e-05
 -0.00031011  0.000280995 -9.39966e-05
-0.000311663  0.000253156 -9.39362e-05
-0.000309666  0.000231826 -9.35151e-05
-0.000304357   0.00021357 -9.31864e-05
-0.000297669  0.000192351 -9.28599e-05
-0.000281224  0.000177188 -9.25509e-05
-0.000255982  0.000148815  -9.2649e-05
-0.000231659  0.000130402 -9.25974e-05
 -0.00020005  0.000104789 -9.28707e-05
-0.000165546  9.07303e-05 -9.30322e-05
-0.000134318  7.91073e-05 -9.31611e-05
-0.000109828  7.77927e-05 -9.32554e-05
-8.75678e-05  7.59133e-05 -9.32559e-05
-6.52327e-05  7.78042e-05 -9.31228e-05
-4.63737e-05  7.92947e-05 -9.30027e-05
-3.25993e-05   8.8187e-05 -9.28438e-05
-2.23191e-05  9.41462e-05 -9.26848e-05
-1.5083e-05 0.000107735  -9.247e-05
-1.14555e-05  0.000118467 -9.23006e-05
-8.71029e-06  0.000134921 -9.20426e-05
-8.72126e-06  0.000154798 -9.16003e-05
-1.17119e-05  0.000181639 -9.11301e-05
-1.93144e-05  0.000207447 -9.07286e-05
-2.74063e-05  0.000238432 -9.02153e-05
-4.19958e-05  0.000272139 -8.96868e-05
-5.60325e-05  0.000308069 -8.91489e-05
-7.56451e-05  0.000341245 -8.87621e-05
-9.36141e-05  0.000375289 -8.83246e-05
-0.000116333  0.000404016 -8.80962e-05
-0.000136055  0.000429321   -8.781e-05
-0.000158668  0.000451337 -8.76457e-05
 -0.00017907   0.00047324 -8.72895e-05
-0.000201907  0.000493646 -8.69993e-05
-0.000220533  0.000512682 -8.67559e-05
-0.000240685  0.000531218 -8.65729e-05
-0.000255266  0.000543569 -8.65147e-05
-0.000269365  0.000555904 -8.64102e-05
-0.000278393  0.000560721 -8.64467e-05
-0.000287275  0.000565192 -8.64695e-05
-0.000289135  0.000561789 -8.66882e-05
-0.000289274  0.000559403 -8.68123e-05
-0.000285008  0.000553268 -8.69823e-05
-0.000280802  0.000548545 -8.70228e-05
-0.000271263  0.000539103 -8.72305e-05
-0.000262603  0.000533293 -8.72442e-05
-0.000247969  0.000523026 -8.73362e-05
-0.000233039  0.000514091 -8.73282e-05
-0.000213072  0.000500606 -8.75395e-05
-0.000193488  0.000489247 -8.75483e-05
-0.000169586   0.00047281 -8.76922e-05
-0.000147532  0.000459135 -8.76547e-05
-0.000121703  0.000442969  -8.7776e-05
-9.72456e-05  0.000426437 -8.78052e-05
-6.87021e-05  0.000406364 -8.79732e-05
-4.25111e-05   0.00038728 -8.79172e-05
-1.63611e-05  0.000368041 -8.80447e-05
8.11793e-06 0.000350729 -8.7928e-05
 3.37729e-05  0.000330939 -8.80545e-05
 5.54389e-05  0.000310346 -8.80716e-05
 7.57893e-05  0.000287523 -8.83339e-05
 9.31129e-05  0.000260316 -8.87088e-05
 0.000111669  0.000229778 -8.91521e-05
 0.000128065  0.000198075 -8.95106e-05
 0.000138854   0.00017158 -8.98514e-05
 0.000146292  0.000146503 -9.01261e-05
 0.000147912   0.00012916 -9.04841e-05
 0.000148106   0.00011064 -9.07736e-05
 0.000141692  9.67891e-05 -9.10492e-05
 0.000131823  8.21706e-05 -9.12069e-05
