-1.61535e-09  4.59135e-41  4.59135e-41
-2.77014e-06    4.591e-41    4.591e-41
-1.10388e-05  4.58993e-41  4.58993e-41
-2.47522e-05  4.58817e-41  4.58817e-41
-4.38554e-05  4.58571e-41  4.58571e-41
-6.82935e-05  4.58256e-41  4.58256e-41
-9.80116e-05  4.57874e-41  4.57874e-41
-0.000132955  4.57423e-41  4.57423e-41
-0.00017307 4.56906e-41 4.56906e-41
-0.000218302  4.56323e-41  4.56323e-41
-0.000268597  4.55674e-41  4.55674e-41
-0.000323902   4.5496e-41   4.5496e-41
-0.000384162  4.54182e-41  4.54182e-41
-0.000449324  4.53341e-41  4.53341e-41
-0.000519335  4.52436e-41  4.52436e-41
-0.000594142  4.51469e-41  4.51469e-41
-0.000673692   4.5044e-41   4.5044e-41
-0.000757933  4.49351e-41  4.49351e-41
-0.000846812  4.48201e-41  4.48201e-41
-0.000940276  4.46991e-41  4.46991e-41
-0.00103827 4.45721e-41 4.45721e-41
-0.00114075 4.44394e-41 4.44394e-41
-0.00124766 4.43008e-41 4.43008e-41
-0.00135895 4.41565e-41 4.41565e-41
-0.00147456 4.40065e-41 4.40065e-41
-0.00159445 4.38509e-41 4.38509e-41
-0.00171856 4.36897e-41 4.36897e-41
-0.00184685 4.35231e-41 4.35231e-41
-0.00197926  4.3351e-41  4.3351e-41
-0.00211575 4.31736e-41 4.31736e-41
-0.00225625 4.29909e-41 4.29909e-41
-0.00240073 4.28029e-41 4.28029e-41
-0.00254913 4.26097e-41 4.26097e-41
 -0.0027014 4.24114e-41 4.24114e-41
-0.0028575 4.2208e-41 4.2208e-41
-0.00301737 4.19996e-41 4.19996e-41
-0.00318096 4.17863e-41 4.17863e-41
-0.00334823 4.15681e-41 4.15681e-41
-0.00351913  4.1345e-41  4.1345e-41
 -0.0036936 4.11172e-41 4.11172e-41
-0.00387161 4.08846e-41 4.08846e-41
-0.00405309 4.06474e-41 4.06474e-41
-0.00423801 4.04056e-41 4.04056e-41
-0.00442632 4.01592e-41 4.01592e-41
-0.00461796 3.99083e-41 3.99083e-41
-0.00481289 3.96531e-41 3.96531e-41
-0.00501107 3.93934e-41 3.93934e-41
-0.00521244 3.91295e-41 3.91295e-41
-0.00541696 3.88612e-41 3.88612e-41
-0.00562458 3.85888e-41 3.85888e-41
-0.00583526 3.83122e-41 3.83122e-41
-0.00604895 3.80315e-41 3.80315e-41
 -0.0062656 3.77468e-41 3.77468e-41
-0.00648517 3.74581e-41 3.74581e-41
-0.00670761 3.71655e-41 3.71655e-41
-0.00693288  3.6869e-41  3.6869e-41
-0.00716092 3.65687e-41 3.65687e-41
 -0.0073917 3.62647e-41 3.62647e-41
-0.00762517 3.59569e-41 3.59569e-41
-0.00786129 3.56455e-41 3.56455e-41
    -0.0081 3.53305e-41 3.53305e-41
-0.00834127 3.50119e-41 3.50119e-41
-0.00858505 3.46898e-41 3.46898e-41
 -0.0088313 3.43643e-41 3.43643e-41
-0.00907997 3.40355e-41 3.40355e-41
-0.00933102 3.37032e-41 3.37032e-41
-0.00958441 3.33677e-41 3.33677e-41
-0.00984009  3.3029e-41  3.3029e-41
  -0.010098 3.26871e-41 3.26871e-41
 -0.0103582 3.23421e-41 3.23421e-41
-0.0106204 3.1994e-41 3.1994e-41
 -0.0108849 3.16429e-41 3.16429e-41
 -0.0111514 3.12888e-41 3.12888e-41
 -0.0114199 3.09318e-41 3.09318e-41
 -0.0116904 3.05719e-41 3.05719e-41
 -0.0119629 3.02092e-41 3.02092e-41
 -0.0122373 2.98438e-41 2.98438e-41
 -0.0125135 2.94756e-41 2.94756e-41
 -0.0127916 2.91048e-41 2.91048e-41
 -0.0130715 2.87313e-41 2.87313e-41
 -0.0133531 2.83553e-41 2.83553e-41
 -0.0136364 2.79768e-41 2.79768e-41
 -0.0139214 2.75958e-41 2.75958e-41
  -0.014208 2.72123e-41 2.72123e-41
 -0.0144962 2.68265e-41 2.68265e-41
 -0.0147859 2.64384e-41 2.64384e-41
 -0.0150771 2.60481e-41 2.60481e-41
 -0.0153698 2.56554e-41 2.56554e-41
 -0.0156639 2.52607e-41 2.52607e-41
 -0.0159594 2.48637e-41 2.48637e-41
 -0.0162563 2.44647e-41 2.44647e-41
 -0.0165544 2.40637e-41 2.40637e-41
 -0.0168538 2.36607e-41 2.36607e-41
 -0.0171545 2.32557e-41 2.32557e-41
 -0.0174563 2.28489e-41 2.28489e-41
 -0.0177593 2.24402e-41 2.24402e-41
 -0.0180634 2.20297e-41 2.20297e-41
 -0.0183685 2.16174e-41 2.16174e-41
 -0.0186747 2.12035e-41 2.12035e-41
  -0.018982 2.07878e-41 2.07878e-41
 -0.0192901 2.03706e-41 2.03706e-41
 -0.0195992 1.99518e-41 1.99518e-41
 -0.0199092 1.95314e-41 1.95314e-41
 -0.0202201 1.91096e-41 1.91096e-41
 -0.0205317 1.86863e-41 1.86863e-41
 -0.0208441 1.82617e-41 1.82617e-41
 -0.0211573 1.78357e-41 1.78357e-41
 -0.0214712 1.74083e-41 1.74083e-41
 -0.0217858 1.69797e-41 1.69797e-41
  -0.022101 1.65499e-41 1.65499e-41
-0.0224167 1.6119e-41 1.6119e-41
 -0.0227331 1.56869e-41 1.56869e-41
   -0.02305 1.52537e-41 1.52537e-41
 -0.0233674 1.48194e-41 1.48194e-41
 -0.0236852 1.43842e-41 1.43842e-41
 -0.0240035 1.39479e-41 1.39479e-41
 -0.0243221 1.35108e-41 1.35108e-41
 -0.0246412 1.30728e-41 1.30728e-41
 -0.0249605 1.26339e-41 1.26339e-41
 -0.0252801 1.21943e-41 1.21943e-41
    -0.0256 1.17539e-41 1.17539e-41
 -0.0259201 1.13127e-41 1.13127e-41
-0.0262404 1.0871e-41 1.0871e-41
 -0.0265609 1.04285e-41 1.04285e-41
 -0.0268814 9.98551e-42 9.98551e-42
 -0.0272021 9.54193e-42 9.54193e-42
 -0.0275228 9.09785e-42 9.09785e-42
 -0.0278436 8.65329e-42 8.65329e-42
-0.0281643 8.2083e-42 8.2083e-42
  -0.028485 7.76291e-42 7.76291e-42
 -0.0288056 7.31717e-42 7.31717e-42
 -0.0291262 6.87111e-42 6.87111e-42
 -0.0294466 6.42477e-42 6.42477e-42
-0.0297668 5.9782e-42 5.9782e-42
 -0.0300868 5.53142e-42 5.53142e-42
 -0.0304066 5.08448e-42 5.08448e-42
 -0.0307262 4.63741e-42 4.63741e-42
 -0.0310455 4.19025e-42 4.19025e-42
 -0.0313644 3.74304e-42 3.74304e-42
  -0.031683 3.29582e-42 3.29582e-42
 -0.0320012 2.84862e-42 2.84862e-42
 -0.0323191 2.40148e-42 2.40148e-42
 -0.0326364 1.95444e-42 1.95444e-42
 -0.0329533 1.50753e-42 1.50753e-42
 -0.0332698 1.06079e-42 1.06079e-42
 -0.0335857 6.14248e-43 6.14248e-43
  -0.033901 1.67948e-43 1.67948e-43
  -0.0342158 -2.78076e-43 -2.78076e-43
 -0.0345299 -7.2379e-43 -7.2379e-43
  -0.0348434 -1.16916e-42 -1.16916e-42
  -0.0351562 -1.61415e-42 -1.61415e-42
  -0.0354684 -2.05872e-42 -2.05872e-42
  -0.0357798 -2.50285e-42 -2.50285e-42
  -0.0360905 -2.94649e-42 -2.94649e-42
  -0.0364004 -3.38962e-42 -3.38962e-42
  -0.0367095 -3.83219e-42 -3.83219e-42
  -0.0370178 -4.27418e-42 -4.27418e-42
  -0.0373252 -4.71556e-42 -4.71556e-42
  -0.0376317 -5.15628e-42 -5.15628e-42
  -0.0379373 -5.59632e-42 -5.59632e-42
   -0.038242 -6.03565e-42 -6.03565e-42
  -0.0385457 -6.47422e-42 -6.47422e-42
  -0.0388484 -6.91202e-42 -6.91202e-42
-0.0391501 -7.349e-42 -7.349e-42
  -0.0394508 -7.78514e-42 -7.78514e-42
  -0.0397504 -8.22041e-42 -8.22041e-42
  -0.0400489 -8.65476e-42 -8.65476e-42
  -0.0403463 -9.08818e-42 -9.08818e-42
  -0.0406426 -9.52063e-42 -9.52063e-42
  -0.0409377 -9.95208e-42 -9.95208e-42
  -0.0412316 -1.03825e-41 -1.03825e-41
  -0.0415243 -1.08119e-41 -1.08119e-41
  -0.0418157 -1.12401e-41 -1.12401e-41
  -0.0421059 -1.16673e-41 -1.16673e-41
  -0.0423948 -1.20933e-41 -1.20933e-41
  -0.0426824 -1.25181e-41 -1.25181e-41
  -0.0429687 -1.29417e-41 -1.29417e-41
  -0.0432536 -1.33641e-41 -1.33641e-41
  -0.0435371 -1.37852e-41 -1.37852e-41
 -0.0438193 -1.4205e-41 -1.4205e-41
     -0.0441 -1.46235e-41 -1.46235e-41
  -0.0443793 -1.50406e-41 -1.50406e-41
  -0.0446571 -1.54563e-41 -1.54563e-41
  -0.0449334 -1.58707e-41 -1.58707e-41
  -0.0452082 -1.62836e-41 -1.62836e-41
  -0.0454815 -1.66951e-41 -1.66951e-41
 -0.0457532 -1.7105e-41 -1.7105e-41
  -0.0460234 -1.75135e-41 -1.75135e-41
  -0.0462919 -1.79204e-41 -1.79204e-41
  -0.0465588 -1.83257e-41 -1.83257e-41
  -0.0468242 -1.87294e-41 -1.87294e-41
  -0.0470878 -1.91315e-41 -1.91315e-41
 -0.0473498 -1.9532e-41 -1.9532e-41
    -0.04761 -1.99308e-41 -1.99308e-41
  -0.0478686 -2.03279e-41 -2.03279e-41
  -0.0481254 -2.07232e-41 -2.07232e-41
  -0.0483804 -2.11169e-41 -2.11169e-41
  -0.0486337 -2.15087e-41 -2.15087e-41
  -0.0488852 -2.18988e-41 -2.18988e-41
 -0.0491349 -2.2287e-41 -2.2287e-41
  -0.0493827 -2.26734e-41 -2.26734e-41
  -0.0496287 -2.30579e-41 -2.30579e-41
  -0.0498728 -2.34405e-41 -2.34405e-41
   -0.050115 -2.38212e-41 -2.38212e-41
  -0.0503554 -2.41999e-41 -2.41999e-41
  -0.0505938 -2.45767e-41 -2.45767e-41
  -0.0508302 -2.49515e-41 -2.49515e-41
  -0.0510647 -2.53243e-41 -2.53243e-41
  -0.0512972 -2.56951e-41 -2.56951e-41
  -0.0515277 -2.60638e-41 -2.60638e-41
  -0.0517562 -2.64304e-41 -2.64304e-41
 -0.0519827 -2.6795e-41 -2.6795e-41
  -0.0522072 -2.71574e-41 -2.71574e-41
  -0.0524295 -2.75176e-41 -2.75176e-41
  -0.0526499 -2.78758e-41 -2.78758e-41
  -0.0528681 -2.82317e-41 -2.82317e-41
  -0.0530842 -2.85854e-41 -2.85854e-41
  -0.0532981 -2.89369e-41 -2.89369e-41
    -0.05351 -2.92862e-41 -2.92862e-41
  -0.0537196 -2.96332e-41 -2.96332e-41
  -0.0539272 -2.99779e-41 -2.99779e-41
  -0.0541325 -3.03203e-41 -3.03203e-41
  -0.0543356 -3.06603e-41 -3.06603e-41
  -0.0545365 -3.09981e-41 -3.09981e-41
  -0.0547352 -3.13335e-41 -3.13335e-41
  -0.0549316 -3.16664e-41 -3.16664e-41
 -0.0551258 -3.1997e-41 -3.1997e-41
  -0.0553177 -3.23252e-41 -3.23252e-41
 -0.0555074 -3.2651e-41 -3.2651e-41
  -0.0556947 -3.29742e-41 -3.29742e-41
  -0.0558797 -3.32951e-41 -3.32951e-41
  -0.0560624 -3.36134e-41 -3.36134e-41
  -0.0562428 -3.39292e-41 -3.39292e-41
  -0.0564208 -3.42425e-41 -3.42425e-41
  -0.0565964 -3.45533e-41 -3.45533e-41
  -0.0567697 -3.48615e-41 -3.48615e-41
  -0.0569406 -3.51671e-41 -3.51671e-41
   -0.057109 -3.54701e-41 -3.54701e-41
  -0.0572751 -3.57705e-41 -3.57705e-41
  -0.0574388 -3.60684e-41 -3.60684e-41
     -0.0576 -3.63635e-41 -3.63635e-41
 -0.0577588 -3.6656e-41 -3.6656e-41
  -0.0579151 -3.69459e-41 -3.69459e-41
  -0.0580689 -3.72331e-41 -3.72331e-41
  -0.0582203 -3.75175e-41 -3.75175e-41
  -0.0583692 -3.77993e-41 -3.77993e-41
  -0.0585156 -3.80783e-41 -3.80783e-41
  -0.0586595 -3.83546e-41 -3.83546e-41
  -0.0588009 -3.86281e-41 -3.86281e-41
  -0.0589397 -3.88989e-41 -3.88989e-41
   -0.059076 -3.91669e-41 -3.91669e-41
  -0.0592098 -3.94321e-41 -3.94321e-41
   -0.059341 -3.96945e-41 -3.96945e-41
 -0.0594696 -3.9954e-41 -3.9954e-41
  -0.0595957 -4.02107e-41 -4.02107e-41
  -0.0597191 -4.04646e-41 -4.04646e-41
    -0.05984 -4.07157e-41 -4.07157e-41
  -0.0599583 -4.09638e-41 -4.09638e-41
   -0.060074 -4.12091e-41 -4.12091e-41
  -0.0601871 -4.14514e-41 -4.14514e-41
  -0.0602975 -4.16909e-41 -4.16909e-41
  -0.0604053 -4.19275e-41 -4.19275e-41
  -0.0605105 -4.21611e-41 -4.21611e-41
  -0.0606131 -4.23918e-41 -4.23918e-41
   -0.060713 -4.26195e-41 -4.26195e-41
  -0.0608102 -4.28443e-41 -4.28443e-41
  -0.0609048 -4.30661e-41 -4.30661e-41
  -0.0609966 -4.32849e-41 -4.32849e-41
  -0.0610859 -4.35008e-41 -4.35008e-41
  -0.0611724 -4.37136e-41 -4.37136e-41
  -0.0612562 -4.39235e-41 -4.39235e-41
  -0.0613374 -4.41303e-41 -4.41303e-41
  -0.0614159 -4.43341e-41 -4.43341e-41
  -0.0614916 -4.45349e-41 -4.45349e-41
  -0.0615646 -4.47326e-41 -4.47326e-41
   -0.061635 -4.49273e-41 -4.49273e-41
  -0.0617026 -4.51189e-41 -4.51189e-41
  -0.0617674 -4.53074e-41 -4.53074e-41
  -0.0618296 -4.54929e-41 -4.54929e-41
   -0.061889 -4.56753e-41 -4.56753e-41
  -0.0619457 -4.58546e-41 -4.58546e-41
  -0.0619996 -4.60308e-41 -4.60308e-41
  -0.0620508 -4.62039e-41 -4.62039e-41
  -0.0620993 -4.63739e-41 -4.63739e-41
  -0.0621449 -4.65408e-41 -4.65408e-41
  -0.0621879 -4.67046e-41 -4.67046e-41
  -0.0622281 -4.68652e-41 -4.68652e-41
  -0.0622655 -4.70227e-41 -4.70227e-41
  -0.0623002 -4.71771e-41 -4.71771e-41
  -0.0623321 -4.73283e-41 -4.73283e-41
  -0.0623612 -4.74764e-41 -4.74764e-41
  -0.0623875 -4.76213e-41 -4.76213e-41
  -0.0624111 -4.77631e-41 -4.77631e-41
   -0.062432 -4.79017e-41 -4.79017e-41
    -0.06245 -4.80371e-41 -4.80371e-41
  -0.0624653 -4.81694e-41 -4.81694e-41
  -0.0624778 -4.82985e-41 -4.82985e-41
  -0.0624875 -4.84245e-41 -4.84245e-41
  -0.0624944 -4.85472e-41 -4.85472e-41
  -0.0624986 -4.86668e-41 -4.86668e-41
     -0.0625 -4.87831e-41 -4.87831e-41
  -0.0624986 -4.88963e-41 -4.88963e-41
  -0.0624944 -4.90063e-41 -4.90063e-41
  -0.0624875 -4.91131e-41 -4.91131e-41
  -0.0624778 -4.92167e-41 -4.92167e-41
  -0.0624653 -4.93172e-41 -4.93172e-41
    -0.06245 -4.94144e-41 -4.94144e-41
   -0.062432 -4.95084e-41 -4.95084e-41
  -0.0624111 -4.95992e-41 -4.95992e-41
  -0.0623875 -4.96868e-41 -4.96868e-41
  -0.0623612 -4.97712e-41 -4.97712e-41
  -0.0623321 -4.98524e-41 -4.98524e-41
  -0.0623002 -4.99304e-41 -4.99304e-41
  -0.0622655 -5.00052e-41 -5.00052e-41
  -0.0622281 -5.00768e-41 -5.00768e-41
  -0.0621879 -5.01452e-41 -5.01452e-41
  -0.0621449 -5.02104e-41 -5.02104e-41
  -0.0620993 -5.02724e-41 -5.02724e-41
  -0.0620508 -5.03312e-41 -5.03312e-41
  -0.0619996 -5.03868e-41 -5.03868e-41
  -0.0619457 -5.04391e-41 -5.04391e-41
   -0.061889 -5.04883e-41 -5.04883e-41
  -0.0618296 -5.05343e-41 -5.05343e-41
  -0.0617674 -5.05771e-41 -5.05771e-41
  -0.0617026 -5.06167e-41 -5.06167e-41
   -0.061635 -5.06532e-41 -5.06532e-41
  -0.0615646 -5.06864e-41 -5.06864e-41
  -0.0614916 -5.07165e-41 -5.07165e-41
  -0.0614159 -5.07433e-41 -5.07433e-41
 -0.0613374 -5.0767e-41 -5.0767e-41
  -0.0612562 -5.07876e-41 -5.07876e-41
  -0.0611724 -5.08049e-41 -5.08049e-41
  -0.0610859 -5.08191e-41 -5.08191e-41
  -0.0609966 -5.08301e-41 -5.08301e-41
 -0.0609048 -5.0838e-41 -5.0838e-41
  -0.0608102 -5.08427e-41 -5.08427e-41
   -0.060713 -5.08443e-41 -5.08443e-41
  -0.0606131 -5.08427e-41 -5.08427e-41
 -0.0605105 -5.0838e-41 -5.0838e-41
  -0.0604053 -5.08302e-41 -5.08302e-41
  -0.0602975 -5.08192e-41 -5.08192e-41
  -0.0601871 -5.08051e-41 -5.08051e-41
   -0.060074 -5.07879e-41 -5.07879e-41
  -0.0599583 -5.07676e-41 -5.07676e-41
    -0.05984 -5.07442e-41 -5.07442e-41
  -0.0597191 -5.07177e-41 -5.07177e-41
  -0.0595957 -5.06881e-41 -5.06881e-41
  -0.0594696 -5.06554e-41 -5.06554e-41
   -0.059341 -5.06197e-41 -5.06197e-41
  -0.0592098 -5.05809e-41 -5.05809e-41
  -0.059076 -5.0539e-41 -5.0539e-41
  -0.0589397 -5.04941e-41 -5.04941e-41
  -0.0588009 -5.04461e-41 -5.04461e-41
  -0.0586595 -5.03951e-41 -5.03951e-41
  -0.0585156 -5.03411e-41 -5.03411e-41
  -0.0583692 -5.02841e-41 -5.02841e-41
 -0.0582203 -5.0224e-41 -5.0224e-41
 -0.0580689 -5.0161e-41 -5.0161e-41
  -0.0579151 -5.00949e-41 -5.00949e-41
  -0.0577588 -5.00259e-41 -5.00259e-41
     -0.0576 -4.99539e-41 -4.99539e-41
 -0.0574388 -4.9879e-41 -4.9879e-41
  -0.0572751 -4.98011e-41 -4.98011e-41
   -0.057109 -4.97203e-41 -4.97203e-41
  -0.0569406 -4.96365e-41 -4.96365e-41
  -0.0567697 -4.95499e-41 -4.95499e-41
  -0.0565964 -4.94603e-41 -4.94603e-41
  -0.0564208 -4.93678e-41 -4.93678e-41
  -0.0562428 -4.92725e-41 -4.92725e-41
  -0.0560624 -4.91742e-41 -4.91742e-41
  -0.0558797 -4.90732e-41 -4.90732e-41
  -0.0556947 -4.89692e-41 -4.89692e-41
  -0.0555074 -4.88625e-41 -4.88625e-41
  -0.0553177 -4.87529e-41 -4.87529e-41
  -0.0551258 -4.86405e-41 -4.86405e-41
  -0.0549316 -4.85253e-41 -4.85253e-41
  -0.0547352 -4.84074e-41 -4.84074e-41
  -0.0545365 -4.82866e-41 -4.82866e-41
  -0.0543356 -4.81631e-41 -4.81631e-41
  -0.0541325 -4.80369e-41 -4.80369e-41
  -0.0539272 -4.79079e-41 -4.79079e-41
  -0.0537196 -4.77763e-41 -4.77763e-41
    -0.05351 -4.76419e-41 -4.76419e-41
  -0.0532981 -4.75049e-41 -4.75049e-41
  -0.0530842 -4.73651e-41 -4.73651e-41
  -0.0528681 -4.72228e-41 -4.72228e-41
  -0.0526499 -4.70778e-41 -4.70778e-41
  -0.0524295 -4.69301e-41 -4.69301e-41
  -0.0522072 -4.67799e-41 -4.67799e-41
  -0.0519827 -4.66271e-41 -4.66271e-41
  -0.0517562 -4.64717e-41 -4.64717e-41
  -0.0515277 -4.63137e-41 -4.63137e-41
  -0.0512972 -4.61532e-41 -4.61532e-41
  -0.0510647 -4.59902e-41 -4.59902e-41
  -0.0508302 -4.58247e-41 -4.58247e-41
  -0.0505938 -4.56567e-41 -4.56567e-41
  -0.0503554 -4.54862e-41 -4.54862e-41
   -0.050115 -4.53132e-41 -4.53132e-41
  -0.0498728 -4.51379e-41 -4.51379e-41
  -0.0496287 -4.49601e-41 -4.49601e-41
  -0.0493827 -4.47799e-41 -4.47799e-41
  -0.0491349 -4.45973e-41 -4.45973e-41
  -0.0488852 -4.44124e-41 -4.44124e-41
  -0.0486337 -4.42251e-41 -4.42251e-41
  -0.0483804 -4.40355e-41 -4.40355e-41
  -0.0481254 -4.38436e-41 -4.38436e-41
  -0.0478686 -4.36494e-41 -4.36494e-41
    -0.04761 -4.34529e-41 -4.34529e-41
  -0.0473498 -4.32542e-41 -4.32542e-41
  -0.0470878 -4.30533e-41 -4.30533e-41
  -0.0468241 -4.28502e-41 -4.28502e-41
  -0.0465588 -4.26449e-41 -4.26449e-41
  -0.0462919 -4.24374e-41 -4.24374e-41
  -0.0460234 -4.22278e-41 -4.22278e-41
 -0.0457532 -4.2016e-41 -4.2016e-41
  -0.0454815 -4.18022e-41 -4.18022e-41
  -0.0452082 -4.15863e-41 -4.15863e-41
  -0.0449334 -4.13683e-41 -4.13683e-41
  -0.0446571 -4.11484e-41 -4.11484e-41
  -0.0443793 -4.09263e-41 -4.09263e-41
     -0.0441 -4.07024e-41 -4.07024e-41
  -0.0438193 -4.04764e-41 -4.04764e-41
  -0.0435371 -4.02485e-41 -4.02485e-41
  -0.0432536 -4.00187e-41 -4.00187e-41
 -0.0429687 -3.9787e-41 -3.9787e-41
  -0.0426824 -3.95534e-41 -3.95534e-41
 -0.0423948 -3.9318e-41 -3.9318e-41
  -0.0421059 -3.90807e-41 -3.90807e-41
  -0.0418157 -3.88417e-41 -3.88417e-41
  -0.0415242 -3.86009e-41 -3.86009e-41
  -0.0412316 -3.83583e-41 -3.83583e-41
 -0.0409377 -3.8114e-41 -3.8114e-41
 -0.0406426 -3.7868e-41 -3.7868e-41
  -0.0403463 -3.76204e-41 -3.76204e-41
 -0.0400489 -3.7371e-41 -3.7371e-41
  -0.0397504 -3.71201e-41 -3.71201e-41
  -0.0394508 -3.68676e-41 -3.68676e-41
  -0.0391501 -3.66135e-41 -3.66135e-41
  -0.0388484 -3.63578e-41 -3.63578e-41
  -0.0385457 -3.61007e-41 -3.61007e-41
  -0.038242 -3.5842e-41 -3.5842e-41
  -0.0379373 -3.55819e-41 -3.55819e-41
  -0.0376317 -3.53204e-41 -3.53204e-41
  -0.0373252 -3.50574e-41 -3.50574e-41
  -0.0370178 -3.47931e-41 -3.47931e-41
  -0.0367095 -3.45274e-41 -3.45274e-41
  -0.0364004 -3.42604e-41 -3.42604e-41
  -0.0360905 -3.39921e-41 -3.39921e-41
  -0.0357798 -3.37225e-41 -3.37225e-41
  -0.0354684 -3.34517e-41 -3.34517e-41
  -0.0351562 -3.31797e-41 -3.31797e-41
  -0.0348434 -3.29065e-41 -3.29065e-41
  -0.0345299 -3.26322e-41 -3.26322e-41
  -0.0342157 -3.23567e-41 -3.23567e-41
   -0.033901 -3.20801e-41 -3.20801e-41
  -0.0335857 -3.18025e-41 -3.18025e-41
  -0.0332698 -3.15239e-41 -3.15239e-41
  -0.0329533 -3.12442e-41 -3.12442e-41
  -0.0326364 -3.09636e-41 -3.09636e-41
  -0.032319 -3.0682e-41 -3.0682e-41
  -0.0320012 -3.03996e-41 -3.03996e-41
   -0.031683 -3.01162e-41 -3.01162e-41
  -0.0313644 -2.98321e-41 -2.98321e-41
  -0.0310455 -2.95471e-41 -2.95471e-41
  -0.0307262 -2.92613e-41 -2.92613e-41
  -0.0304066 -2.89748e-41 -2.89748e-41
  -0.0300868 -2.86875e-41 -2.86875e-41
  -0.0297668 -2.83996e-41 -2.83996e-41
 -0.0294466 -2.8111e-41 -2.8111e-41
  -0.0291262 -2.78218e-41 -2.78218e-41
  -0.0288056 -2.75321e-41 -2.75321e-41
   -0.028485 -2.72417e-41 -2.72417e-41
  -0.0281643 -2.69509e-41 -2.69509e-41
  -0.0278436 -2.66596e-41 -2.66596e-41
  -0.0275228 -2.63678e-41 -2.63678e-41
  -0.0272021 -2.60756e-41 -2.60756e-41
 -0.0268814 -2.5783e-41 -2.5783e-41
  -0.0265608 -2.54901e-41 -2.54901e-41
  -0.0262404 -2.51969e-41 -2.51969e-41
  -0.0259201 -2.49034e-41 -2.49034e-41
     -0.0256 -2.46097e-41 -2.46097e-41
  -0.0252801 -2.43157e-41 -2.43157e-41
  -0.0249605 -2.40216e-41 -2.40216e-41
  -0.0246411 -2.37274e-41 -2.37274e-41
 -0.0243221 -2.3433e-41 -2.3433e-41
  -0.0240035 -2.31386e-41 -2.31386e-41
  -0.0236852 -2.28442e-41 -2.28442e-41
  -0.0233674 -2.25498e-41 -2.25498e-41
    -0.02305 -2.22554e-41 -2.22554e-41
  -0.0227331 -2.19612e-41 -2.19612e-41
 -0.0224167 -2.1667e-41 -2.1667e-41
   -0.022101 -2.13731e-41 -2.13731e-41
  -0.0217858 -2.10793e-41 -2.10793e-41
  -0.0214712 -2.07857e-41 -2.07857e-41
  -0.0211573 -2.04925e-41 -2.04925e-41
  -0.0208441 -2.01995e-41 -2.01995e-41
 -0.0205317 -1.9907e-41 -1.9907e-41
    -0.02022 -1.96148e-41 -1.96148e-41
 -0.0199092 -1.9323e-41 -1.9323e-41
  -0.0195992 -1.90317e-41 -1.90317e-41
  -0.0192901 -1.87409e-41 -1.87409e-41
  -0.0189819 -1.84507e-41 -1.84507e-41
  -0.0186747 -1.81611e-41 -1.81611e-41
  -0.0183685 -1.78721e-41 -1.78721e-41
  -0.0180634 -1.75838e-41 -1.75838e-41
  -0.0177593 -1.72962e-41 -1.72962e-41
  -0.0174563 -1.70093e-41 -1.70093e-41
  -0.0171545 -1.67233e-41 -1.67233e-41
  -0.0168538 -1.64381e-41 -1.64381e-41
  -0.0165544 -1.61537e-41 -1.61537e-41
  -0.0162562 -1.58703e-41 -1.58703e-41
  -0.0159594 -1.55878e-41 -1.55878e-41
  -0.0156639 -1.53064e-41 -1.53064e-41
 -0.0153698 -1.5026e-41 -1.5026e-41
  -0.0150771 -1.47467e-41 -1.47467e-41
  -0.0147859 -1.44685e-41 -1.44685e-41
  -0.0144962 -1.41915e-41 -1.41915e-41
   -0.014208 -1.39157e-41 -1.39157e-41
  -0.0139214 -1.36412e-41 -1.36412e-41
 -0.0136364 -1.3368e-41 -1.3368e-41
  -0.0133531 -1.30961e-41 -1.30961e-41
  -0.0130715 -1.28257e-41 -1.28257e-41
  -0.0127916 -1.25566e-41 -1.25566e-41
  -0.0125135 -1.22891e-41 -1.22891e-41
  -0.0122373 -1.20231e-41 -1.20231e-41
  -0.0119629 -1.17586e-41 -1.17586e-41
  -0.0116904 -1.14958e-41 -1.14958e-41
  -0.0114199 -1.12346e-41 -1.12346e-41
  -0.0111514 -1.09752e-41 -1.09752e-41
  -0.0108849 -1.07175e-41 -1.07175e-41
  -0.0106204 -1.04616e-41 -1.04616e-41
  -0.0103582 -1.02075e-41 -1.02075e-41
   -0.010098 -9.95536e-42 -9.95536e-42
 -0.00984009 -9.70515e-42 -9.70515e-42
 -0.00958441 -9.45692e-42 -9.45692e-42
 -0.00933102 -9.21072e-42 -9.21072e-42
-0.00907997 -8.9666e-42 -8.9666e-42
  -0.0088313 -8.72462e-42 -8.72462e-42
 -0.00858505 -8.48481e-42 -8.48481e-42
 -0.00834127 -8.24723e-42 -8.24723e-42
     -0.0081 -8.01191e-42 -8.01191e-42
 -0.00786128 -7.77892e-42 -7.77892e-42
-0.00762517 -7.5483e-42 -7.5483e-42
 -0.0073917 -7.3201e-42 -7.3201e-42
 -0.00716092 -7.09437e-42 -7.09437e-42
 -0.00693287 -6.87115e-42 -6.87115e-42
-0.00670761 -6.6505e-42 -6.6505e-42
 -0.00648517 -6.43246e-42 -6.43246e-42
  -0.0062656 -6.21709e-42 -6.21709e-42
 -0.00604895 -6.00444e-42 -6.00444e-42
 -0.00583526 -5.79455e-42 -5.79455e-42
 -0.00562458 -5.58748e-42 -5.58748e-42
 -0.00541696 -5.38327e-42 -5.38327e-42
 -0.00521244 -5.18198e-42 -5.18198e-42
 -0.00501107 -4.98367e-42 -4.98367e-42
 -0.00481289 -4.78837e-42 -4.78837e-42
 -0.00461796 -4.59615e-42 -4.59615e-42
 -0.00442631 -4.40704e-42 -4.40704e-42
 -0.00423801 -4.22112e-42 -4.22112e-42
 -0.00405309 -4.03842e-42 -4.03842e-42
  -0.0038716 -3.85901e-42 -3.85901e-42
  -0.0036936 -3.68292e-42 -3.68292e-42
 -0.00351913 -3.51022e-42 -3.51022e-42
 -0.00334823 -3.34096e-42 -3.34096e-42
-0.00318096 -3.1752e-42 -3.1752e-42
 -0.00301737 -3.01298e-42 -3.01298e-42
  -0.0028575 -2.85435e-42 -2.85435e-42
  -0.0027014 -2.69938e-42 -2.69938e-42
 -0.00254913 -2.54812e-42 -2.54812e-42
 -0.00240073 -2.40062e-42 -2.40062e-42
 -0.00225625 -2.25694e-42 -2.25694e-42
 -0.00211574 -2.11712e-42 -2.11712e-42
 -0.00197926 -1.98124e-42 -1.98124e-42
 -0.00184685 -1.84933e-42 -1.84933e-42
 -0.00171856 -1.72146e-42 -1.72146e-42
 -0.00159445 -1.59768e-42 -1.59768e-42
 -0.00147456 -1.47805e-42 -1.47805e-42
 -0.00135895 -1.36262e-42 -1.36262e-42
 -0.00124766 -1.25145e-42 -1.25145e-42
-0.00114075 -1.1446e-42 -1.1446e-42
 -0.00103827 -1.04212e-42 -1.04212e-42
-0.000940274 -9.44076e-43 -9.44076e-43
 -0.00084681 -8.50514e-43 -8.50514e-43
-0.000757931 -7.61497e-43 -7.61497e-43
-0.000673691 -6.77081e-43 -6.77081e-43
-0.000594141 -5.97324e-43 -5.97324e-43
-0.000519333 -5.22285e-43 -5.22285e-43
-0.000449322 -4.52022e-43 -4.52022e-43
 -0.00038416 -3.86592e-43 -3.86592e-43
  -0.0003239 -3.26055e-43 -3.26055e-43
-0.000268596 -2.70468e-43 -2.70468e-43
-0.000218301 -2.19892e-43 -2.19892e-43
-0.000173069 -1.74385e-43 -1.74385e-43
-0.000132954 -1.34007e-43 -1.34007e-43
  -9.801e-05 -9.88174e-44 -9.88174e-44
-6.82919e-05 -6.88759e-44 -6.88759e-44
-4.38538e-05 -4.42425e-44 -4.42425e-44
-2.47506e-05 -2.49777e-44 -2.49777e-44
-1.10372e-05 -1.11418e-44 -1.11418e-44
-2.76853e-06 -2.79563e-45 -2.79563e-45
-1.11022e-16 -3.26265e-55 -3.26265e-55
0 0 0
0 0 0
0 0 0
0 0 0
0 0 0
0 0 0
0 0 0
0 0 0
0 0 0
0 0 0
0 0 0
0 0 0
0 0 0
0 0 0
0 0 0
0 0 0
0 0 0
0 0 0
0 0 0
0 0 0
0 0 0
0 0 0
0 0 0
0 0 0
0 0 0
0 0 0
0 0 0
0 0 0
0 0 0
0 0 0
0 0 0
0 0 0
0 0 0
0 0 0
0 0 0
0 0 0
0 0 0
0 0 0
0 0 0
0 0 0
0 0 0
0 0 0
0 0 0
0 0 0
0 0 0
0 0 0
0 0 0
0 0 0
0 0 0
0 0 0
0 0 0
0 0 0
0 0 0
0 0 0
0 0 0
0 0 0
0 0 0
0 0 0
0 0 0
0 0 0
0 0 0
0 0 0
0 0 0
0 0 0
0 0 0
0 0 0
0 0 0
0 0 0
0 0 0
0 0 0
0 0 0
0 0 0
0 0 0
0 0 0
0 0 0
0 0 0
0 0 0
0 0 0
0 0 0
0 0 0
0 0 0
0 0 0
0 0 0
0 0 0
0 0 0
0 0 0
0 0 0
0 0 0
