 5.48927e-09 -1.42922e-07  5.48927e-09 -1.42607e-07  5.29311e-09 -1.42922e-07  5.29311e-09 -1.42607e-07
-7.34192e-05  -0.00158667 -7.09918e-05  -0.00152627 -0.000126882  -0.00157081 -0.000122489  -0.00151164
0.000151008 -0.00337394  0.00015506  -0.0032833 6.17305e-05 -0.00336977 6.98076e-05  -0.0032792
0.000343655 -0.00583823  0.00034935  -0.0057269 0.000218312 -0.00584431 0.000230299 -0.00573211
0.000502723 -0.00869811 0.000507678 -0.00862965 0.000377563 -0.00872132 0.000391823  -0.0086504
0.000450696  -0.0117016 0.000453819  -0.0116967 0.000336617  -0.0117297 0.000353549  -0.0117219
0.000195179  -0.0148793  0.00019507  -0.0149607 0.000104609  -0.0149011 0.000123779  -0.0149813
0.000263001   -0.018774 0.000263055  -0.0188653 0.000143948  -0.0188008 0.000166305  -0.0188906
-3.41137e-05   -0.0228211  -3.3499e-05   -0.0229825 -0.000146683   -0.0228364 -0.000120814   -0.0229988
 -0.00036384   -0.0265869 -0.000362619   -0.0268147 -0.000469932   -0.0265879 -0.000439873   -0.0268195
-0.000522044    -0.030486 -0.000519518   -0.0307604 -0.000635763   -0.0304817 -0.000599686   -0.0307615
-0.000789394   -0.0338692 -0.000783998   -0.0341906 -0.000906578    -0.033852 -0.000866192   -0.0341806
-0.000258716   -0.0373767   -0.0002487   -0.0375654 -0.000492666    -0.037375 -0.000446526   -0.0375677
-9.81899e-05     -0.04044 -8.73996e-05   -0.0405577 -0.000409518   -0.0404374 -0.000358614   -0.0405586
-2.10204e-06   -0.0434197  1.50407e-05   -0.0434533 -0.000399327   -0.0434094 -0.000340155   -0.0434469
-0.000390845   -0.0455426 -0.000373429   -0.0456106 -0.000789747   -0.0455079 -0.000731601   -0.0455823
-0.00069118  -0.0473984 -0.00067136  -0.0474474 -0.00112626  -0.0473367 -0.00106493  -0.0473944
-0.00138097  -0.0485021 -0.00136673  -0.0486654 -0.00175838  -0.0484056 -0.00170181  -0.0485816
-0.00182441  -0.0492352 -0.00181664  -0.0493871 -0.00222921  -0.0490986 -0.00216592  -0.0492704
-0.00256587  -0.0485941 -0.00257128  -0.0488463 -0.00291038  -0.0484118 -0.00284914  -0.0486949
-0.00298604  -0.0472257 -0.00299553  -0.0475788   -0.003252  -0.0470276  -0.0031989  -0.0474145
-0.00380937  -0.0444536 -0.00383671  -0.0450255  -0.0039049  -0.0442282 -0.00386526  -0.0448472
-0.00518238  -0.0409309 -0.00520615  -0.0419517 -0.00494145  -0.0406963 -0.00492776   -0.041758
-0.00730552  -0.0358293 -0.00734619  -0.0374429 -0.00662701  -0.0355632 -0.00665058  -0.0372176
-0.00885489  -0.0301633 -0.00890656  -0.0322226 -0.00783328   -0.029894 -0.00788557  -0.0319821
 -0.0102659  -0.0241106  -0.0103373  -0.0266309 -0.00888137  -0.0238598 -0.00895889  -0.0264167
 -0.0108304  -0.0176913  -0.0109128  -0.0204228 -0.00924072  -0.0174598 -0.00933173  -0.0202417
 -0.0112291  -0.0109383  -0.0113195  -0.0138506 -0.00944688  -0.0107264 -0.00954466  -0.0137343
 -0.0113412 -0.00441927  -0.0114312 -0.00741902 -0.00943011 -0.00422863 -0.00953249  -0.0073623
 -0.0113428  0.00151503   -0.011427 -0.00152641 -0.00933499  0.00168909 -0.00944087 -0.00152468
  -0.011045  0.00697036  -0.0111173  0.00395503  -0.0089903  0.00711958 -0.00909676  0.00390136
 -0.0105147   0.0118141  -0.0105712  0.00885264 -0.00844286   0.0119328 -0.00854929  0.00874126
 -0.0101036   0.0161081  -0.0101441   0.0131727 -0.00800681    0.016198 -0.00811439   0.0130136
 -0.0094717   0.0200429 -0.00949462   0.0171616 -0.00737837   0.0200965 -0.00748581   0.0169611
-0.00856334   0.0236355 -0.00856007   0.0209147 -0.00653549   0.0236686 -0.00664014   0.0206855
-0.00736778   0.0265054 -0.00733949   0.0239517 -0.00542876   0.0265008 -0.00552901   0.0237004
-0.00660971   0.0289237 -0.00656252   0.0264309  -0.0046962   0.0288853 -0.00479823   0.0261543
-0.00571252   0.0308538 -0.00564899   0.0284483 -0.00385323   0.0307781  -0.0039542   0.0281586
-0.00463521   0.0320818  -0.0045563   0.0297872 -0.00285374   0.0319651 -0.00295294   0.0294901
-0.00314462    0.032728 -0.00305549   0.0306565 -0.00153013   0.0325665  -0.0016239   0.0303747
-0.00131476   0.0323887 -0.00121529   0.0305884 9.04922e-05   0.0321715 5.56082e-06   0.0303251
  0.0003343   0.0322339 0.000440947    0.030674  0.00155164   0.0319637  0.00147348    0.030428
0.00210735  0.0313164 0.00222149  0.0300411 0.00309936  0.0309943 0.00303941  0.0298142
0.00365081  0.0310658 0.00377459  0.0300552  0.0044398  0.0307009 0.00439503  0.0298454
0.00578501  0.0305246 0.00591432  0.0299217 0.00626977  0.0301085 0.00624795  0.0297271
0.00755224  0.0310518 0.00769051  0.0308225 0.00777466  0.0305987 0.00777226  0.0306346
0.00944437  0.0314103 0.00958831   0.031597 0.00937967  0.0309241 0.00939911  0.0314043
0.0108975 0.0322554 0.0110479 0.0328309 0.0105811 0.0317505 0.0106178 0.0326321
0.0122126 0.0323853 0.0123584 0.0333173 0.0116707 0.0318765 0.0117214 0.0331016
0.0132869 0.0337882 0.0134347 0.0351212 0.0125076 0.0332928 0.0125711 0.0349046
0.0137204 0.0350101 0.0138675 0.0367177 0.0127278 0.0345639 0.0128141 0.0364876
0.0140956 0.0361935 0.0142427 0.0382757 0.0128881 0.0357979 0.0129957 0.0380417
0.0145419 0.0370401 0.0146917 0.0394684 0.0131268 0.0366864 0.0132579 0.0392266
0.0147604 0.0376512   0.01491 0.0403802 0.0131702 0.0373362 0.0133222 0.0401258
0.0147871 0.0374291 0.0149353 0.0403482 0.0130785 0.0371541 0.0132448 0.0400954
0.0146936 0.0369058 0.0148401 0.0400022 0.0128721 0.0366749 0.0130529 0.0397541
0.0145296 0.0355329 0.0146644 0.0387675 0.0126235 0.0353572 0.0128034 0.0385425
0.0141973 0.0338587 0.0143221 0.0372128 0.0122151 0.0337408 0.0123952 0.0370148
 0.013327 0.0315838 0.0134381 0.0350157 0.0112971 0.0315427 0.0114808 0.0348446
  0.01223 0.0293708 0.0123312 0.0328593  0.010161 0.0294073 0.0103474  0.032734
 0.0108054  0.0268252  0.0108984  0.0302571 0.00875929   0.026932  0.0089417  0.0301968
 0.0091258  0.0247014 0.00921374  0.0280403 0.00712455  0.0248682 0.00730304  0.0280543
0.00774101  0.0224829 0.00781795  0.0257752 0.00576212  0.0227065 0.00593525  0.0258457
0.00580058    0.02105 0.00586955  0.0242262 0.00388593  0.0213172 0.00405416  0.0243728
0.00449752  0.0190912 0.00455768  0.0222939 0.00255983  0.0193959 0.00272239  0.0224989
 0.00279484   0.0177113  0.00284916   0.0208962 0.000857959   0.0180439  0.00101551   0.0211776
  0.00160639    0.0160333   0.00165405    0.0193034 -0.000394744     0.016391  -0.00024157    0.0196468
0.000117147   0.0141076 0.000160463   0.0174244 -0.00192997   0.0144825 -0.00178353   0.0178444
-0.00150038   0.0115238 -0.00145793   0.0147761 -0.00353114   0.0118956 -0.00339635    0.015267
-0.00350581  0.00904258 -0.00346345   0.0121711  -0.0054888  0.00940515 -0.00536764   0.0127478
-0.00503161  0.00624794 -0.00498527  0.00931264 -0.00700055  0.00659902 -0.00689171  0.00995757
-0.00704282  0.00378779 -0.00699301  0.00671567 -0.00895896  0.00413002 -0.00886317  0.00744639
-0.00877877  0.00121178  -0.0087244  0.00398785  -0.0106297  0.00153788  -0.0105471  0.00478133
   -0.011211  -0.00129057   -0.0111535   0.00120915   -0.0129261 -0.000982459    -0.012858   0.00208163
  -0.0133914  -0.00411515   -0.0133286  -0.00185725    -0.014994  -0.00382323   -0.0149393 -0.000917959
 -0.0156375 -0.00677807  -0.0155701  -0.0047721   -0.017119 -0.00649338  -0.0170758 -0.00377198
  -0.017098 -0.00948549  -0.0170221 -0.00757197  -0.0185529 -0.00920023  -0.0185167 -0.00652188
 -0.0186619  -0.0117091  -0.0185804 -0.00990477  -0.0200735  -0.0114119  -0.0200422 -0.00881328
-0.0195832 -0.0144137 -0.0194914 -0.0126259 -0.0210076 -0.0141076 -0.0209786 -0.0115174
-0.0206353 -0.0160993 -0.0205383 -0.0143703 -0.0220428 -0.0157722 -0.0220129 -0.0132556
-0.0207513 -0.0177944 -0.0206461 -0.0159365 -0.0222448   -0.01743 -0.0222109 -0.0148158
-0.0206788 -0.0195493 -0.0205657 -0.0174473 -0.0223213 -0.0191018 -0.0222788 -0.0163107
 -0.020113 -0.0211852 -0.0199901 -0.0187877 -0.0219346 -0.0206775 -0.0218846 -0.0176326
 -0.019261 -0.0226309 -0.0191282 -0.0198129 -0.0213367 -0.0220148  -0.021271 -0.0186434
-0.0182084 -0.0234396 -0.0180661 -0.0202682 -0.0204971 -0.0227729 -0.0204194 -0.0191032
-0.0169827 -0.0236041 -0.0168316 -0.0199394 -0.0195725 -0.0228266  -0.019473  -0.018767
-0.0162074 -0.0237184 -0.0160496  -0.019687 -0.0190203 -0.0228694 -0.0189097 -0.0184739
-0.0148678 -0.0242606 -0.0147062 -0.0196453 -0.0180211 -0.0232818  -0.017891 -0.0184033
-0.0130324 -0.0247223 -0.0128674 -0.0195781 -0.0164888 -0.0236695 -0.0163393  -0.018364
 -0.011528 -0.0248482 -0.0113597 -0.0192505  -0.015255 -0.0237132 -0.0150827 -0.0180545
-0.00997657  -0.0249138 -0.00980267  -0.0188799  -0.0139673  -0.0237282  -0.0137786  -0.0176768
-0.00841752  -0.0246356 -0.00823764  -0.0181925  -0.0126567  -0.0234129  -0.0124505   -0.016994
-0.00652353  -0.0242429 -0.00633895  -0.0174856  -0.0109431  -0.0230369  -0.0107191  -0.0163563
-0.00469662  -0.0235096 -0.00450695  -0.0164255 -0.00930606  -0.0223178 -0.00906381  -0.0153516
-0.00246929   -0.023143 -0.00227401  -0.0158173 -0.00720922  -0.0220168 -0.00694701  -0.0148455
-6.21654e-05   -0.0221643   0.00013535   -0.0144951  -0.00499407   -0.0211067  -0.00471154   -0.0136057
 0.00162528   -0.019891  0.00181894  -0.0121635  -0.0033131  -0.0189155 -0.00302774  -0.0113446
 0.00293297  -0.0169604  0.00312091 -0.00915693 -0.00202568  -0.0160471 -0.00174297   -0.008379
  0.00423895   -0.0129962   0.00441896  -0.00516861 -0.000693408   -0.0121632 -0.000428246  -0.00443185
  0.00538244  -0.00793045   0.00555327 -2.79835e-06  0.000435668  -0.00716811  0.000674432  0.000707372
 0.00682379 -0.00192463  0.00698329  0.00602006  0.00193562 -0.00126799  0.00213145  0.00669006
0.00785809  0.0049887 0.00800429  0.0130218 0.00299502 0.00556451 0.00313688  0.0136649
0.00873049  0.0120366 0.00885957  0.0200844 0.00394655  0.0125364 0.00402459  0.0206986
0.00922404  0.0192686  0.0093346  0.0273594 0.00450448  0.0197165 0.00451815  0.0279476
0.00918239  0.0271299 0.00926682  0.0350577  0.0046556  0.0275566 0.00459239  0.0356265
0.00894999  0.0351878 0.00900598  0.0430633 0.00455405   0.035615 0.00441938  0.0436148
0.00898781  0.0434347 0.00900361  0.0512885 0.00470946  0.0438552 0.00450306  0.0518137
0.00918258   0.051007 0.00916507  0.0588439 0.00501292  0.0514003 0.00473045  0.0593493
0.00920145  0.0579268 0.00914844  0.0656802 0.00516703  0.0583049 0.00481359  0.0661691
0.00932109  0.0640613 0.00924053  0.0717689 0.00539083  0.0644172 0.00497142  0.0722454
0.00984739  0.0692454 0.00974985  0.0770224  0.0059488  0.0695528 0.00547587  0.0774793
 0.0103801  0.0746994  0.0102727  0.0825864 0.00649972  0.0749526 0.00595766  0.0830331
 0.0103523  0.0801493  0.0102245  0.0879342 0.00659486  0.0803882 0.00598211  0.0883807
0.00998186  0.0852574 0.00983047  0.0929359 0.00635663  0.0855031 0.00566533  0.0933883
0.00908111  0.0896225 0.00891712  0.0970572 0.00564682  0.0899084 0.00488916  0.0975282
0.00820499  0.0925842 0.00802466  0.0998015 0.00492498  0.0929182   0.004117   0.100288
0.00770952  0.0941157 0.00752631   0.101193 0.00451106  0.0944779 0.00368348    0.10169
0.00704983  0.0950304 0.00685899   0.102014 0.00389557  0.0954429 0.00306472   0.102525
0.00648025  0.0949804 0.00629528   0.101898 0.00335347   0.095432 0.00252462   0.102422
0.00598972  0.0946896 0.00581524   0.101583 0.00286802  0.0951777 0.00204828   0.102121
0.00577264  0.0934451 0.00560281   0.100407 0.00259991  0.0939573 0.00179527   0.100954
0.00529619  0.0918019 0.00512491    0.09881 0.00206951  0.0923635 0.00128983  0.0993733
 0.00417967   0.0897496  0.00403156   0.0965972  0.00101149   0.0903873 0.000252447   0.0971893
  0.00323186    0.0867815   0.00311682     0.093471  0.000129244    0.0874774 -0.000616375    0.0940828
  0.00307619    0.0833762   0.00296357     0.090097 -7.20305e-05    0.0840881 -0.000792024    0.0907112
  0.00339038    0.0782752   0.00328656    0.0850569  0.000168843    0.0789635 -0.000529412    0.0856589
  0.00321603    0.0728448   0.00313472    0.0795717 -2.52383e-05    0.0735397 -0.000692708    0.0801717
 0.00331284   0.0664341  0.00325448     0.07307 6.03316e-05   0.0671047  -0.0005635   0.0736552
  0.00276436    0.0597232   0.00273519    0.0660634 -0.000393379    0.0604042 -0.000962511    0.0666375
 0.00170575   0.0521761  0.00168293   0.0580352 -0.00127672   0.0528947 -0.00177055   0.0585894
0.000921343   0.0445589 0.000915131   0.0499224 -0.00186534   0.0452806  -0.0022872    0.050444
0.000192561   0.0361783 0.000203302   0.0410174 -0.00238554   0.0368898 -0.00272087   0.0414982
8.31969e-05   0.0279479 0.000102532   0.0323943 -0.00235488   0.0286107 -0.00260161   0.0328342
-0.000908358    0.0205425 -0.000891989    0.0243667  -0.00306787    0.0211991  -0.00323816    0.0247595
 -0.0014615   0.0140538 -0.00144294    0.017273 -0.00333263   0.0146621 -0.00343783   0.0176111
-0.00108637  0.00769838 -0.00105087   0.0106281 -0.00283418  0.00823521 -0.00287014   0.0109296
-0.000864549   0.00136464 -0.000817779   0.00397166  -0.00247624    0.0018375  -0.00244295   0.00423715
-0.00039643 -0.00549348 -0.00034081 -0.00324058 -0.00185945 -0.00511353 -0.00175047 -0.00301823
-0.000265742   -0.0122982 -0.000203376   -0.0104659   -0.0015425   -0.0119909  -0.00135863    -0.010287
 0.000266111   -0.0188682  0.000334902   -0.0174424 -0.000823166   -0.0186675 -0.000566727   -0.0173096
 0.000404484   -0.0252788  0.000477052    -0.024326 -0.000456052    -0.025159 -0.000130531   -0.0242394
0.000608841  -0.0307978 0.000683982  -0.0302738 -3.7891e-05  -0.0307573 0.000347289  -0.0302286
0.000924124  -0.0367619   0.0010069  -0.0365449 0.000411666  -0.0367908 0.000862441  -0.0365301
  0.0013205   -0.040434  0.00141065  -0.0404751 0.000941586  -0.0405314  0.00142902  -0.0404868
0.00202045 -0.0433195 0.00211727 -0.0434188 0.00165459 -0.0434817 0.00217336 -0.0434417
0.00317004 -0.0437684 0.00327085   -0.04381 0.00277806 -0.0440153 0.00330149 -0.0438367
 0.0037012 -0.0430515 0.00379944 -0.0431424 0.00335213 -0.0433496  0.0038654 -0.0431785
0.00447463  -0.040805 0.00457235 -0.0408236 0.00411633 -0.0411555 0.00459777 -0.0408658
0.00473111   -0.03667 0.00482292  -0.036719 0.00444386 -0.0370448 0.00487583 -0.0367679
0.00492287 -0.0311298 0.00500146 -0.0312029 0.00471721 -0.0315183 0.00508271 -0.0312503
 0.0040749 -0.0241604 0.00413203 -0.0244522  0.0040724 -0.0245063  0.0043547 -0.0244988
0.00411701 -0.0165662 0.00416147  -0.016764 0.00414336 -0.0168947 0.00433551  -0.016805
 0.00366982 -0.00753474  0.00368842 -0.00771819  0.00376858  -0.0078257  0.00385487 -0.00775033
0.00406366 0.00244524 0.00405523 0.00261111 0.00405296 0.00217323 0.00402557 0.00259413
0.00440267  0.0133541 0.00435613  0.0138754 0.00428065  0.0131008 0.00412593  0.0138805
0.00428296   0.024006  0.0041971  0.0247628  0.0041136  0.0237852 0.00382982  0.0247861
0.00410262  0.0345903 0.00397215  0.0355026 0.00393486  0.0343989 0.00351744  0.0355394
0.00360483  0.0443414  0.0034335  0.0452919 0.00349636  0.0441881 0.00294983   0.045339
0.00331227  0.0531482 0.00311164   0.054184 0.00323085  0.0530231 0.00257213  0.0542417
0.00323958  0.0608601 0.00300765  0.0620384 0.00314622   0.060755 0.00238842  0.0621063
0.00294283   0.067842 0.00267577  0.0690953 0.00286557  0.0677669 0.00201199  0.0691709
0.00272077  0.0741081 0.00241586  0.0754615 0.00263794  0.0740613 0.00169813  0.0755448
0.00287515  0.0799905 0.00254891  0.0815521 0.00273439  0.0799539  0.0017092  0.0816493
0.00284137  0.0854918 0.00248896  0.0872063 0.00266573  0.0854742 0.00155737  0.0873148
0.00315721  0.0916923 0.00280392  0.0937009 0.00288696  0.0916793 0.00169516  0.0938286
0.00316106  0.0983963 0.00280712   0.100683  0.0028108  0.0984096 0.00152018   0.100833
0.00395087   0.105092 0.00358284   0.107951 0.00337989   0.105096 0.00199564   0.108126
0.00427285    0.11238 0.00390003   0.115695 0.00355063   0.112397 0.00205317   0.115895
0.00427665   0.119899 0.00389245   0.123562  0.0034604   0.119947 0.00183583   0.123784
  0.003784   0.126278 0.00340795   0.130186 0.00291535    0.12639 0.00118632   0.130432
  0.00251796     0.131602   0.00214955     0.135498   0.00170692     0.131827 -0.000117523     0.135758
  0.00168261     0.135123     0.001318     0.138986  0.000890033     0.135422 -0.000983662      0.13925
0.000897775    0.137175 0.000541485    0.141001 0.000116868     0.13754 -0.00178907    0.141266
 0.000183285     0.138975 -0.000170659     0.142785 -0.000577342     0.139401  -0.00254745     0.143045
-0.000635351     0.140088  -0.00100211     0.143848  -0.00138163     0.140581  -0.00340505     0.144097
 -0.0019966    0.141379  -0.0023806    0.145098 -0.00270044    0.141992 -0.00480594    0.145335
-0.00278465    0.141462 -0.00317689    0.145263 -0.00352782    0.142163 -0.00570591     0.14549
-0.00362716    0.141099 -0.00402671    0.144968 -0.00438333    0.141899 -0.00667208    0.145174
-0.00340793    0.139239  -0.0037333    0.143459  -0.0042772    0.140082 -0.00663893    0.143668
-0.00363985    0.137955 -0.00391346    0.142413 -0.00456292    0.138872 -0.00699157    0.142622
-0.00400477    0.136045 -0.00424698    0.140643 -0.00496545    0.137037 -0.00744266    0.140842
 -0.0039509     0.13304 -0.00418002    0.137758 -0.00501052    0.134048 -0.00747161    0.137952
-0.00378557    0.128721 -0.00397907    0.133493 -0.00492215    0.129724 -0.00736815    0.133665
-0.00341429    0.123799 -0.00357421     0.12867 -0.00467963    0.124776  -0.0070756    0.128829
-0.00223626    0.117067 -0.00237052    0.122122 -0.00371588     0.11794 -0.00603336    0.122295
-0.00117956    0.109017 -0.00129058    0.114177 -0.00284491    0.109791 -0.00503616     0.11437
0.000218856   0.0999664 0.000109815    0.105343 -0.00170211    0.100623 -0.00373762    0.105586
  0.00125328    0.0908333   0.00115341    0.0963967 -0.000897082    0.0914074    -0.002759     0.096682
 0.00267366   0.0815452  0.00258723   0.0873564 0.000248979   0.0820018 -0.00143042   0.0876997
  0.00416988    0.0734293   0.00408686    0.0795249   0.00146445    0.0737663 -5.00642e-05    0.0799295
 0.00518847   0.0653895  0.00511246   0.0716477  0.00227082   0.0656477 0.000925045    0.072094
 0.0066785  0.0582039 0.00660594  0.0647323 0.00351212  0.0583439 0.00231284  0.0652361
0.00805788  0.0513631 0.00800118   0.058038 0.00470305  0.0513967  0.0036554  0.0586057
0.00993096  0.0464095 0.00987461  0.0533888 0.00634316  0.0463069 0.00540017  0.0540329
 0.0108472      0.043  0.0107928  0.0501078 0.00715106  0.0428324  0.0062743  0.0507917
 0.0122137  0.0408653  0.0121513  0.0482405 0.00835935  0.0406028 0.00752497  0.0489671
 0.0126401  0.0393522  0.0125531   0.046837  0.0087348  0.0390841 0.00792992  0.0475459
 0.0130666   0.038537  0.0129609  0.0460974 0.00913773  0.0382451 0.00834427  0.0467935
 0.0134482   0.038819  0.0133128  0.0464329 0.00952728  0.0385152 0.00871991  0.0471114
 0.0136992  0.0397427  0.0135376  0.0473192 0.00983867  0.0394221 0.00900079   0.047987
 0.0129758  0.0418829  0.0127679  0.0492703  0.0092519  0.0416503 0.00839393  0.0498481
 0.0125095  0.0453619  0.0122451  0.0525911 0.00892132  0.0451822 0.00801053  0.0530962
 0.0116915   0.048951  0.0113798  0.0560507 0.00821337  0.0488169 0.00724198  0.0564816
 0.0108243   0.052621  0.0104642  0.0595528 0.00747718  0.0525279 0.00644322  0.0599166
 0.0102177  0.0564737 0.00980234  0.0631303 0.00707351  0.0563962 0.00594217   0.063463
  0.010048  0.0609204 0.00956583  0.0674337 0.00705645  0.0608259 0.00581328  0.0677328
0.00902975  0.0663516 0.00845982  0.0724299 0.00633379   0.066298 0.00494889  0.0726921
0.00812323  0.0719107 0.00746502  0.0775531 0.00572538  0.0718808 0.00419489    0.07778
0.00674847  0.0765986 0.00598343  0.0816462 0.00469694  0.0766283 0.00304237  0.0818282
0.00565337  0.0814742 0.00478227  0.0859843 0.00392183  0.0815367 0.00213877  0.0861291
0.00491985  0.0869482 0.00392549  0.0909788 0.00347181  0.0870242 0.00155301   0.091095
0.00447926  0.0923621 0.00336169  0.0959998 0.00327679  0.0924319 0.00121729  0.0960936
 0.00323691   0.0980816  0.00194013    0.100944  0.00241293   0.0981759 0.000208678    0.101006
  0.00211627     0.104542  0.000651361     0.106628   0.00168334     0.104635 -0.000690582     0.106662
 0.000715471     0.110392 -0.000919338     0.111544  0.000714573     0.110477  -0.00182067     0.111546
-0.000625665     0.115952  -0.00240431     0.116148 -0.000148302     0.116009  -0.00285982     0.116115
 -0.0019948    0.120555  -0.0039064    0.119817  -0.0010583    0.120583 -0.00393606    0.119746
-0.00310076    0.124501 -0.00513333    0.122907 -0.00173567     0.12449 -0.00477063    0.122801
-0.00405366     0.12874 -0.00623455    0.126344 -0.00230257    0.128684 -0.00549408     0.12621
-0.00402095     0.13265 -0.00633514    0.129748 -0.00199863    0.132527 -0.00530668    0.129613
-0.00421137    0.137058 -0.00670715    0.133503 -0.00189175    0.136858 -0.00532774    0.133363
-0.00375166    0.141307 -0.00642387    0.137296 -0.00120072    0.141024 -0.00477487    0.137162
-0.00254694    0.145437 -0.00541611    0.141225 0.000119595    0.145074 -0.00358476    0.141117
-0.00121376    0.150003 -0.00427655    0.145715  0.00153831    0.149582 -0.00231531     0.14564
-0.000150186     0.154879  -0.00339552     0.150405    0.0027269     0.154405  -0.00131122      0.15035
 0.000954621     0.159468  -0.00245585     0.154872   0.00396064     0.158952 -0.000264803     0.154847
 0.00197414     0.16353 -0.00162209    0.158822  0.00511411    0.162974 0.000688056    0.158832
 0.00330256    0.167081 -0.00046134      0.1624  0.00654347    0.166493  0.00192558    0.162459
 0.00452925    0.169566 0.000653883    0.164969  0.00786737    0.168945  0.00305735    0.165077
  0.005677   0.170913 0.00168128   0.166488 0.00902078    0.17028 0.00409257   0.166641
0.00748015   0.171285 0.00343353   0.167356  0.0107409   0.170648 0.00572918   0.167574
0.00920516   0.171756 0.00509966   0.168351  0.0123466   0.171123 0.00724962   0.168634
 0.0110752   0.171721 0.00693947   0.168911  0.0140828   0.171089  0.0089118   0.169268
 0.0127515   0.170561 0.00861521   0.168354  0.0155963   0.169938  0.0104244   0.168766
0.0144785  0.168152 0.0103301  0.166587 0.0171207  0.167558 0.0119599  0.167063
0.0154677  0.164921 0.0113937  0.163766 0.0179837  0.164333  0.012863  0.164301
0.0161663  0.161149 0.0121642  0.160298 0.0185507  0.160598 0.0135037  0.160892
0.0166618  0.156358 0.0127712  0.155755 0.0189375  0.155834   0.01399   0.15641
0.0176038  0.150645 0.0138338  0.150451 0.0197322  0.150151 0.0149202  0.151176
0.0183135  0.144534 0.0146751  0.144644 0.0203286  0.144073 0.0156696  0.145437
0.0190684   0.13819 0.0155508  0.138566 0.0209802  0.137792 0.0165015  0.139432
0.0197994  0.131822 0.0164064  0.132504 0.0215873  0.131493 0.0172862  0.133448
0.0200793  0.126381 0.0167766  0.127209 0.0217665  0.126159 0.0176366  0.128213
0.0206312  0.120609 0.0174203  0.121737 0.0221786  0.120501 0.0182265  0.122799
 0.020712  0.115387 0.0175533   0.11669 0.0221547    0.1154  0.018355  0.117776
0.0202631  0.111367 0.0171386   0.11259 0.0216798  0.111492 0.0179916  0.113704
0.0187189  0.109083 0.0156009  0.109891 0.0202018   0.10922 0.0165592  0.110953
0.0170583  0.107564 0.0139244  0.107952  0.018607  0.107678 0.0149681  0.108946
0.0152083  0.107194 0.0120511  0.107063 0.0168455  0.107261 0.0131537  0.108002
0.0128167  0.107423  0.009622  0.106522 0.0146066  0.107421 0.0108441  0.107376
 0.0104827   0.108196 0.00724053   0.106521  0.0124283   0.108122 0.00859046   0.107271
0.00779297   0.109245  0.0045113   0.106568 0.00995613    0.10909 0.00604539   0.107197
0.00551165   0.110252 0.00219665   0.106629 0.00789784   0.110024 0.00394162   0.107149
 0.00357348    0.111473 0.000193316    0.106902   0.0062016    0.111176  0.00218084    0.107336
 0.00145195    0.112946 -0.00202873    0.107434   0.0042966    0.112559 0.000193929    0.107747
-0.000208052     0.114831  -0.00380619     0.108545   0.00280071     0.114368  -0.00140695     0.108764
 -0.0020415    0.117192 -0.00576463     0.11015  0.00110698    0.116642 -0.00321132    0.110252
 -0.00368244     0.119502  -0.00752235     0.111834 -0.000437705     0.118879  -0.00488281     0.111823
 -0.0046052    0.121804 -0.00860271    0.113844 -0.00137923    0.121146 -0.00596709    0.113776
-0.00600191    0.124832  -0.0101703    0.116318 -0.00273024    0.124105 -0.00747873    0.116155
-0.00642022    0.127949  -0.0107623    0.119249 -0.00317916      0.1272  -0.0081287    0.119038
 -0.0069476    0.131454  -0.0114486     0.12254 -0.00374134    0.130675 -0.00888085    0.122259
 -0.0062562    0.134858  -0.0109375    0.126227 -0.00319506    0.134117 -0.00856479    0.125955
-0.00577017    0.139215   -0.010685     0.13076 -0.00285415    0.138495 -0.00847594     0.13049
 -0.0044482    0.143722 -0.00962221    0.135847 -0.00178544    0.143083 -0.00767146    0.135648
-0.00383934    0.150089 -0.00935311    0.142429 -0.00136702    0.149481 -0.00759808    0.142235
 -0.00239451     0.157737  -0.00828235     0.150708 -0.000163673     0.157229  -0.00686867     0.150569
-0.00110234    0.165524 -0.00739538    0.159039 0.000892422    0.165103 -0.00629038    0.158949
0.000501321    0.172404 -0.00617298    0.166589  0.00226085    0.172094  -0.0053797    0.166584
 0.00150929    0.178736 -0.00554914     0.17321   0.0031365    0.178491 -0.00492343    0.173262
 0.00181836    0.185455 -0.00556387     0.17978  0.00345922    0.185221 -0.00506074     0.17983
 0.00271747     0.19115  -0.0049015    0.185569  0.00436995    0.190973 -0.00453549     0.18569
 0.00288036    0.197318 -0.00493537     0.19131  0.00465907    0.197141 -0.00465384     0.19144
 0.00277237    0.203131 -0.00524366    0.196554  0.00471365    0.202935 -0.00493709    0.196683
 0.00291758    0.207858  -0.0052314    0.200839  0.00503712    0.207661 -0.00494882    0.200997
 0.00317442    0.211432 -0.00506149    0.204045  0.00547747    0.211245  -0.0047777    0.204262
 0.00367304     0.21423 -0.00475232    0.206562   0.0060965    0.214075  -0.0044511    0.206873
 0.00427939    0.216776 -0.00430557    0.208923  0.00680688    0.216667 -0.00401932    0.209346
 0.00621089    0.218604 -0.00259508    0.211212  0.00870339    0.218666 -0.00245131    0.211941
  0.00810276     0.220952 -0.000934834     0.214049    0.0105235     0.221199  -0.00096099     0.215085
  0.0102624    0.222249 0.000908546       0.216   0.0125475    0.222725 0.000684459    0.217393
 0.0122848   0.222802 0.00267746   0.217204  0.0144425   0.223515 0.00226267   0.218959
 0.0145365   0.222973 0.00472791   0.218156  0.0165776   0.223959 0.00410492   0.220341
 0.0167141   0.222787 0.00673388   0.218716  0.0186858   0.224043 0.00591902   0.221359
 0.0183584   0.222101 0.00825915    0.21855  0.0202965   0.223591 0.00741249   0.221567
 0.0203053   0.220385  0.0101601   0.217477  0.0222438   0.222143 0.00924769   0.220973
0.0218062  0.218454 0.0116103  0.215994 0.0237823  0.220442 0.0107268  0.219895
0.0236395  0.215161 0.0134489  0.213317 0.0256364  0.217451 0.0126109  0.217723
0.0243883  0.211331   0.01424  0.209597 0.0265542  0.213754 0.0135363  0.214341
0.0254066  0.206841 0.0152876  0.205399 0.0276999  0.209461 0.0147188  0.210544
0.0259067  0.202325 0.0158727  0.200868 0.0283824  0.205097 0.0154903  0.206358
0.0260322  0.197239 0.0160988  0.195453 0.0287824  0.200154 0.0159994  0.201305
0.0258926  0.191865  0.016093  0.189636 0.0289571  0.194874 0.0163276  0.195803
0.0261889  0.186084  0.016521   0.18367 0.0295248   0.18927 0.0170665  0.190256
0.0262304  0.180769 0.0166791  0.178135 0.0298059  0.184098 0.0175248  0.185047
0.0265937  0.176802 0.0171354  0.174174 0.0303742  0.180247 0.0181159  0.181476
0.0266045  0.173931 0.0171776  0.171233 0.0305084  0.177469 0.0182657  0.178768
0.0258807  0.171235 0.0165073  0.168007 0.0299439  0.174808 0.0177917  0.175624
  0.02479  0.167856 0.0155033  0.163906 0.0291175  0.171335 0.0170663  0.171531
0.0237293  0.163911 0.0145598  0.159291 0.0282968  0.167318 0.0164114  0.166925
0.0221225  0.160452 0.0130417  0.154829 0.0269339  0.163734 0.0152221  0.162336
0.0206862    0.1571 0.0117509  0.150511 0.0257586  0.160254 0.0141804  0.157978
0.0189344  0.153896   0.01014   0.14617 0.0242914  0.156851 0.0128861  0.153472
 0.0172535   0.151115 0.00852309   0.142242   0.022896   0.153882  0.0115995   0.149393
 0.0152789   0.148929 0.00659753   0.138748  0.0211953   0.151445  0.0100108   0.145621
  0.014191   0.146167 0.00556086   0.135196  0.0203064   0.148591 0.00920431   0.142043
 0.0130331   0.144283 0.00442757   0.132556  0.0192789   0.146587 0.00823866   0.139274
 0.0122599   0.142133 0.00369666   0.129828  0.0186439   0.144382 0.00764925   0.136555
 0.0113376   0.141453 0.00273192   0.128569  0.0177837     0.1436 0.00679158   0.135143
 0.0110762   0.141218 0.00237456   0.128094  0.0175419   0.143387  0.0064295   0.134717
 0.0113034   0.142033 0.00242868    0.12902   0.017673   0.144322 0.00638355    0.13575
  0.012282   0.142488 0.00320586   0.130081  0.0185259   0.145026 0.00697764   0.137147
  0.013731    0.14264 0.00447741   0.131103  0.0198351   0.145547 0.00802197   0.138688
 0.0148577   0.143014 0.00542178   0.132201  0.0208133   0.146233 0.00876061   0.140181
 0.0162753   0.143865 0.00658993   0.133883  0.0220579   0.147498 0.00968908    0.14238
 0.0182102   0.144885 0.00824302   0.136146   0.023765   0.149043  0.0110117   0.145301
0.0208573  0.146315 0.0105931  0.139418 0.0260658  0.151157 0.0128154  0.149422
0.0234918  0.148031 0.0128981  0.143068 0.0283163  0.153548 0.0145226  0.153884
0.0263213  0.149846  0.015316  0.147013 0.0307074  0.156144 0.0163037  0.158715
0.0290431  0.152622 0.0175267  0.151975 0.0329198  0.159688 0.0178193  0.164429
0.0314238  0.154848 0.0194132  0.156184 0.0348287   0.16267 0.0190836  0.169336
0.0327618  0.156777 0.0203663  0.159348 0.0357958  0.165085  0.019491  0.172911
0.0340338  0.158101 0.0212596  0.161978 0.0366633  0.166926 0.0198522  0.175909
0.0347629  0.159581 0.0216477  0.164362 0.0370256  0.168771 0.0197203  0.178489
0.0356645  0.160867 0.0222023  0.166785  0.037531  0.170422 0.0197189  0.181103
 0.035948  0.163354 0.0220639  0.169931 0.0374128  0.173106 0.0189981  0.184164
0.0362173  0.165507 0.0219142   0.17277 0.0372885  0.175448 0.0183168  0.186875
0.0360094  0.168166 0.0212789  0.175731 0.0367041  0.178144  0.017158  0.189496
0.0362046  0.170362  0.021065   0.17854 0.0364958  0.180504 0.0162817  0.192191
0.0358194  0.173533 0.0201955  0.181919 0.0357018  0.183615 0.0147309    0.1951
0.0343849  0.177697 0.0181938  0.185458 0.0338165  0.187494 0.0121463  0.197619
 0.0329011   0.181027  0.0162362   0.188037  0.0319691   0.190501 0.00964493   0.199234
 0.0312114   0.184036  0.0140811   0.190157  0.0298993   0.193132 0.00703352   0.200225
 0.0295335   0.186647  0.0119838   0.191828   0.027904   0.195324 0.00448735   0.200788
 0.0275544   0.189475  0.0095643    0.19342  0.0256119   0.197642 0.00170249   0.201087
  0.0252276    0.192286  0.00684894    0.194585   0.0230313    0.199832 -0.00135407    0.200829
  0.0227137    0.194539   0.0039384    0.195014   0.0202621    0.201414 -0.00447125    0.199724
  0.0215375    0.195262  0.00248761    0.195067    0.018813    0.201845 -0.00624311    0.198875
  0.0204928    0.195894  0.00114762    0.195063   0.0175224    0.202217 -0.00779173    0.198059
  0.0205475    0.196099 0.000886372    0.195612   0.0172477    0.202503 -0.00844556    0.198247
  0.0205011    0.196705 0.000473052    0.196463   0.0168161    0.203164 -0.00925757    0.198632
  0.0217487    0.196003   0.0014054    0.197217   0.0176557    0.202937 -0.00889908    0.199543
   0.021808    0.196287  0.00108527    0.197879   0.0173144    0.203308 -0.00962985    0.199748
 0.0223757    0.19535 0.00145671   0.197684  0.0176071   0.202656 -0.0096578   0.199534
  0.0227674    0.194164   0.0016673    0.197102   0.0177623     0.20169 -0.00975776    0.198879
   0.023571    0.192241  0.00233288    0.196345     0.01827    0.200113 -0.00942345    0.198217
  0.0245345    0.190094   0.0032575     0.19549   0.0189507    0.198392 -0.00894395    0.197578
   0.026991    0.186321  0.00570447    0.194605   0.0210608    0.195588 -0.00700498    0.197713
  0.0293414    0.182276  0.00809417    0.193323   0.0231685    0.192486 -0.00509061    0.197512
 0.0323731   0.178449  0.0110506   0.193049  0.0258747   0.189833 -0.0027177   0.198573
   0.0351643     0.175467    0.0137528     0.193347    0.0283404     0.187947 -0.000692558     0.200091
 0.0378519    0.17348  0.0161757   0.194652  0.0306032   0.187017 0.00102148   0.202382
 0.0400047   0.172918  0.0180044   0.196754  0.0323468   0.187273 0.00205192   0.205146
 0.0422337   0.174053  0.0196122   0.200746  0.0340082   0.189207 0.00274688   0.209491
 0.0438737   0.176019   0.020632   0.204811  0.0351006   0.191828 0.00287093   0.213667
 0.0450074   0.179538  0.0209451   0.209964  0.0355696   0.195792 0.00229557   0.218368
 0.0458081   0.183452  0.0210102   0.215018  0.0358007   0.199944 0.00137352   0.222876
 0.0462747   0.187918  0.0207321   0.220178  0.0357504   0.204476 8.9992e-05   0.227301
  0.0479664    0.190752   0.0217882    0.224944   0.0370187    0.207863 8.59687e-05    0.232256
   0.0496862     0.194634    0.0226689     0.230903    0.0381673     0.212278 -0.000194744     0.238111
   0.0513261     0.197918    0.0235223     0.236075    0.0393584     0.216151 -0.000502432     0.243359
  0.0526855    0.202454   0.0240177    0.242196    0.040145    0.221132 -0.00125932    0.249166
  0.0543427    0.205428     0.02481    0.247184   0.0413201    0.224783 -0.00158771    0.254179
  0.0562761    0.208691   0.0258299    0.252878   0.0426336    0.228799 -0.00181974    0.259859
  0.0582588    0.211634   0.0268067    0.258328   0.0439871    0.232705 -0.00205816    0.265383
0.0599449  0.215157 0.0274507  0.264051 0.0450306  0.237009 -0.002582  0.270878
  0.0617246    0.216559   0.0283912    0.267778   0.0463212    0.239446 -0.00255842    0.274889
  0.0627111    0.218576   0.0285915    0.271119   0.0469213    0.242111 -0.00314182    0.278071
  0.0641411    0.219714   0.0292456    0.274028   0.0480332    0.244263 -0.00309472     0.28137
  0.0646042    0.222672   0.0287816    0.277478    0.048164    0.247848 -0.00411721    0.284438
  0.0661491    0.224471   0.0294563    0.281033   0.0493781    0.250817 -0.00416546    0.288487
  0.0664032    0.227865    0.028654    0.284501   0.0493751    0.254874 -0.00545388    0.291529
  0.0678595    0.229891   0.0290699    0.288135   0.0505664    0.258152 -0.00562819    0.295646
0.0689084  0.234034 0.0289242  0.293236 0.0513448   0.26306 -0.006471  0.300623
  0.0712166    0.235222   0.0303038    0.297089   0.0535292    0.265693 -0.00582992    0.305689
  0.0711643    0.239504   0.0290432    0.300918   0.0533818    0.270269 -0.00743949    0.308794
   0.070379    0.242633   0.0274926    0.302619    0.052621    0.273369 -0.00906029    0.309694
  0.0703536    0.242452   0.0271732     0.30201   0.0526924    0.273953 -0.00931648     0.30961
  0.0699088    0.240214   0.0267938    0.298895   0.0526261    0.272317 -0.00911881    0.307344
 0.0686362   0.235547  0.0260753   0.292218  0.0523472   0.267768 -0.0087393   0.301912
  0.0680392    0.228194   0.0264257    0.283816   0.0529335    0.261053 -0.00716268    0.295946
   0.065837    0.222145   0.0252406     0.27443   0.0520162    0.254818 -0.00685185     0.28796
  0.0641071    0.213764   0.0248783     0.26346   0.0518357    0.246461 -0.00552065    0.279342
  0.0617674    0.205587   0.0240955    0.251791   0.0511576    0.237892 -0.00450848    0.269787
 0.0596636   0.196447  0.0236875   0.239599  0.0507384   0.228516 -0.0029138   0.260096
    0.05911    0.184207   0.0251688    0.226682   0.0520007    0.216885 0.000390613    0.251402
 0.0584106   0.172287  0.0265479   0.213857  0.0531471   0.205415 0.00363026   0.242777
0.0585427  0.159836 0.0287396  0.201743 0.0550647  0.193902 0.0074745  0.235579
 0.059191  0.148243 0.0312822  0.191218 0.0573015   0.18349 0.0113615  0.230076
0.0605767  0.136509 0.0344759  0.181679 0.0601651  0.173416 0.0157284  0.226084
0.0626219  0.125696  0.038114  0.174031 0.0634521   0.16458 0.0201285  0.224103
 0.064586  0.115557 0.0415822  0.166921 0.0666608  0.156299 0.0243848   0.22253
 0.066424  0.107856 0.0445533  0.161949 0.0695127  0.150179 0.0278632  0.222287
0.0675454  0.102361 0.0465834  0.157852 0.0715817  0.145864 0.0302043  0.222311
0.0691139 0.0988419 0.0486548  0.156328  0.073776  0.143628 0.0321881  0.224392
0.0690867 0.0989219 0.0487283  0.155805 0.0742844  0.144088 0.0322279  0.225677
0.0692505 0.0996967 0.0488241  0.156309 0.0748227  0.145352 0.0322798  0.227539
0.0671592  0.103203 0.0465357  0.155887 0.0732628   0.14825 0.0302968  0.226854
 0.065274  0.106055  0.044495  0.155314  0.071861  0.150643 0.0285764  0.226049
 0.062373  0.109337 0.0415514  0.153486 0.0695803  0.153099  0.026299  0.223481
0.0596815   0.11241 0.0388251  0.151797 0.0674458  0.155502 0.0241315   0.22116
0.0561724  0.115523 0.0353365  0.148922 0.0646595  0.157653 0.0216335  0.217231
0.0534832  0.117753 0.0327215  0.146407 0.0626014   0.15947 0.0197775  0.214406
0.0496738  0.121124 0.0289139  0.143256    0.0595  0.161744 0.0169778  0.209937
0.0462604  0.124145 0.0255307  0.140309  0.056721  0.163926 0.0145305  0.205946
0.0420451  0.127409 0.0213971  0.136278 0.0532985   0.16587 0.0116217  0.200438
 0.0378966   0.131018  0.0173172   0.132492  0.0498865   0.168271 0.00865529   0.195229
 0.0323696   0.136515   0.011807   0.128052  0.0452089   0.171722 0.00449856   0.188176
  0.0278248     0.14256   0.0069838    0.125609   0.0412209    0.176226 0.000613745    0.183244
  0.0217709    0.152121 0.000340293    0.123694   0.0356264    0.183388 -0.00501133     0.17692
  0.0160163    0.163655 -0.00643776    0.123958   0.0300753    0.192489  -0.0111309     0.17197
 0.0101124    0.17697 -0.0136753   0.125456  0.0242708   0.203117 -0.0178673   0.167326
0.00471272   0.191434 -0.0207768   0.128728   0.018657   0.215044 -0.0247723   0.163936
-0.000885822     0.206342   -0.0281112     0.131875    0.0128803     0.227266   -0.0318522     0.160048
-0.00533255    0.220231  -0.0344188    0.135796  0.00810441    0.238996   -0.038184    0.157652
-0.00928726    0.233974  -0.0403052     0.14031  0.00366028    0.250791  -0.0442948    0.155891
  -0.0127034     0.247908    -0.045877     0.145675 -0.000469555     0.262928   -0.0502735     0.155019
 -0.0158339    0.262347  -0.0513359    0.152037 -0.00450521    0.275594  -0.0562738     0.15499
 -0.0181651      0.2734  -0.0555235     0.15648 -0.00747309    0.285412  -0.0608676    0.154766
 -0.0195149    0.282206  -0.0584474    0.160679 -0.00936298    0.293611  -0.0642947    0.155753
 -0.0192995    0.286555  -0.0593649    0.163229 -0.00959893    0.298254  -0.0657611    0.157544
 -0.0188313    0.289907  -0.0598057    0.165509 -0.00943459     0.30214  -0.0667243    0.159687
 -0.0167593    0.288395  -0.0580268    0.166244 -0.00748529    0.302264  -0.0655702    0.162957
 -0.0149752     0.28604   -0.056279    0.165863 -0.00565316    0.301461  -0.0642425    0.165288
 -0.0123537    0.280248  -0.0531459    0.164127 -0.00274328     0.29792  -0.0615273     0.16803
  -0.0101207     0.273921   -0.0501476     0.161502 -3.69484e-05     0.293705   -0.0586759     0.170148
-0.00689769     0.26345  -0.0455461    0.157045  0.00387944    0.286156    -0.05417    0.172659
-0.00437631    0.254037  -0.0416571    0.152499  0.00715254    0.279248  -0.0502445    0.174297
-0.000876887      0.24185   -0.0364582     0.147463      0.01149     0.270309   -0.0450735     0.177188
0.00216716   0.229312 -0.0314799   0.141516  0.0155226   0.260833 -0.0399665   0.179058
0.00553768     0.2144 -0.0257375   0.134307  0.0201056   0.249363  -0.034023   0.180848
0.00835008   0.200055 -0.0204829   0.126835  0.0242076   0.238105 -0.0284639   0.181853
 0.0116192    0.18316 -0.0143286   0.118198   0.029052   0.224697  -0.021911   0.183153
  0.0142951    0.168342 -0.00902999     0.11044   0.0330922    0.212882  -0.0162269    0.184062
  0.0176594    0.151846 -0.00288042    0.102697   0.0378514    0.199924 -0.00982501    0.186013
  0.0208907    0.134874  0.00331438   0.0944323   0.0425873    0.186482 -0.00330885    0.187727
 0.0243663   0.118711 0.00951284  0.0875284  0.0474018   0.173919 0.00292491   0.190405
 0.0281555   0.101426  0.0162371  0.0804138  0.0526355   0.160527 0.00955882   0.193683
0.0321425 0.0858075 0.0227022  0.075282 0.0577389  0.148863 0.0156401  0.198019
0.0352595 0.0721332 0.0280917 0.0701856 0.0619356  0.138548 0.0207795  0.201304
0.0380529 0.0611698 0.0325913 0.0668701 0.0655053  0.130655 0.0249401  0.204746
 0.040635 0.0503874 0.0369362 0.0633702 0.0689245   0.12274  0.028928  0.207983
0.0429114  0.040789 0.0407843 0.0603601 0.0719286  0.115895 0.0324768  0.210949
0.0442937  0.032511 0.0437016 0.0567784 0.0741106  0.109754 0.0353249  0.212592
0.0453676 0.0270514  0.045738 0.0549193  0.075667  0.106041 0.0371704  0.214256
0.0463756  0.021315 0.0478033 0.0527921 0.0772004  0.102117 0.0390244   0.21586
0.0465292 0.0182452 0.0486251 0.0512481 0.0777078  0.100203 0.0398036   0.21629
0.0458581 0.0177061  0.048296 0.0499851 0.0772247  0.100194 0.0395024  0.215639
0.0438817 0.0207442 0.0462044 0.0489361 0.0752664  0.102608 0.0376712   0.21309
 0.041744 0.0255147 0.0436083 0.0487709 0.0729315  0.106565 0.0352341  0.210542
0.0380411  0.033279 0.0392235 0.0476964 0.0690094  0.112106  0.031446  0.205291
0.0342273 0.0414327 0.0346651 0.0466835 0.0649519  0.117868  0.027521  0.199802
0.0304791 0.0493031 0.0302379 0.0454382 0.0609491  0.123409 0.0237091  0.194262
0.0264505 0.0583589 0.0253101 0.0445462 0.0565324  0.129837 0.0194546  0.188217
0.0223336 0.0671966 0.0203844 0.0432142  0.052106  0.135863 0.0152886  0.181833
0.0177065 0.0773672 0.0147789 0.0417386 0.0470674  0.142821 0.0106031  0.174497
    0.0132  0.0871991 0.00935709  0.0400872  0.0421713   0.149494 0.00608679   0.167251
 0.0089401  0.0971776  0.0040507   0.038976  0.0374112   0.156409 0.00158458   0.160418
  0.00523687     0.105977 -0.000597263    0.0380066    0.0332163     0.162567  -0.00243543      0.15443
 0.00157692    0.115409 -0.00537224   0.0375093   0.0289542    0.169245 -0.00664211     0.14852
-0.00164896    0.123647 -0.00957946   0.0369474   0.0251916    0.174996  -0.0103852    0.143131
-0.00426137    0.131625  -0.0133228   0.0374429   0.0218983     0.18091  -0.0139269    0.138957
-0.00628937    0.137441  -0.0161521   0.0374786   0.0193316    0.185164  -0.0166006    0.135517
-0.00827895    0.142703   -0.018809   0.0371791   0.0168809    0.188892  -0.0190968    0.131943
-0.0100993   0.148076 -0.0214081  0.0371943  0.0144926   0.192746 -0.0215655   0.128618
-0.0112038   0.152461 -0.0233212  0.0380036  0.0127597    0.19613 -0.0235746   0.126647
-0.0121665   0.155925 -0.0249063  0.0383646  0.0112807   0.198737 -0.0252676     0.1247
-0.0123059   0.158464 -0.0257418   0.039946  0.0105281   0.201037 -0.0265195   0.124424
-0.0120949   0.158593   -0.02574  0.0404086  0.0103783   0.201344 -0.0269103    0.12433
-0.0120628   0.159246 -0.0259985  0.0408414  0.0100176   0.201958 -0.0274828   0.123904
-0.0117428   0.158098  -0.025597  0.0405977  0.0101208   0.201146 -0.0273784   0.123811
-0.0114306   0.156991 -0.0252048  0.0403706  0.0102419   0.200363 -0.0272971   0.123692
-0.0105654   0.155398 -0.0243519  0.0410921  0.0108277   0.199533 -0.0269864   0.124762
-0.0098433     0.1549 -0.0238889  0.0422942  0.0111729   0.199568  -0.027043   0.125742
-0.00867057    0.153174  -0.0228374   0.0435662   0.0120115    0.198803  -0.0266586    0.127431
-0.00725267     0.15144  -0.0216379   0.0454202   0.0130634    0.198209  -0.0262544    0.129689
-0.00586348    0.149215  -0.0203175   0.0468926   0.0141667    0.197158  -0.0256761    0.131815
-0.00397588    0.147068  -0.0187425   0.0495708   0.0156297     0.19652  -0.0251197    0.135016
-0.00210325    0.144666  -0.0171197   0.0520521   0.0171068    0.195617  -0.0244757    0.138111
0.000567296    0.141704   -0.014905   0.0560041   0.0192174    0.194772  -0.0236126     0.14283
0.00269526   0.140191  -0.013419  0.0598119  0.0207448    0.19478 -0.0233368   0.146477
 0.0049423   0.139875 -0.0122291  0.0647672  0.0221492   0.195917 -0.0234829   0.150494
0.00661398    0.14055 -0.0116705  0.0691166   0.022965   0.197503   -0.02406    0.15327
0.00841374   0.142209 -0.0113423  0.0744813  0.0236807   0.200046 -0.0249776   0.156399
0.00991761   0.143632 -0.0111216  0.0790462  0.0242112   0.202137 -0.0258842   0.158738
 0.0113025   0.145569 -0.0111178  0.0837186  0.0245621   0.204617 -0.0269719   0.160887
 0.0122462   0.146378  -0.011053  0.0865793  0.0247617   0.205778 -0.0276739   0.161936
  0.013405   0.146763 -0.0107398  0.0897138   0.025169   0.206716  -0.028169   0.163477
 0.0141122   0.146803  -0.010579  0.0915758  0.0252974   0.207051 -0.0285456   0.164046
 0.0141883   0.147197 -0.0108219   0.092263   0.024964   0.207256 -0.0290531   0.163366
 0.0140308   0.147932 -0.0112983  0.0926177   0.024395   0.207634 -0.0296721    0.16226
 0.0132872    0.14878 -0.0121033  0.0917525  0.0234091   0.207667 -0.0303544   0.159901
 0.0121028   0.149845 -0.0132373  0.0899699  0.0220817   0.207536 -0.0310929   0.156615
 0.0107528   0.149254 -0.0139917  0.0866843  0.0208503    0.20582 -0.0312311   0.152808
0.00874847   0.149718 -0.0153879  0.0826401  0.0189678   0.204525 -0.0317604   0.147638
0.00694536   0.149425 -0.0164644  0.0785121  0.0173432   0.202705 -0.0319936   0.142855
0.00466407    0.15051 -0.0181674  0.0742215  0.0151406   0.201765  -0.032705   0.137192
0.00221846   0.150516  -0.019654  0.0688297  0.0129923   0.199707  -0.033025   0.131062
-0.000584483     0.150388   -0.0212877    0.0625349    0.0106065     0.197235   -0.0332767     0.124166
-0.00343439    0.149932  -0.0228553   0.0558763  0.00821605    0.194403  -0.0334117    0.117075
-0.00657831    0.149959  -0.0247141   0.0488582  0.00554659    0.191745  -0.0337168    0.109358
-0.00909551    0.149157   -0.026004   0.0426932  0.00343774    0.188784   -0.033705    0.102901
-0.0115848   0.148785 -0.0274005   0.036822 0.00126205   0.186179 -0.0338356  0.0964909
  -0.0134832     0.146403   -0.0279007    0.0310078 -0.000142398     0.182222   -0.0332174    0.0912686
  -0.015566    0.144693  -0.0286785   0.0252469 -0.00176678    0.178719  -0.0328434   0.0856939
 -0.0172902    0.142247  -0.0290467   0.0198654 -0.00302093    0.174821  -0.0321888   0.0808663
 -0.0183919    0.138822  -0.0288089   0.0153339 -0.00364617    0.170524  -0.0311858   0.0773275
 -0.0194194    0.134674  -0.0283286   0.0104561 -0.00411222    0.165576  -0.0299037   0.0738383
 -0.0202113    0.130493  -0.0277155  0.00611071 -0.00440645     0.16076  -0.0286031   0.0708676
 -0.0206148    0.125733  -0.0267301  0.00226165 -0.00431007    0.155712  -0.0270932   0.0686667
  -0.0208903     0.121732    -0.025895 -0.000769693  -0.00423847     0.151431   -0.0258555    0.0668049
 -0.0210505     0.11787  -0.0250355 -0.00347349  -0.0041026    0.147347  -0.0246645   0.0651805
 -0.0209571    0.114419  -0.0241656 -0.00527376 -0.00384385    0.143823  -0.0236287   0.0641322
 -0.0205939    0.111573  -0.0233368 -0.00603358 -0.00347503    0.141047   -0.022827   0.0636871
 -0.0201294      0.1093  -0.0226179 -0.00619679 -0.00312366    0.138859  -0.0222271   0.0635068
 -0.0195086    0.107406   -0.021928 -0.00575152 -0.00269808    0.137143  -0.0217726   0.0636861
 -0.0186144    0.105936  -0.0212208 -0.00439057 -0.00213503    0.136023  -0.0214692   0.0645009
 -0.0177382     0.10548  -0.0208191  -0.0024413 -0.00174833    0.135783  -0.0215307   0.0653277
 -0.0167618    0.106024  -0.0206587 0.000425531 -0.00143772     0.13653  -0.0219655   0.0664323
 -0.0155613    0.105839  -0.0201804  0.00333691 -0.00085784    0.136791  -0.0221459   0.0679483
  -0.0142424      0.10632   -0.0198425   0.00695678 -0.000293827     0.137726   -0.0225731    0.0697306
 -0.0129745     0.10733  -0.0196912   0.0107819 0.000146068    0.139084  -0.0231924   0.0714142
 -0.0118923    0.109249  -0.0199016    0.014739 0.000315834    0.141104  -0.0241429   0.0727242
 -0.0106496    0.111106  -0.0200221   0.0190368 0.000587334    0.143185   -0.025074   0.0743662
-0.00981937    0.113863  -0.0206263   0.0229423 0.000412959    0.145704  -0.0263335   0.0750876
-0.00908882     0.11602   -0.021114   0.0262367 0.000252011    0.147588  -0.0273777   0.0755177
-0.00827552    0.118094  -0.0215465   0.0297341 0.000153425    0.149445  -0.0284048   0.0760885
 -0.00763403     0.120311   -0.0221184    0.0329148 -0.000114224     0.151259   -0.0294866    0.0762299
 -0.00689491     0.122059   -0.0225136     0.036054 -0.000231388     0.152717   -0.0304115    0.0765155
 -0.00629477       0.1238   -0.0229898    0.0388562 -0.000463389     0.154027   -0.0313261     0.076478
 -0.0058321    0.124968  -0.0233656   0.0410139 -0.00069371    0.154713  -0.0320334   0.0761026
 -0.00535719     0.125487   -0.0235496    0.0427802 -0.000827898     0.154822   -0.0324975    0.0757277
-0.00508216    0.125941   -0.023813   0.0440315 -0.00110939    0.154701  -0.0329226    0.074926
-0.00482831    0.126017   -0.023976   0.0449784  -0.0013259     0.15424  -0.0332068   0.0740755
-0.00459062    0.125383  -0.0239245   0.0454469 -0.00144367    0.153163  -0.0332237   0.0732126
-0.00455642    0.125293  -0.0241362    0.045761 -0.00178874      0.1524  -0.0334231   0.0719474
-0.00459568    0.125166  -0.0243658   0.0458701 -0.00218028    0.151556  -0.0336033   0.0705331
-0.00455222    0.124823  -0.0244906   0.0460306 -0.00246202    0.150602   -0.033702   0.0693228
-0.00451789    0.123832  -0.0244264   0.0457736 -0.00265014    0.149067  -0.0335584   0.0680935
-0.00462825    0.123151  -0.0245217   0.0453625 -0.00298533      0.1477  -0.0335206   0.0665817
-0.00499673    0.122865   -0.024855    0.044574 -0.00357244    0.146484  -0.0336044   0.0645798
-0.00543832    0.121622  -0.0249364   0.0430059 -0.00405431    0.144369  -0.0333355   0.0623864
-0.00588237    0.120522  -0.0250488   0.0416329 -0.00455236    0.142395  -0.0331202   0.0602596
-0.00652787    0.118553  -0.0249984   0.0392225 -0.00503826    0.139503  -0.0325775   0.0576763
-0.00757633    0.117009  -0.0252674   0.0360973 -0.00587726    0.136668  -0.0321647   0.0542711
-0.00868052    0.114967  -0.0254105   0.0325209 -0.00666107    0.133371  -0.0315642   0.0507627
-0.00980045    0.112825  -0.0255227   0.0288618   -0.007451     0.12998  -0.0309162   0.0472726
 -0.0111379    0.109717  -0.0254558    0.024061 -0.00822848    0.125563  -0.0299046   0.0432833
 -0.0124862     0.10603   -0.025214   0.0189011 -0.00892327    0.120635  -0.0286769   0.0392832
 -0.0139874    0.102479  -0.0250839   0.0134345 -0.00974169    0.115714   -0.027487   0.0349761
-0.0154961  0.0985001 -0.0248232 0.00769247 -0.0104971   0.110414 -0.0261325   0.030679
-0.0169547  0.0944251 -0.0245063 0.00197932 -0.0111855   0.105088 -0.0247398  0.0265224
 -0.0184709   0.0907948  -0.0243438 -0.00358244  -0.0119833    0.100122  -0.0235071   0.0222702
 -0.0198156   0.0876931  -0.0242505 -0.00843493  -0.0127388   0.0957648  -0.0224691   0.0184269
-0.0209404  0.0850986 -0.0242005 -0.0124256 -0.0134063  0.0920541 -0.0216294  0.0150801
-0.0219627  0.0835162 -0.0244015  -0.015561 -0.0141686  0.0893048 -0.0211617   0.011976
-0.0226621   0.081406 -0.0242889 -0.0182597 -0.0145983   0.086366 -0.0205162   0.009534
-0.0232335  0.0797095 -0.0242331 -0.0203922 -0.0149942  0.0839116 -0.0200222 0.00741486
-0.0235469  0.0768913 -0.0237165 -0.0226293 -0.0150174  0.0806616 -0.0191196 0.00581505
-0.0238845  0.0739107 -0.0231646 -0.0250337 -0.0150293  0.0772427 -0.0181557 0.00414942
-0.0241854  0.0702537 -0.0223912 -0.0277608 -0.0148971  0.0732649 -0.0169396 0.00255716
-0.0242594  0.0660522 -0.0213444 -0.0302888  -0.014508  0.0689856 -0.0155271 0.00145504
 -0.0242691   0.0612125  -0.0200722  -0.0330732  -0.0139594    0.064193  -0.0138726 0.000480726
 -0.0238571   0.0558876  -0.0184639  -0.0351184  -0.0130325   0.0593021  -0.0120661 0.000375842
-0.0235618  0.0506727 -0.0169412 -0.0373965 -0.0122028  0.0544094 -0.0102891 2.1432e-05
 -0.0229088   0.0448235  -0.0150631  -0.0391978  -0.0110123   0.0492448  -0.0082992 0.000404647
 -0.0223646   0.0391228  -0.0132783  -0.0411872 -0.00991929   0.0441159 -0.00635213 0.000553641
 -0.0214397   0.0329935  -0.0111946  -0.0425014 -0.00848382   0.0389214   -0.004272  0.00149065
 -0.0206039    0.026752 -0.00911653  -0.0441158 -0.00708844   0.0335539 -0.00213963  0.00223893
 -0.0193171   0.0200128 -0.00669002   -0.044935 -0.00529547   0.0281043 0.000144971  0.00389626
 -0.0181016   0.0134427 -0.00434823  -0.0458289 -0.00358174   0.0227495  0.00236948  0.00539766
  -0.016765  0.00695674 -0.00196848  -0.0464033  -0.0017916   0.0175584  0.00456429  0.00715478
  -0.0154418  0.000529606  0.000395048   -0.0469892 -1.66906e-05    0.0124039   0.00674301   0.00889066
 -0.0140303 -0.00569712  0.00273957  -0.0472415  0.00178889  0.00750005  0.00884332   0.0108154
-0.0125892 -0.0116695 0.00502409 -0.0472706 0.00357577 0.00284287  0.0108505   0.012808
 -0.0110959  -0.0171999  0.00719985  -0.0469058  0.00532613 -0.00138129   0.0126918   0.0149154
-0.00969959  -0.0223099  0.00921782  -0.0465233  0.00695062 -0.00529232   0.0143914    0.016872
-0.00843185  -0.0267672   0.0109815  -0.0460467  0.00837639 -0.00872456   0.0158573   0.0185785
-0.0071173 -0.0309924  0.0126966 -0.0453171 0.00979527 -0.0119119  0.0172348   0.020378
-0.00607392  -0.0344712   0.0140592  -0.0447783   0.0108938  -0.0146589   0.0183471   0.0216337
-0.00491747  -0.0377625   0.0154176  -0.0438569   0.0120365  -0.0171584   0.0193826   0.0231179
-0.0040463 -0.0399708  0.0163149 -0.0429497   0.012791 -0.0189397  0.0200314  0.0240065
-0.00333706  -0.0420122   0.0170981  -0.0423252   0.0134162  -0.0206713    0.020631    0.024619
-0.0026997 -0.0435767  0.0177111 -0.0415822  0.0139189 -0.0220182  0.0210626  0.0251109
-0.00205236  -0.0450435   0.0182994  -0.0407504   0.0144078  -0.0232782   0.0214545   0.0256222
-0.00161284    -0.04586    0.018595  -0.0400099   0.0146389  -0.0241275   0.0216162   0.0257003
-0.00108995  -0.0469644   0.0190154  -0.0392476   0.0149753  -0.0251638   0.0218781   0.0259452
-0.000718504   -0.0478939    0.0193086   -0.0387335     0.015171   -0.0261686    0.0220803    0.0258575
-0.000459679   -0.0489724    0.0195888   -0.0385781     0.015301   -0.0274108    0.0223368     0.025522
-0.000389179   -0.0496265    0.0196471   -0.0386195    0.0152226   -0.0284273    0.0224429    0.0247868
-0.000448834   -0.0506103    0.0197431     -0.03917    0.0151045   -0.0298351    0.0226741    0.0237871
-0.00058543  -0.0513362   0.0197293  -0.0397616   0.0148989  -0.0310515   0.0228178   0.0226706
-0.00076752   -0.052408   0.0198103  -0.0406714   0.0147351   -0.032571   0.0230976   0.0215174
-0.000936638   -0.0531907    0.0198188   -0.0413805    0.0145442   -0.0338027     0.023277    0.0204302
-0.00132135  -0.0539852   0.0197398  -0.0426018   0.0142105  -0.0351955   0.0234745   0.0189521
-0.00159385   -0.054582    0.019662  -0.0434376   0.0139319  -0.0363113   0.0236009   0.0177176
-0.00193744  -0.0558805   0.0197834  -0.0448652   0.0137567  -0.0380274   0.0240015    0.016438
-0.00219399  -0.0568843   0.0198606   -0.045917   0.0135986  -0.0394091   0.0242948   0.0153374
-0.00265759  -0.0582172   0.0199586  -0.0476529   0.0133774  -0.0411881   0.0247283   0.0139028
-0.00310751  -0.0592932   0.0199823   -0.049234   0.0131214  -0.0427297   0.0250695   0.0125016
-0.00340327  -0.0612089   0.0203394  -0.0509646   0.0131351  -0.0448559   0.0257201   0.0114457
-0.00388192  -0.0610222   0.0199784  -0.0518747   0.0126638  -0.0452779   0.0256062   0.0100588
-0.00455497  -0.0601956   0.0193549  -0.0528297   0.0119639  -0.0452706   0.0252727  0.00835324
-0.00508751  -0.0586758   0.0185913  -0.0530398   0.0112471  -0.0445458   0.0246803  0.00695283
-0.0052883  -0.056986  0.0179314 -0.0523665  0.0107348 -0.0434126  0.0240102  0.0062374
-0.00543851  -0.0548419   0.0171625  -0.0512975   0.0101822  -0.0418393   0.0231722   0.0056413
-0.0056722 -0.0520752  0.0161827 -0.0500508 0.00947954 -0.0397598  0.0221177 0.00494366
-0.00585553   -0.048587   0.0150197  -0.0482576  0.00870116  -0.0369871   0.0208024  0.00441075
-0.00593755  -0.0448229   0.0138408  -0.0460708  0.00797577  -0.0338419    0.019395  0.00417858
-0.00591496   -0.040457   0.0125387  -0.0432942  0.00723499   -0.030058   0.0177703  0.00422809
-0.00630997  -0.0350432   0.0107492  -0.0408894  0.00604067  -0.0256578   0.0157959  0.00351775
-0.00641194  -0.0298535  0.00916698  -0.0379455  0.00510007  -0.0211965   0.0138948  0.00342831
-0.00656982  -0.0246683  0.00756882  -0.0351494  0.00412747  -0.0167747   0.0120053  0.00324752
-0.00655476   -0.019762  0.00613048  -0.0321236  0.00332261  -0.0124554   0.0102087  0.00340614
-0.00621033  -0.0151806  0.00493676  -0.0285075  0.00279571 -0.00816493   0.0085082  0.00420735
-0.00575663  -0.0104839  0.00376621  -0.0245773  0.00234112 -0.00365562  0.00676593  0.00527112
-0.00507463 -0.00653673  0.00292004   -0.020556  0.00217271  0.00038066  0.00528286  0.00678091
-0.00444724 -0.00300723  0.00217372   -0.016925   0.0020398  0.00401206  0.00395778   0.0081796
 -0.00378342 -0.000451606   0.00173682   -0.0138024   0.00210183   0.00682973   0.00299038   0.00965636
-0.00322162  0.00162222   0.0013926  -0.0112147  0.00216919  0.00913377  0.00220447   0.0108994
-0.00214972  0.00338124  0.00137523 -0.00759009  0.00265187   0.0115743   0.0015029   0.0131922
-0.000892325   0.00394531   0.00180379  -0.00424884   0.00347306    0.0131277   0.00123376    0.0158794
0.000100684  0.00400319  0.00227013 -0.00186245  0.00420388   0.0140519  0.00117371   0.0180624
 0.00100864  0.00360269  0.00282729 5.29092e-05   0.0049444   0.0144859  0.00128321   0.0200349
0.00207911 0.00306086 0.00350389 0.00227163 0.00582827  0.0149335 0.00143774   0.022356
0.00302452 0.00121046 0.00450788 0.00340813 0.00683675  0.0141144 0.00207662  0.0243802
 0.00475524 -0.00161629  0.00616237  0.00584038  0.00856125   0.0130438  0.00302963   0.0279888
 0.00600073 -0.00443583  0.00758879  0.00711323  0.00993711   0.0115757  0.00400705   0.0305812
 0.00772573 -0.00809382  0.00948397  0.00901794   0.0117858  0.00970866  0.00527014   0.0341083
0.00895469 -0.0122575  0.0112942 0.00943649  0.0133568 0.00698745 0.00674085  0.0365758
 0.0100202 -0.0160338  0.0129128 0.00969336  0.0147434 0.00446984 0.00808091  0.0386962
  0.010493 -0.0190814  0.0140332 0.00898298  0.0155759  0.0020806 0.00917964  0.0395653
   0.0109555   -0.0218344    0.0150652   0.00841616    0.0163549 -4.72931e-05    0.0101729    0.0404347
  0.0112367  -0.0246489   0.0160325  0.00738105   0.0170157 -0.00235151    0.011198   0.0409377
  0.0114843  -0.0270182   0.0168517  0.00653316   0.0175767 -0.00429361   0.0120662   0.0413625
  0.0112997  -0.0288394   0.0173023   0.0049927   0.0177296 -0.00610456   0.0127473   0.0408815
  0.0111988  -0.0301803   0.0176513  0.00393576   0.0178647 -0.00742025   0.0132554   0.0405758
  0.0106864   -0.031237   0.0177202  0.00207844   0.0176509 -0.00881499   0.0136709   0.0394079
  0.0102534  -0.0318017   0.0176804 0.000703969   0.0174121  -0.0097143   0.0139083   0.0383956
 0.00952995  -0.0323364   0.0174952 -0.00133146   0.0169577  -0.0108046   0.0141405   0.0367867
 0.00858658  -0.0325734   0.0171232 -0.00370368    0.016303  -0.0117677   0.0142703   0.0347604
 0.00726019  -0.0325354   0.0164878 -0.00680373   0.0153212  -0.0127867   0.0143038   0.0319395
 0.00590812  -0.0319061   0.0156634 -0.00960915    0.014219   -0.013311   0.0141203    0.029058
0.00429469 -0.0312919  0.0147236 -0.0130398  0.0129318 -0.0140288  0.0139454  0.0256495
0.00243919 -0.0299003  0.0134385 -0.0165807  0.0113398 -0.0142417  0.0134894  0.0217503
0.000483829  -0.0286159   0.0121397  -0.0204212  0.00969094  -0.0146227   0.0130701   0.0176445
-0.00143367  -0.0265985   0.0106353  -0.0237296  0.00794218  -0.0143382   0.0123741   0.0136155
-0.00337279  -0.0248036  0.00919205  -0.0272232  0.00621692  -0.0142556   0.0117586  0.00955385
-0.00513757  -0.0223436   0.0076247  -0.0299008  0.00450167  -0.0134635   0.0108875  0.00584475
-0.00670006   -0.020211  0.00625815   -0.032299  0.00299502  -0.0127895   0.0101334  0.00257945
 -0.00815536   -0.0176707   0.00481334   -0.0341995   0.00149534   -0.0116783   0.00922204 -0.000466751
-0.00958275  -0.0153951  0.00347338  -0.0362066 7.32446e-05  -0.0107575  0.00841467  -0.0034169
 -0.0109834  -0.0127826  0.00204246   -0.037953 -0.00138508 -0.00952864  0.00748296 -0.00630749
 -0.0122479  -0.0106765 0.000827968  -0.0396846 -0.00266315 -0.00865124  0.00673401  -0.0089331
  -0.0135152  -0.00836343 -0.000452681   -0.0413026  -0.00397998  -0.00760178   0.00590929   -0.0115698
 -0.0143917   -0.006673 -0.00137089  -0.0423602  -0.0049147 -0.00680488  0.00529852  -0.0134188
 -0.0152638 -0.00503174 -0.00226943  -0.0434444 -0.00583416 -0.00604739  0.00470976  -0.0152504
 -0.0156905 -0.00393351  -0.0028034   -0.043786 -0.00634431 -0.00542795  0.00430246  -0.0161774
 -0.0161009 -0.00283438 -0.00332912  -0.0440943 -0.00683984 -0.00480078  0.00389946  -0.0170663
  -0.016012 -0.00252227 -0.00339543  -0.0436723 -0.00685008 -0.00449383  0.00376585  -0.0169536
 -0.0159458 -0.00243026 -0.00340035  -0.0434454  -0.0068351 -0.00439598  0.00371959  -0.0168784
 -0.0156255 -0.00284333 -0.00313884  -0.0429122  -0.0065527 -0.00455262  0.00385201  -0.0162854
 -0.0153794 -0.00324361 -0.00290546  -0.0425655 -0.00631602 -0.00476062    0.003994  -0.0158235
 -0.0148108 -0.00426744 -0.00234546  -0.0418084 -0.00575104 -0.00527768  0.00434804  -0.0147282
 -0.0144374 -0.00521178  -0.0018897  -0.0414847 -0.00532957 -0.00586979  0.00468917  -0.0140065
 -0.0137473 -0.00685997 -0.00108053  -0.0408187 -0.00456468  -0.0068404  0.00527568   -0.012647
  -0.0131196  -0.00855668 -0.000281114   -0.0403373  -0.00383062  -0.00789615   0.00588753   -0.0113999
 -0.0121794  -0.0108465 0.000829989  -0.0394488 -0.00278349 -0.00924634  0.00669927  -0.0095486
 -0.0113565  -0.0131069   0.0018907  -0.0388344 -0.00181337  -0.0106442  0.00751262  -0.0079006
 -0.0102133  -0.0158578  0.00324048  -0.0377381 -0.00053389  -0.0122309  0.00849146 -0.00560893
-0.00924216  -0.0184074  0.00446132  -0.0369377 0.000600122  -0.0137546  0.00940855 -0.00363309
-0.00807945  -0.0214195  0.00590116  -0.0359418  0.00194082  -0.0155439   0.0104818  -0.0012937
-0.00692933  -0.0242553  0.00728818  -0.0348686  0.00325181  -0.0171697   0.0114936  0.00105247
-0.00553325  -0.0275789  0.00892794  -0.0334854  0.00481578  -0.0190344   0.0126698  0.00388105
-0.00423786  -0.0306175   0.0104472  -0.0321726   0.0062754  -0.0206915   0.0137507  0.00656404
-0.0029216 -0.0336686  0.0119689 -0.0308044 0.00773755 -0.0223609  0.0148258 0.00925106
-0.00174035  -0.0365339    0.013385  -0.0296443  0.00908793  -0.0239351   0.0158427   0.0117235
-0.000405322   -0.0395342    0.0149007   -0.0281801    0.0105577   -0.0255281    0.0168946    0.0144632
0.000890694  -0.0420227   0.0162498  -0.0264963   0.0119251  -0.0266745   0.0177612   0.0171747
0.00228791 -0.0443323  0.0175807 -0.0244443   0.013322 -0.0276042  0.0185511  0.0200411
0.00385449 -0.0462059  0.0188495 -0.0217346  0.0147614 -0.0280278  0.0191717  0.0232484
0.00560528 -0.0481983  0.0202357 -0.0186346  0.0163549 -0.0283974  0.0198273  0.0268305
0.00737326 -0.0499006  0.0215434 -0.0153249  0.0179178 -0.0284813   0.020378   0.030475
 0.0088072 -0.0509631  0.0225038 -0.0124376  0.0191276 -0.0282758  0.0207053  0.0334183
  0.0101156    -0.05162   0.0232856 -0.00959982   0.0201827  -0.0277972   0.0208868   0.0361273
  0.0109688  -0.0516503   0.0236655 -0.00746619   0.0207935  -0.0271494    0.020851    0.037855
  0.0118532  -0.0514769   0.0239992 -0.00513997   0.0213959  -0.0262912   0.0207411     0.03967
  0.0124098  -0.0505274   0.0239475 -0.00314647   0.0216284  -0.0250156   0.0203593   0.0407948
   0.0129391   -0.0491204     0.023748 -0.000951275    0.0217709   -0.0233429    0.0198125    0.0419035
