1.76554e-39 1.76554e-39 1.76554e-39 1.76554e-39 1.76554e-39 1.76554e-39 1.76554e-39 1.76554e-39
-3.80646  149.928 -3.70631 -162.225  -5.3808  158.035 -5.13691 -154.356
-3.80293  149.826 -3.71185 -162.238 -5.36885  158.022 -5.12622 -154.338
-3.79977  149.819 -3.71532 -162.245  -5.3451  158.016 -5.11655 -154.345
 -3.7964  149.702 -3.73499 -162.225 -5.31501   158.01 -5.09519 -154.352
-3.79307  149.695 -3.75211 -162.231 -5.30068  158.003 -5.07381 -154.355
-3.78958  149.814 -3.77003 -162.237  -5.2923      158 -5.06083 -154.376
-3.79177   149.81  -3.7729 -162.241 -5.27476  157.997 -5.06179 -154.378
-3.80516  149.754 -3.77417 -162.341  -5.2818  157.994  -5.0666  -154.38
-3.81544  149.748 -3.77588 -162.347  -5.2881   157.99 -5.06578 -154.384
-3.82075  149.702 -3.77376  -162.48 -5.29385  157.986 -5.06105 -154.388
-3.82578  149.693 -3.76504 -162.487 -5.30129  157.982 -5.06464 -154.392
-3.80311   149.61 -3.74184   -162.5 -5.28925  157.975 -5.06827 -154.399
-3.78311  149.599 -3.73001 -162.508 -5.28817  157.968 -5.07408 -154.429
-3.77225  149.587 -3.70686  -162.53 -5.29721  157.841 -5.07744 -154.439
-3.76944  149.578 -3.70345 -162.543 -5.30121  157.832 -5.09142 -154.479
-3.76031  149.564 -3.69045 -162.562 -5.31178  157.817 -5.10162 -154.489
-3.76068  149.549 -3.70202 -162.587 -5.31792  157.805 -5.11601 -154.546
-3.74186  149.327 -3.70565 -162.604 -5.34347  157.777 -5.12385  -154.56
-3.72722  149.309 -3.72553  -162.65 -5.36339  157.763 -5.13638 -154.592
-3.72846  149.165 -3.73228 -162.666 -5.36085  157.739 -5.14344  -154.61
-3.72785  149.143 -3.77586 -162.725 -5.35842  157.719  -5.1489 -154.637
-3.80745  148.809 -3.80448 -162.734 -5.33345  157.625 -5.15105 -154.657
-3.86988  148.788  -3.8747 -162.803 -5.31556  157.601 -5.18488 -154.793
 -3.9276    148.7 -3.92999  -162.81 -5.29629  157.574 -5.21365 -154.816
-3.97292  148.672 -4.01749 -162.901 -5.27098  157.545 -5.22782 -154.903
-3.98396  148.639  -4.0797 -162.917 -5.24967  157.513 -5.23939 -154.933
-3.99482  148.609 -4.16054 -163.006 -5.24572  157.482 -5.22472 -155.035
-4.00105  148.566 -4.23091 -163.027 -5.23768  157.447 -5.21252  -155.07
      -4  148.532 -4.30101 -163.097 -5.23059  157.413 -5.20745 -155.172
-3.99689  148.445 -4.36949 -163.117 -5.21622  157.378 -5.20081 -155.205
-3.99801   148.41 -4.43296 -163.185 -5.20986  157.344 -5.18241 -155.282
-4.00568  148.245  -4.4897  -163.21 -5.20556  157.308 -5.16793 -155.317
-4.01734  148.207 -4.54221 -163.267   -5.202  157.271 -5.15832 -155.466
-4.00044  148.132 -4.59799 -163.289 -5.20677  157.233 -5.15432 -155.503
-3.98862  148.092 -4.64422 -163.343 -5.20771  157.193 -5.15161 -155.585
 -3.9959  148.043 -4.69323 -163.373 -5.21875  157.019 -5.14398 -155.624
-4.00619  148.001 -4.73026 -163.439 -5.22728  156.978 -5.14405 -155.665
-4.00943  147.927  -4.7635 -163.478 -5.23692  156.936 -5.14257 -155.826
-4.01438  147.884 -4.76303  -163.52 -5.24963  156.899 -5.13912 -155.867
-4.00373  147.801 -4.76175 -163.545 -5.25562  156.851 -5.13296 -156.019
-4.00743   147.76 -4.76043 -163.587 -5.26378  156.811 -5.12505 -156.064
-3.99458  147.664 -4.75479 -163.737 -5.25076  156.742 -5.14346 -156.242
-3.98519   147.62 -4.75179 -163.781 -5.24171  156.698 -5.15793 -156.287
-3.97056  147.488 -4.70505 -163.995 -5.21575  156.633 -5.16911 -156.334
-3.95698   147.44 -4.66063 -164.038 -5.19354  156.589 -5.17617 -156.382
-3.94132  147.371 -4.59846 -164.119 -5.15758  156.517 -5.17522 -156.431
-3.92526   147.32 -4.53934 -164.163  -5.1338   156.47 -5.16999 -156.483
-3.92339  147.255 -4.46566 -164.273  -5.0985  156.391 -5.14718 -156.961
-3.91755  147.203 -4.39825 -164.318 -5.06648  156.345 -5.11583 -157.018
 -3.9062  147.069 -4.32682 -164.405 -5.01915  156.263 -5.11976 -157.114
-3.89268  147.014 -4.26231 -164.452 -4.97349  156.221 -5.11541 -157.171
-3.85804  146.873 -4.19663 -164.548 -4.90924   156.13 -5.10371  -157.22
-3.82336  146.817 -4.12942 -164.588 -4.85584  156.091  -5.0979 -157.279
-3.78636  146.751 -4.07337 -164.696 -4.78856   155.99 -5.07102  -157.39
-3.74746  146.696 -4.01812 -164.737 -4.71769  155.948 -5.04627 -157.446
-3.73196  146.616 -3.95514  -164.84 -4.64602  155.859 -4.97493 -157.572
-3.71313  146.557 -3.89623 -164.886 -4.57208  155.816 -4.91091 -157.632
-3.69933  146.498 -3.82963 -164.986 -4.49087  155.724  -4.8708 -157.721
-3.68731  146.437 -3.77657 -165.043 -4.41141  155.686 -4.83406 -157.779
-3.67417  146.305 -3.73931 -165.123 -4.32423  155.595 -4.78236 -157.878
-3.65841   146.24 -3.71548 -165.177 -4.24558  155.555 -4.74177 -157.937
-3.65924  146.097 -3.66367 -165.272  -4.1533  155.452 -4.68252 -158.035
 -3.6519   146.03 -3.62449 -165.332 -4.07526  155.399 -4.63663 -158.088
-3.64386  145.972 -3.55043 -165.454 -3.98924  155.299 -4.56761 -158.194
-3.63281  145.899 -3.49341 -165.521 -3.92126  155.251 -4.51211 -158.255
-3.62711  145.823 -3.40628 -165.647 -3.84186  155.151 -4.43996 -158.355
-3.62207  145.748  -3.3261 -165.713 -3.78197  155.085 -4.37932 -158.403
-3.61336  145.665 -3.26663  -165.81 -3.71036   154.99 -4.31343 -158.503
-3.60623  145.589 -3.21122 -165.875  -3.6696  154.919 -4.25799 -158.574
-3.58372   145.39 -3.15411 -165.988 -3.61386  154.831 -4.20003 -158.669
-3.56581  145.309 -3.10787 -166.065 -3.59405  154.755 -4.15149  -158.74
 -3.5448  145.229 -3.06819 -166.155  -3.5628   154.67 -4.09544 -158.829
-3.53041  145.146 -3.05121 -166.246 -3.55573  154.586  -4.0561 -158.905
-3.52805  145.042 -3.03351 -166.327 -3.55438  154.508  -4.0163 -158.994
-3.52605  144.959  -3.0288  -166.42 -3.56575  154.428 -3.98463 -159.081
-3.52366   144.84 -3.00993 -166.517 -3.56634  154.346 -3.95359  -159.17
-3.52029  144.752 -3.00906   -166.6 -3.58025  154.241 -3.93068 -159.257
-3.52595   144.39 -3.00154 -166.688 -3.58978   154.16 -3.89793 -159.347
-3.52974  144.298 -3.00451 -166.778 -3.61331  154.047   -3.867 -159.439
 -3.5184  144.205 -2.99172 -166.872 -3.62366  153.972 -3.84202 -159.532
-3.49282  144.112 -2.98176 -166.966 -3.65478  153.865 -3.82642  -159.63
-3.47437  144.013  -2.9667 -167.064 -3.67032  153.772 -3.82225 -159.728
-3.44751  143.915 -2.95109 -167.164 -3.71795  153.646  -3.8137 -159.829
-3.44547  143.814 -2.94218  -167.27 -3.74365  153.561 -3.80763 -159.931
-3.42853  143.714 -2.92394 -167.372 -3.81043   153.42  -3.7987 -160.039
-3.42927  143.605  -2.9259 -167.484 -3.86181  153.326 -3.83847  -160.19
-3.38694  143.421 -2.93294 -167.594 -3.94072  153.178 -3.87842 -160.298
-3.35612   143.31 -2.94501 -167.722 -4.00336   153.09 -3.89159  -160.41
-3.33654   143.18 -2.95661 -167.836 -4.09929  152.942 -3.90563 -160.521
-3.32462  143.063 -2.95815 -167.959 -4.17909  152.852  -3.9554 -160.786
-3.32225  142.944 -2.95889 -168.075 -4.26756  152.696 -4.00002 -160.902
-3.34018  142.825 -2.98019 -168.203 -4.34428  152.611 -3.99903 -161.018
-3.35744  142.708  -2.9932 -168.316 -4.43583  152.461 -4.00475 -161.139
-3.39399  142.582 -3.02032 -168.462 -4.51806  152.364 -3.96021 -161.456
-3.39938  142.454 -3.04095 -168.583 -4.61302  152.201 -3.92081  -161.58
-3.42943  142.336 -3.08045 -168.739 -4.68399  152.099 -3.87543 -161.708
-3.44215  142.205 -3.10986 -168.867 -4.77557  151.931 -3.84886 -161.835
-3.45509  142.068 -3.13275 -169.002 -4.83208  151.813  -3.8176 -161.985
-3.44359  141.923 -3.13706 -169.139  -4.9144  151.651 -3.81312 -162.114
-3.45535  141.801 -3.14455 -169.277 -4.95905  151.528 -3.77009 -162.269
-3.44951  141.662 -3.12911  -169.42 -5.03166   151.37 -3.75322 -162.408
-3.45968  141.506 -3.11425 -169.565 -5.08051  151.242 -3.72933 -162.561
-3.45491  141.354 -3.09203 -169.714 -5.13369  151.086 -3.74706 -162.704
-3.48307  141.181 -3.09268 -169.861 -5.16745  150.954 -3.75541 -162.855
-3.49166  141.034 -3.07254 -170.016 -5.20921  150.785 -3.79633 -163.047
-3.51816  140.855 -3.04124 -170.169 -5.22974  150.646 -3.82294 -163.192
-3.52759  140.718 -3.02291 -170.322 -5.25769  150.476 -3.82556 -163.336
-3.54591  140.551 -3.01122 -170.505 -5.27409  150.328 -3.82541 -163.493
-3.55166  140.396 -3.00357 -170.663 -5.28794  150.162 -3.81884 -163.743
-3.53415  140.125 -2.98761 -170.917 -5.29365  150.007 -3.80956 -163.901
-3.50215  139.942 -2.97202 -171.077  -5.3096  149.843  -3.7843 -164.062
-3.50472  139.816 -2.97376 -171.512 -5.30773  149.676 -3.75413 -164.228
-3.50314  139.644 -2.96462 -171.675 -5.32784  149.504  -3.7284 -164.395
-3.50444  139.515   -2.976 -171.863  -5.3404  149.341 -3.71233  -164.56
-3.51321  139.342 -2.97974 -172.031 -5.34459  149.175 -3.69245 -164.727
-3.51193  139.189 -2.98574 -172.335 -5.32102  149.008 -3.66951 -164.895
-3.51433  139.022  -2.9831 -172.503 -5.29795  148.841  -3.6609 -165.057
-3.50018  138.852 -2.98013 -172.879 -5.28055  148.676 -3.64894 -165.223
-3.48142  138.676 -2.97769 -173.048 -5.26726  148.509 -3.64657 -165.387
-3.45875  138.506 -2.95544 -173.491 -5.25938   148.34 -3.64047 -165.558
-3.45107  138.334 -2.93593 -173.665 -5.24936  148.171 -3.64261 -165.728
-3.44207   138.16 -2.95835 -173.826 -5.24542  147.998 -3.64397 -165.902
-3.41559  137.984 -2.97844 -173.998 -5.25357  147.829 -3.62902 -166.086
-3.39301  137.812 -2.94416 -173.959 -5.25775  147.659  -3.6155  -166.26
-3.36581  137.624  -2.9068 -174.133 -5.26941   147.47 -3.56618 -166.525
-3.34301  137.449 -2.90114 -174.206 -5.28007  147.298 -3.52354   -166.7
-3.31985  137.269 -2.89464 -174.385 -5.28323  147.169 -3.47122 -166.874
-3.30873  137.094 -2.92355 -174.328 -5.28436  146.996 -3.43405  -167.05
   -3.35  136.846 -2.95117 -174.505 -5.27062  146.794 -3.41396 -167.224
-3.37217  136.673 -2.99108 -174.374 -5.25819  146.618 -3.38004 -167.404
-3.38876  136.511  -3.0305  -174.55 -5.23646  146.441 -3.35184 -167.579
-3.40107  136.331  -3.0287 -174.647 -5.21206  146.262 -3.32291 -167.764
-3.46624  136.114 -3.02583 -174.829  -5.1971   146.08   -3.312 -167.954
-3.51746  135.929 -3.02528 -175.029 -5.17232    145.9  -3.2871 -168.137
-3.45594  135.759 -3.02505 -175.213 -5.16646  145.719 -3.27231  -168.32
-3.40755  135.576 -3.02183 -175.361 -5.16598   145.54 -3.26176   -168.5
-3.38005  135.389 -3.01951 -175.547 -5.14842  145.351 -3.23415 -168.687
-3.37033  135.201 -3.01829 -175.736 -5.14024   145.17 -3.21547 -168.872
-3.36628  135.013 -3.01614 -175.924  -5.1082  144.969 -3.17827 -169.064
 -3.3675  134.819 -3.02613 -176.235 -5.08148  144.782 -3.15231 -169.254
-3.36608  134.629 -3.03023 -176.426  -5.0515  144.583 -3.12023 -169.446
-3.35969  134.036 -3.01958 -176.978 -5.02788  144.397 -3.10325 -169.635
-3.35873   133.84  -3.0008 -177.175 -4.99783   144.19 -3.08612 -169.833
-3.33328  133.121 -2.96991 -177.374 -4.97535  143.998 -3.07278 -170.025
-3.30745  132.919 -2.93581 -177.571 -4.94412  143.786 -3.04829  -170.23
-3.28487  132.649 -2.91253  -177.78 -4.92467  143.586 -3.03163 -170.435
-3.26149  132.439 -2.87462 -177.995 -4.89324  143.362  -3.0245 -170.634
-3.25926  132.237 -2.85114 -178.208 -4.87523  143.156 -3.00663 -170.841
-3.25994  132.023 -2.84373 -178.417 -4.84229  142.934 -2.97675 -171.053
-3.28801  131.679 -2.86832 -178.625 -4.81998  142.722 -2.93639 -171.272
-3.31262   131.46 -2.83617 -178.865 -4.78575  142.492 -2.91314 -171.493
-3.32926  131.217 -2.83349 -179.084 -4.77004  142.272 -2.88222 -171.716
 -3.3373  130.991 -2.74852 -179.343 -4.75754  142.047 -2.85743 -171.942
-3.32166  130.763  -2.6945 -179.551  -4.7521   141.82 -2.82695 -172.171
-3.29769  130.536 -2.66345 -179.818 -4.75618  141.591 -2.80832 -172.398
-3.28611  130.309 -2.63041  179.955 -4.75316  141.359 -2.77864  -172.63
-3.27798  130.078 -2.61746   179.72 -4.75282  141.123 -2.74938 -172.859
-3.24819  129.792 -2.60512  179.492 -4.73982  140.889 -2.72991 -173.109
-3.22215  129.559  -2.5735  179.255 -4.72671  140.661 -2.70808 -173.344
 -3.2118  129.321 -2.54525  179.024 -4.71812  140.423 -2.68136  -173.59
-3.20286  129.095 -2.50884   178.79 -4.70819  140.191  -2.6565 -173.824
-3.16659  128.828 -2.47562  178.558 -4.69697  139.952 -2.62143 -174.061
-3.14321  128.598 -2.44438  178.323  -4.6869  139.716 -2.58721 -174.298
-3.08133  128.311 -2.42102  178.085 -4.66726  139.477 -2.55828 -174.543
-3.02692  128.078 -2.40391  177.846 -4.65953  139.237 -2.52897  -174.78
-2.94476    127.8 -2.32964  177.566  -4.6559  138.993 -2.50777 -175.024
-2.87584  127.562 -2.28576  177.323 -4.65763  138.735 -2.48048 -175.268
-2.82342   127.31 -2.24969  177.073 -4.65707  138.486 -2.44296 -175.518
-2.77692  127.061 -2.23797  176.825  -4.6581  138.188 -2.42105  -175.77
-2.76305  126.814 -2.25412  176.586  -4.6546  137.941 -2.39441 -176.017
-2.76086  126.569 -2.26937  176.338 -4.61594  137.817 -2.35862 -176.264
-2.75428  126.323 -2.27969   176.09  -4.5828  137.568 -2.32367 -176.514
 -2.7438  126.075 -2.27805  175.843 -4.57146  137.313 -2.27037 -176.766
-2.75105  125.836 -2.27506  175.598 -4.55847  137.064 -2.21775 -177.015
-2.75678  125.586 -2.26614  175.351 -4.58847  136.884  -2.1792 -177.259
-2.75488  125.336 -2.25397  174.808 -4.61161   136.63 -2.12323 -177.518
-2.75701   125.08 -2.24536  174.555 -4.66631  136.445 -2.04901 -177.771
-2.67656  124.715 -2.23737  174.447  -4.7169  136.186 -1.97996 -178.008
 -2.6158  124.462 -2.22849  174.196 -4.77835  135.984  -1.9384 -178.255
 -2.5798  124.215 -2.22151  173.918 -4.83048  135.731 -1.89471 -178.507
-2.56826  123.963 -2.21571   173.67 -4.83904  135.469 -1.85623 -178.764
-2.56169  123.708 -2.23948  173.165 -4.84869  135.217 -1.78646  -178.91
-2.55932  123.456 -2.26468  172.919 -4.84261  134.963 -1.72379 -179.169
-2.55869  123.217 -2.27805  172.827  -4.8246  134.709 -1.63341 -179.362
-2.55874  122.968 -2.28876  172.578   -4.804  134.458 -1.56188 -179.623
-2.55381  122.719 -2.25959  172.323 -4.79387  134.208 -1.50429 -179.875
-2.54363  122.467 -2.23319   172.07 -4.79514  133.958 -1.47596  179.874
-2.53126  122.211 -2.20729  171.824 -4.77934  133.539  -1.4347   179.62
-2.52875  121.955  -2.1717  171.565 -4.76213   133.29 -1.40061  179.365
-2.53954  121.698 -2.15285  171.315 -4.74186  132.923 -1.37477  179.107
 -2.5395  121.442 -2.11084  171.056 -4.72551  132.671 -1.33928  178.845
-2.54787  121.158 -2.10702  170.799 -4.66313   132.11  -1.2954  178.584
-2.55207  120.893 -2.06148  170.528 -4.61083  131.839 -1.24188  178.318
-2.55919  120.605 -2.03672   170.28 -4.58921  131.547 -1.20151  178.048
-2.55865  120.334 -1.97884  169.994 -4.56256  131.276 -1.16356  177.776
-2.59639  120.027 -1.90741  169.736 -4.54777  131.002 -1.14216  177.504
-2.60873  119.757 -1.84122  169.437  -4.5343  130.726  -1.1105  177.229
 -2.6362  119.453 -1.76925   169.18 -4.51623   130.42 -1.07091  176.952
-2.64691  119.175 -1.71091  168.885 -4.49275  130.141 -1.01918   176.68
-2.68472  118.775 -1.64278  168.604 -4.42866  129.813 -1.05612  176.317
-2.71083  118.492 -1.57003  168.301  -4.3745  129.526  -1.0774  176.039
-2.69649  118.196 -1.49931  168.015 -4.36221   129.25 -1.10755  175.634
-2.67305  117.906 -1.42669  167.715  -4.3509  128.965 -1.13301  175.355
-2.67147  117.599 -1.36842  167.431 -4.34248   128.65 -1.08154  174.978
-2.65114  117.308 -1.28204  167.109  -4.3351   128.36 -1.02898  174.685
-2.67096  116.985 -1.21753  166.829 -4.32784  128.033 -0.96527  174.359
 -2.67266   116.694  -1.14865   166.519  -4.31612   127.741 -0.901852   174.067
 -2.71254   116.321    -1.073   166.245  -4.29617    127.43 -0.843052   173.771
 -2.73242    116.03 -0.994606   165.928  -4.27378   127.137 -0.784136   173.481
  -2.7603   115.719 -0.915522   165.642   -4.2283   126.828 -0.716835   173.182
 -2.77264   115.434 -0.831329   165.339   -4.1857   126.535  -0.64341   172.885
 -2.86089   115.048 -0.750512   165.041  -4.12996   126.204 -0.565106   172.583
 -2.92171    114.78 -0.691887   164.733  -4.08297   125.897 -0.484172   172.278
 -3.00367   114.414 -0.651948   164.429  -4.03587   125.596 -0.397451   171.973
 -3.05321   114.123 -0.620642   164.126  -4.02097   125.294 -0.315692   171.675
 -3.10086   113.768 -0.588406   163.819  -4.02128   124.992 -0.237012   171.366
 -3.13688   113.467 -0.551444   163.515  -4.02292   124.707  -0.15565   171.066
  -3.18909    113.141  -0.506796    163.209   -4.02601    124.402 -0.0898983    170.756
  -3.21551    112.838  -0.453678    162.905   -3.99558    123.949 -0.0343724    170.451
 -3.28438   112.493 -0.401444   162.594  -3.96633   123.638 0.0184669   170.148
 -3.34138   112.198 -0.347559   162.284   -3.9296    123.33 0.0928408   169.833
  -3.4062   111.856 -0.283371   161.965  -3.87728   123.025  0.173838   169.526
 -3.45039   111.566 -0.218733   161.651   -3.8368   122.717  0.248859   169.214
-3.51094  111.206 -0.19572  161.337 -3.80409  122.406 0.343234  168.901
 -3.54663   110.908 -0.164005   161.024  -3.78575   122.086  0.429338   168.582
 -3.58883   110.591 -0.110732   160.704  -3.79425   121.769  0.511562   168.267
  -3.61137    110.289 -0.0489737    160.384   -3.79887    121.451   0.597294    167.953
   -3.62051     109.984 -0.00732061     160.065     -3.8248     121.133    0.686367     167.638
-3.64596  109.665 0.049547  159.754 -3.83576  120.815 0.748033  167.322
-3.62479  109.375 0.107686  159.437  -3.8345  120.502 0.812237   167.01
-3.60903  109.045 0.165242  159.122 -3.82473  120.188 0.883271  166.698
 -3.5743  108.765 0.225971  158.807 -3.80709  119.879  0.96479  166.378
-3.54169  108.448 0.282202  158.497 -3.78729  119.563   1.0119  166.064
-3.53816  108.131 0.348469   158.18 -3.76333  119.247  1.08735  165.732
-3.51413  107.824 0.374946  157.891 -3.75069  118.932  1.15238  165.419
 -3.5105  107.493 0.397204  157.584 -3.71627  118.633  1.22551    165.1
-3.49467  107.187 0.418562  157.274 -3.68452  118.315  1.30501  164.791
-3.46197  106.831 0.470592  156.952 -3.63736  118.028  1.39357  164.488
-3.43386  106.521 0.518942  156.637 -3.58742  117.717    1.484  164.169
-3.41791  106.204 0.575658  156.322 -3.51366  117.467  1.57898  163.865
-3.39929    105.9 0.634963  156.018 -3.43857  117.151   1.6808  163.552
-3.40169  105.586  0.69139  155.707  -3.3405  116.924  1.78094  163.247
-3.39525  105.275 0.770021  155.397 -3.24099  116.604  1.88517  162.936
-3.41342  104.965 0.866287  155.081  -3.1493  116.342  1.99519  162.621
-3.43679  104.653 0.949425  154.761 -3.04996  116.024  2.12232  162.303
-3.44623  104.344  1.02928  154.446 -3.00225  115.714  2.22362  161.991
-3.44151  104.025  1.12921  154.121 -2.96974  115.397  2.33792  161.682
-3.42153  103.705  1.21019  153.805 -2.94311  115.081  2.47769  161.356
-3.40926  103.408  1.28335  153.494 -2.91766  114.762  2.62087  161.033
-3.37946   103.11  1.36551  153.175 -2.88226  114.447  2.75413  160.766
-3.36185  102.812  1.41459  152.859 -2.83513  114.128   2.8876  160.446
-3.33147  102.506  1.46807   152.54 -2.75736  113.816  3.01249  160.121
-3.32631  102.213  1.53214  152.225   -2.667  113.493  3.16702  159.799
-3.32633  101.928  1.63111  151.902 -2.60679   113.18  3.30301  159.473
-3.32017  101.636  1.73732  151.585 -2.53924  112.858  3.45113  159.152
-3.30531  101.315  1.83905  151.271 -2.49855  112.541  3.55151  158.831
-3.28417  100.981  1.93295  150.947 -2.46967  112.225  3.65882   158.52
-3.26892  100.656  2.06818  150.627 -2.44556  111.901  3.76846  158.334
-3.26828  100.332  2.17326  150.305 -2.42044  111.586    3.871  158.013
-3.26134  99.9978    2.272  149.985 -2.38598  111.258  4.01551  157.691
-3.24938  99.6693  2.33558  149.672  -2.3342  110.936   4.1399  157.372
-3.23316  99.3307  2.42159   149.35 -2.27966  110.607  4.30072  157.049
-3.23217  98.9959  2.51239  149.022 -2.22131  110.284  4.44097   156.73
-3.2172  98.655 2.62677 148.699  -2.152 109.951 4.57919 156.417
-3.23416  98.3178  2.72021  148.378 -2.09566  109.626  4.71256  156.091
 -3.2106  97.9855  2.82259  148.042 -2.06492  109.295  4.87532  156.109
-3.20162  97.6631  2.92895  147.713 -2.03047   108.96  5.02863  155.777
-3.18133  97.3325  3.04616  147.412 -1.99142  108.623  5.19061  155.528
-3.18916  97.0007  3.15564  147.079 -1.95443  108.292   5.3395  155.185
-3.19635  96.6724  3.19847  146.969 -1.91885  107.964  5.51219  154.853
-3.16178  96.3429  3.23793  146.635 -1.85689  107.627  5.67291  154.516
-3.16086  96.0104  3.20259  146.437 -1.77677  107.302  5.86164  154.181
-3.16152  95.6819  3.18423  146.097 -1.70034   106.97  6.00275  153.859
-3.14768  95.3925  3.16102   145.91 -1.63569  106.641  6.16464  153.527
-3.12045  95.0877  3.15188   145.57 -1.57095  106.306  6.31373    153.2
 -3.1486  94.7644  3.18698  145.344 -1.52598  105.973  6.48435  152.877
 -3.1643  94.4307  3.21707  145.012 -1.48123  105.649  6.64805  152.557
-3.17922  94.1292  3.30483  144.732 -1.43781   105.32  6.85117  152.222
-3.19261  93.7936  3.38364  144.405 -1.38298  104.992  7.04211  151.893
 -3.2576  93.5008  3.49872  144.098 -1.35069  104.658  7.27742  151.546
-3.30983  93.1605  3.60232  143.765 -1.30881  104.327  7.50413  151.215
-3.33555  92.8173  3.70438  143.475   -1.257  103.999  7.73228  150.865
-3.34962   92.487   3.8087  143.151 -1.20773  103.669   7.9729  150.539
-3.34769  92.1618  3.91163  142.832 -1.13691  103.349  8.13721  150.214
-3.33511  91.8359  4.00561  142.501 -1.06851  103.024  8.33407  149.888
-3.32727  91.4756  4.11011  142.174 -1.00162  102.695  8.50952  149.565
 -3.31492   91.1481   4.22462   141.845 -0.910925   102.378   8.69851   149.241
 -3.31259   90.8266   4.33305    141.52 -0.868819   102.054   8.90303   148.927
-3.31743  90.4926  4.46985  141.195 -0.81303   101.73  9.12879  148.609
 -3.31797   90.1782   4.58052   140.874 -0.743111   101.405   9.34941   148.304
 -3.34845   89.8925   4.68324    140.56 -0.668319   101.088   9.60802   147.972
 -3.3628  89.5684  4.79778  140.241 -0.59299  100.765  9.86293  147.658
 -3.38141   89.2771   4.93047   139.923 -0.507431    100.45   10.1339   147.327
-3.38802   88.953  5.07808    139.6 -0.41629   100.14  10.3932   147.01
  -3.3524   88.5692   5.22819   139.279 -0.344939   99.8222   10.6842   146.675
 -3.31661   88.2493   5.38692   138.958 -0.256218   99.4986   10.9454   146.359
 -3.30511   87.9234   5.50692   138.631 -0.148486   99.1912   11.1786   146.055
  -3.27797    87.6067    5.65896    138.321 -0.0780397    98.8651     11.429    145.744
 -3.24642   87.2867   5.82247   137.995 0.0102063   98.5512   11.6813   145.438
-3.24589  86.9704  5.97102  137.693 0.107005   98.229  11.9313  145.119
-3.22372  86.6546  6.08276  137.371 0.202263  97.9136  12.2162  144.803
-3.19367  86.3354   6.2096  137.066 0.294545  97.5952  12.4709  144.485
-3.19704  86.0214  6.36419  136.741 0.373357  97.2729  12.7559  144.186
-3.18941  85.7044  6.51981  136.426 0.458408  96.9613  13.0179  143.866
-3.19852  85.4048  6.68297  136.121 0.547901  96.6399  13.3324  143.567
-3.19066   85.101  6.83598  135.798 0.641946   96.323  13.6029  143.252
-3.17785  84.7975  6.99219  135.492 0.738759  96.0105    13.91   142.93
-3.14125  84.4791  7.16543  135.168 0.834477  95.6934  14.1318  142.631
-3.12675  84.1581  7.33167  134.853 0.923489  95.3824  14.4147  142.318
  -3.11 83.8382 7.49286 134.526 1.02454  95.063 14.6382 142.001
-3.10037  83.5147  7.68652  134.213  1.09491  94.7413  14.9089  141.711
-3.09651  83.2003  7.85651  133.904  1.18096   94.427  15.2027  141.453
-3.08651  82.8797  8.02468  133.589  1.27052   94.108  15.4612  141.193
-3.12401  82.5572  8.17405  133.279  1.36475  93.7933  15.7462  140.876
-3.1435 82.2438 8.34375 132.968 1.45558 93.4794 16.0405 140.591
-3.12832  81.9926  8.50007  132.651  1.55808  93.1627  16.3608  140.281
-3.11126  81.6695  8.66069  132.331  1.64539  92.8515  16.6675  139.994
-3.13233  81.3322  8.84764  132.026  1.73823  92.5254  17.0088  139.685
-3.13871  81.0094  9.06524  131.689  1.83615  92.2086  17.3344   139.42
-3.1594 80.7695 9.29266 131.385 1.94898 91.8896 17.6824 139.133
-3.1723 80.4525 9.46263 131.068 2.04456 91.5736 18.0166 138.807
-3.19552  80.1348  9.65474  130.762  2.15258  91.2594  18.3574  138.525
-3.20069  79.8258   9.8272   130.46  2.26199  90.9542  18.7033  138.222
-3.18125   79.499  10.0316   130.16  2.36634  90.6424  19.0495    137.9
-3.15994  79.1951  10.2275  129.844  2.46982  90.3345  19.4053  137.624
-3.1237 78.8375 10.4564 129.532 2.58394 90.0265 19.7556 137.307
-3.07479  78.5276  10.6751  129.222  2.69744  89.7224   20.102  137.012
-3.03696  78.1931  10.8831  128.934  2.81356  89.4119  20.5334  136.823
-2.98083  77.8817  11.1102  128.615  2.91432  89.1074  20.9657  136.544
-2.95749  77.5745  11.3249  128.328  3.03714     88.8  21.3495  136.258
-2.9264 77.2696 11.5313 128.026 3.15532  88.498 21.7718 135.989
-2.89514  76.9589  11.7551  127.716  3.28801  88.1889  22.1581  135.705
-2.85049  76.6648   11.983  127.426  3.40865   87.889  22.5779  135.443
-2.80123  76.3364  12.2241  127.115  3.54387  87.5854  22.9714  135.164
-2.75689  76.0412  12.4329  126.828  3.68033  87.2882  23.3897  134.901
-2.73657  75.7473   12.672   126.53  3.82487  86.9857  23.7879   134.63
-2.68538  75.4577  12.9133  126.225  3.97652  86.6923  24.2066  134.358
-2.64582  75.1486  13.1656  125.945  4.11909  86.3919  24.5694  134.114
-2.59587  74.8601  13.4351  125.651  4.27302   86.103  24.9805  133.815
-2.58548  74.5573  13.6736  125.375  4.41756  85.8046  25.3513  133.529
-2.56132   74.262  13.9376  125.084  4.55925  85.5156  25.8031  133.222
-2.58053  73.9697  14.1725  124.814  4.68042  85.2159  26.1746  132.951
-2.57963  73.6748  14.3724  124.508  4.81081  84.9252  26.5856  132.686
-2.57799  73.3926  14.5903  124.229  4.93068  84.6341  26.9778  132.408
-2.55273  73.1011  14.8343  123.946  5.05826  84.3439  27.3355  132.172
-2.5309  72.804  15.012  123.67 5.19445 84.0443 27.7343 131.895
-2.48252  72.5317  15.2638  123.394  5.34456  83.7597  28.1235  131.659
-2.43746  72.2171  15.5108  123.117  5.47173  83.4676  28.5535  131.397
-2.38123  71.9579  15.8056  122.823  5.59089  83.1699  28.9753  131.164
-2.30817  71.6321  16.0649  122.547  5.72498  82.8818  29.4293  130.905
-2.2364 71.3529 16.3705 122.256  5.8652 82.5871 29.8621  130.69
-2.14511  71.0016  16.6361  121.982  5.99805  82.2968   30.318  130.431
-2.05415  70.7245  16.9602   121.69  6.12193  82.0116   30.743  130.211
-1.96191  70.3861  17.2385  121.418  6.28649  81.7104  31.1828  129.949
-1.86964  70.1141  17.5374  121.141    6.458  81.4418  31.5599  129.742
-1.73901  69.7485  17.7879  120.863  6.61837  81.1504  32.0012   129.52
-1.60965  69.4928  18.0097  120.576  6.75308  80.8544  32.4493  129.267
-1.45123  69.1195  18.2693  120.309  6.90449  80.5762  32.9624  129.034
-1.29869  68.8562  18.5577  120.035  7.05649  80.2868  33.4448  128.769
-1.19612  68.4112  18.8222   119.75  7.18212  80.0041  34.0105  128.547
-1.06714  68.1222  19.0584  119.492   7.3359  79.7134  34.5131  128.277
-0.99268    67.79  19.3566  119.224  7.47001  79.4273  35.0795  128.053
-0.912953   67.5086   19.6334   118.971   7.61072   79.1483   35.5888   127.797
-0.885428   67.2215   19.9392   118.683   7.76813   78.8637   36.1509   127.583
-0.838946   66.9415   20.2385   118.425   7.91744   78.5854   36.6515   127.329
-0.82352  66.6449  20.5536  118.148  8.09277  78.3025  37.1882  127.119
-0.792724    66.371   20.8395   117.895   8.24725   78.0195   37.6896   126.887
-0.779914   66.0912   21.1582    117.61    8.4308    77.743   38.1798   126.688
-0.779337   65.8072   21.4557   117.367   8.60812   77.4594   38.6542   126.462
-0.760355   65.5232   21.7737   117.099   8.81924   77.1856   39.1918   126.242
-0.784302   65.2857   22.0993   116.807   8.99577   76.9042   39.7181   126.001
-0.787004   65.0101    22.476   116.551   9.19992    76.633   40.2825   125.781
-0.716122    64.858   22.8476   116.257   9.37381   76.3541   40.8032   125.581
-0.632114   64.5695   23.2529   116.012   9.56564   76.0869    41.404   125.318
-0.580716   64.2945   23.6544   115.709   9.71062   75.8055   41.9302   125.097
-0.512119   64.0065   23.9639   115.433   9.87409   75.5309   42.3645   124.877
-0.44443  63.7673  24.2607  115.209  10.1622  75.6067  42.8523  124.691
-0.369543   63.4917   24.5769   114.964   10.4411   75.3523   43.2863   124.495
-0.29523   63.282  24.9161  114.702  10.6272   75.099  43.8018  124.291
-0.209403   63.0142    25.266   114.464    10.855   74.8541   44.3631   124.098
-0.150873   62.8023   25.5599   114.247   11.0477   74.6019   44.8926   123.905
-0.064036   62.5352   25.8876   114.017   11.2251   74.3641   45.4461   123.743
0.05414 62.3234  26.176 113.778 11.3875 74.1223 45.9913 123.559
0.168466  62.0485  26.4667  113.557  11.5534  73.8732   46.437  123.383
0.323396  61.8595   26.803  113.329  11.7432  73.6448  46.9909  123.213
0.477121  61.5863  27.1027  113.096  11.8964  73.4104   47.493  123.075
0.638732  61.4136  27.4309  112.902  12.0718  73.1734  48.0458   122.88
0.82149 61.1302 27.7517 112.687 12.2752 72.9493 48.6011 122.719
0.989808  60.9611  28.0828  112.454  12.4986  72.6879  49.1383  122.521
1.18074 60.6816 28.4092 112.238 12.7527 72.4711 49.6959 122.359
1.37539 60.5343 28.7439  112.04 12.9786 72.2003 50.2065 122.246
1.60719 60.2357 29.0851 111.827 13.1996 71.9632 50.6987 122.067
1.81765 60.0896 29.3714 111.628 13.3984 71.7519 51.2804 121.929
2.07993  59.783 29.6925 111.404 13.6388 71.5138  51.842 121.739
 2.3192 59.6238 30.0113 111.214 13.8494 71.3021 52.4244 121.595
2.58797 59.3251 30.3675 110.997 14.1028 71.0661 52.8993 121.423
2.79807 59.1565 30.6848  110.81 14.3033 70.8511 53.4449 121.304
3.02902 58.8804 31.0513 110.611 14.5372 70.6176 53.9867 121.154
3.22754 58.7313 31.3734 110.436 14.7662  70.366 54.4946 121.044
3.45015 58.4719 31.7143 110.237 15.0338 70.1355 55.0427 120.903
3.60534 58.2906 32.0819 110.023 15.2618 69.9056 55.5434 120.806
3.78176 58.0456 32.4527 109.855  15.553 69.6989 56.0824  120.64
3.92421 57.8744 32.8488 109.645 15.7861 69.4693 56.6461 120.518
 4.0802 57.6349 33.2343 109.482 16.0586 69.2508 57.1784 120.401
4.20117 57.4312 33.6535 109.271 16.2716 69.0359 57.7416 120.242
 4.3452 57.1978 34.0575 109.087 16.5361 68.8271 58.3509 120.135
4.47331  56.997 34.4104 108.904  16.743 68.6178 58.9987  119.97
4.62644 56.7635 34.8154 108.706 17.0124   68.41 59.6504 119.884
4.73799 56.5526 35.1043 108.546 17.2746 68.1879 60.3263 119.718
4.87517 56.3241 35.4228 108.319 17.5325 67.9757  61.016 119.639
5.01443 56.1148 35.7414  108.15 17.7402 67.7845 61.7162 119.473
5.15706 55.8856  36.095 107.932  17.981 67.5755  62.376 119.392
5.28407 55.6719 36.4231 107.753 18.1928 67.3801 63.0402 119.236
5.40353 55.4563 36.8253 107.555 18.3984 67.1653 63.6953  119.16
 5.5267 55.2531  37.209 107.382 18.6438 66.9608  64.353 119.022
5.62708 55.0302 37.6155 107.188 18.9058 66.7396  64.969 118.942
5.74963 54.8226 38.0057 107.015 19.1746 66.5387 65.4618 118.837
5.85182 54.6072 38.4111 106.823 19.4115 66.3376 65.9973 118.758
5.97486 54.3901 38.7898 106.652 19.6414 66.1226 66.4647 118.656
 6.0373 54.1813 39.2159 106.501 19.8873 65.9251 66.9928 118.569
6.10584 53.9735 39.5766 106.331 20.1031 65.7417 67.4547  118.46
6.17051 53.7711 39.9694 106.161 20.3602 65.5475 67.9832 118.406
6.22409  53.576 40.3317 105.996 20.5928 65.3507 68.5021 118.296
6.29399 53.3825 40.7002 105.837 20.8346  65.159 69.0556  118.22
6.37366 53.1932 41.0309 105.682 21.0455 64.9744 69.5044 118.175
6.43781 53.0141 41.3989 105.527 21.2961 64.7891  70.014 118.076
6.50294 52.8359 41.7226  105.38 21.5107 64.6123  70.488 118.005
6.57291 52.6583 42.0871  105.23 21.7504 64.4333 70.9244 117.966
6.63987 52.4821 42.4163 105.084 21.9781 64.2668 71.3879 117.895
6.71027  52.319 42.7702 104.941 22.2067 64.0885 71.8989   117.8
6.79819 52.1443 43.0894 104.803  22.408 63.9287 72.4013 117.752
6.88902 51.9843 43.4471 104.667 22.5661 63.7842 72.9055 117.696
6.96671 51.8179 43.7219 104.534 22.7371 63.6216 73.3385 117.635
 7.0342 51.6565 44.0436  104.41 22.9205 63.4712 73.7787 117.582
7.07773 51.4973 44.3237 104.275 23.0878 63.3279 74.2235 117.544
7.14449 51.3424 44.6103 104.159 23.2548 63.1818 74.6711 117.467
7.22246   51.18  44.874 104.055 23.4192 63.0432 75.1738 117.433
7.32255 51.0316 45.1681 103.926 23.6267 62.9038 75.6242 117.363
7.39131 50.8725 45.4587  103.81 23.8141 62.7576 76.0988 117.315
7.43168 50.7191 45.7701 103.713 24.0105 62.6224 76.4826 117.257
7.50866 50.5732 46.0719 103.602 24.1903 62.4729 76.9206   117.2
7.57646 50.4192 46.3818 103.476 24.4022  62.327  77.304  117.16
7.63223 50.2751 46.7142 103.274 24.5903 62.1948 77.7306  117.11
7.69421 50.1258 47.0279 103.166 24.7835 62.0689 78.0837 117.066
7.77265 49.9774 47.3659 103.037 25.0039   61.92 78.4994 117.009
 7.8467  49.826 47.7441 102.924 25.2353 61.7881 78.8745 116.991
7.94381 49.6756 48.0901 102.804 25.4981 61.6349 79.2753  116.94
8.02833 49.5283  48.439 102.707 25.7335 61.5014 79.6855 116.913
 8.1427  49.379 48.7533 102.611  26.005 61.3671 80.0811 116.872
 8.2368 49.2305  49.037 102.497 26.2151 61.2327 80.4889 116.847
8.33908 49.0838 49.3642 102.423 26.4176 61.0928 80.9012 116.831
8.45364 48.9421 49.6464 102.346 26.6426 60.9694 81.3257 116.835
8.56658 48.7929 49.9742 102.247 26.8795 60.8428 81.7296 116.818
8.68673 48.6534 50.3146 102.146 27.0763 60.7209 82.1373 116.817
8.77397 48.5117 50.6528 102.058 27.2914 60.5932 82.5236 116.805
8.85556 48.3721 50.9514 101.953 27.5002 60.4771 82.9143  116.81
8.94383 48.2332 51.2845 101.879 27.7216 60.3362 83.2854 116.782
9.03535 48.0958 51.6458 101.797  27.957 60.2137 83.6966 116.787
9.11869 47.9557 51.9513 101.701 28.1796 60.0763 84.0798 116.755
 9.2111 47.8141 52.2944 101.631 28.3725  59.955 84.4883  116.76
9.32226 47.6716 52.6246 101.551 28.5935 59.8367 84.8653 116.755
9.42904 47.5339 52.9676 101.452 28.8098 59.7223 85.2243 116.725
9.54243 47.3966 53.2807 101.373 29.0076 59.6066 85.6191 116.724
9.60533 47.2654  53.564 101.321 29.2105 59.4998 85.9635 116.722
9.69122 47.1369 53.8844 101.224 29.4194 59.3794 86.2485 116.733
 9.7651 47.0095 54.1985 101.147 29.6113 59.2718 86.5929   116.7
9.87159 46.8786 54.4849 101.055 29.8173 59.1606 86.8671 116.696
9.95277 46.7557  54.788 101.004 30.0184 59.0545 87.2215 116.694
10.0144 46.6357 55.0785  100.92 30.2019 58.9567 87.5394 116.691
 10.079 46.5232 55.3624 100.866 30.4022 58.8565  87.873 116.669
10.1359 46.4097 55.6277 100.783 30.5826 58.7695 88.2257 116.674
10.2176  46.292 55.8941  100.73 30.7831 58.6712 88.5408 116.652
10.2918 46.1824 56.1576 100.647  30.953 58.5798 88.7892 116.662
10.3531 46.0733 56.4325 100.597 31.1405 58.4816 89.0901 116.651
10.4212  45.961 56.6979  100.53 31.3118 58.3781 89.3821 116.649
10.4773  45.856 56.9251 100.455 31.4816 58.2939 89.6791 116.631
10.5464 45.7468  57.173 100.393 31.6497 58.1973 89.9767 116.624
10.5947 45.6438 57.3949  100.32 31.8108  58.103 90.2642  116.63
10.6654  45.548  57.638 100.259 31.9997 58.0093 90.5439 116.607
10.7233 45.4472 57.8573 100.188 32.1341 57.9282  90.827 116.618
10.7849 45.3523 58.0986 100.145 32.2738 57.8324 91.0627 116.624
10.8243 45.2554 58.3386 100.074 32.3986 57.7522 91.3243 116.604
10.8712 45.1642 58.5898 100.019 32.5426  57.656 91.5417 116.603
10.9121 45.0652 58.8069 99.9708 32.6728 57.5781 91.8111 116.594
10.9625 44.9819 59.0255 99.9064 32.8148 57.4948 92.0623 116.595
10.9939 44.8877 59.2357 99.8568 32.9493 57.4067  92.333 116.589
 11.055 44.8048 59.4343  99.819 33.1024 57.3367 92.5531 116.599
11.1173 44.7117 59.6406 99.7573  33.263 57.2589   92.78 116.594
11.1866 44.6336 59.7996 99.7231 33.3974 57.1768 93.0109 116.589
11.2567 44.5424 59.9874 99.6629 33.5492 57.1113  93.234 116.594
11.3427 44.4673  60.153 99.6323 33.6831 57.0399 93.4756 116.594
11.4114 44.3793  60.349  99.585 33.7918 56.9662 93.6886 116.604
11.4817 44.3086 60.5498 99.5361 33.9279  56.908 93.9162 116.597
11.5491  44.228 60.7183  99.499 34.0532 56.8433 94.1348 116.614
11.6167 44.1619   60.91 99.4563  34.189  56.776   94.35 116.623
11.6821 44.0817 61.0686   99.42 34.3337 56.7082 94.5375 116.638
11.7541 44.0152 61.2415 99.3804 34.4692 56.6505 94.7358 116.646
11.8268  43.947 61.4066 99.3457 34.5941    56.6 94.9128 116.644
11.8867 43.8775  61.573 99.3166 34.7248 56.5367  95.103 116.663
11.9444 43.8178 61.7347 99.2839 34.8356 56.4824 95.2868 116.662
11.9961 43.7625 61.9082 99.2624 34.9673 56.4357 95.4662 116.681
12.0287 43.7035 62.0771 99.2416 35.1052 56.3863 95.6383 116.692
12.0802 43.6389 62.2636 99.2163 35.2356 56.3281 95.7981 116.709
12.1361 43.5841 62.4291 99.1917 35.3489  56.285 95.9589 116.719
12.1927 43.5425 62.5707  99.167 35.4744 56.2384 96.1098 116.736
12.2713 43.5015 62.7271 99.1485  35.588 56.1922 96.2559 116.745
12.3193 43.4502 62.8681 99.1328 35.6908 56.1436 96.3948 116.758
12.3669 43.4016 63.0106 99.1052 35.7983 56.1015 96.5153 116.759
12.4055 43.3519 63.1618 99.0933  35.894 56.0663 96.6528 116.768
12.4425  43.305 63.2966 99.0664 35.9905 56.0222 96.7749 116.783
12.4639 43.2597 63.4273 99.0477 36.0882 55.9841 96.9105 116.791
12.4918 43.2145 63.5418 99.0245 36.1867 55.9411 97.0394 116.791
12.5301 43.1706 63.6692 99.0053 36.2751 55.9061 97.1668 116.804
 12.558 43.1273 63.7798 98.9803 36.3729 55.8713 97.2929 116.803
12.5895  43.083 63.8985 98.9609 36.4549 55.8368 97.4283 116.814
12.6179 43.0422 64.0039  98.949 36.5399 55.7983 97.5513 116.818
12.6381 42.9997 64.1089  98.923  36.626 55.7612 97.6634 116.815
12.6689 42.9586 64.1904 98.9038 36.7077 55.7199 97.7757 116.825
 12.701 42.9192 64.2986 98.8877 36.7956 55.6845 97.8963 116.822
 12.729 42.8814 64.3947 98.8727  36.874 55.6562 98.0107 116.826
12.7541 42.8407 64.4985 98.8473  36.949 55.6167 98.1168 116.821
12.7759 42.8023 64.5995  98.832 37.0096 55.5849 98.2276 116.828
12.7997 42.7623 64.7054 98.8065 37.0935 55.5467 98.3264 116.824
12.8174 42.7239 64.8012 98.7884 37.1531 55.5175 98.4241 116.831
12.8306 42.6872 64.8927 98.7676 37.2108 55.4859 98.5295 116.834
12.8625 42.6432 64.9769 98.7497   37.27 55.4519 98.6274 116.841
12.8875 42.6075 65.0588 98.7285 37.3326 55.4219 98.7276 116.839
12.9218  42.574 65.1455 98.7175 37.3839 55.3912 98.8369 116.848
12.9532 42.5433 65.2408 98.7041 37.4339 55.3658 98.9246 116.846
12.9917 42.5113 65.3202 98.6924 37.4708 55.3394 99.0196 116.853
13.0234  42.482 65.4017 98.6718 37.5205 55.3109 99.1058 116.856
13.0465 42.4507 65.4702 98.6652 37.5761 55.2873 99.1781 116.865
13.0683 42.4255 65.5479  98.652 37.6165 55.2623 99.2555  116.87
13.0918 42.3985 65.6158 98.6462 37.6777 55.2444 99.3407 116.871
13.1086 42.3734 65.6824 98.6341 37.7234 55.2216  99.405  116.88
13.1211 42.3492 65.7408 98.6215 37.7748 55.2017 99.4777 116.883
13.1381 42.3219 65.8112 98.6105 37.8195 55.1804 99.5455 116.886
13.1568 42.2996 65.8798 98.5957 37.8721  55.164 99.6081 116.888
 13.179 42.2726  65.953 98.5884 37.9212 55.1437 99.6708 116.893
 13.197 42.2511 66.0223 98.5769 37.9725 55.1313 99.7104 116.901
13.2091 42.2326 66.0904 98.5723 38.0253 55.1123 99.7685 116.902
13.2596 42.2415 66.1349 98.5664 38.0828 55.0994 99.8071 116.911
13.3016 42.2262 66.1806 98.5618 38.1243 55.0896 99.8605 116.915
13.3332 42.2051 66.2235 98.5561 38.1509 55.0741 99.8957 116.923
13.3672 42.1919  66.274 98.5531 38.1709 55.0698 99.9367  116.93
13.4002 42.1817 66.3053 98.5513 38.2116 55.0469 99.9588 116.936
13.4258 42.1705 66.3498 98.5459  38.232 55.0421 99.9874 116.944
13.4532 42.1583 66.3751 98.5447 38.2667 55.0368 100.019 116.951
13.4719  42.147 66.4053 98.5473 38.2904 55.0321 100.045 116.961
 13.488 42.1321  66.421 98.5494 38.3275 55.0291 100.067 116.971
13.5052 42.1254 66.4593 98.5497 38.3534 55.0287 100.077 116.981
13.5251 42.1158 66.4853   98.55 38.3817 55.0257 100.092 116.987
13.5422  42.108 66.5198 98.5519  38.415 55.0252 100.093 116.995
  13.57 42.1008 66.5448 98.5534  38.442 55.0233 100.095 117.115
  13.59 42.0935 66.5634 98.5554  38.475 55.0223 100.083 117.123
13.6164 42.0922  66.595 98.5572 38.4965 55.0214 100.095  117.12
13.6431 42.0873 66.6127 98.5592 38.5205  55.019 100.096 117.127
13.6601 42.0851 66.6359 98.5621 38.5479 55.0194 100.102   117.2
13.6712  42.083 66.6619 98.5656 38.5616 55.0232 100.098 117.207
13.6788 42.0815 66.6735 98.5693 38.5747 55.0209 100.104 117.217
13.6827 42.0809 66.6803 98.5746 38.5945 55.0255 100.101 117.222
13.6734 42.0824 66.6777 98.5799 38.6106 55.0264 100.108  117.22
13.6777 42.0842  66.669  98.583 38.6353 55.0377 100.106 117.225
 13.668  42.091 66.6606 98.5878 38.6466 55.0406 100.098  117.23
13.6697 42.0926 66.6559 98.5922 38.6652 55.0542 100.088 117.233
13.6541  42.107 66.6467 98.6002 38.6675 55.0586 100.072 117.235
13.6572 42.0984 66.6266 98.6023 38.6762 55.0663  100.05 117.239
13.6461 42.1076 66.6007 98.6138 38.6754  55.074 100.029 117.242
13.6583 42.1152  66.567 98.6062 38.6862 55.0877 100.011 117.243
13.6731 42.1226 66.5376 98.6122 38.6863 55.0937 99.9941 117.243
13.6784 42.1327 66.5138 98.6182 38.6908 55.1069 99.9683 117.245
13.6703 42.1429 66.5007 98.6238 38.6918 55.1082 99.9584 117.246
13.6671 42.1523 66.4857 98.6292 38.6954 55.1323 99.9484 117.227
13.6603 42.1615 66.4708 98.6316 38.6891 55.1401  99.936 117.227
13.6589 42.1709 66.4523 98.6365  38.688 55.1514  99.923  117.22
13.6446 42.1849 66.4411 98.6423 38.6815 55.1577 99.9092  117.22
13.6302 42.1975 66.4265 98.6473   38.67 55.1671 99.8904 117.212
13.6277 42.2318 66.4137 98.6531 38.6619 55.1761 99.8668 117.215
13.6248 42.2422 66.3927 98.6595 38.6434 55.1857 99.8531 117.209
13.6402 42.3205 66.3805 98.6639 38.6239 55.1936 99.8458  117.21
13.6481 42.3279 66.3569 98.6651 38.6011 55.2002  99.826   117.2
13.6417 42.3408 66.3395 98.6686  38.587 55.2072 99.8165 117.199
13.6352 42.3482  66.324 98.6759 38.5828 55.2141  99.801 117.191
13.6385 42.3667 66.3189 98.6796 38.5765 55.2209  99.796 117.194
13.6406 42.3748 66.3123 98.6805 38.5719 55.2269 99.7799 117.183
13.6536 42.4585  66.315 98.6829 38.5771 55.2251  99.775 117.186
13.6626 42.4645 66.3142 98.7222 38.5872 55.2303  99.763 117.175
 13.685 42.5204 66.3205 98.7252 38.5866 55.2376 99.7648 117.178
13.7082 42.5237 66.3112 98.7391 38.5931 55.2431 99.7629 117.163
13.7334 42.5443 66.3094 98.7424 38.5959 55.1806 99.7718 117.167
13.7555   42.55 66.2949 98.7509 38.6045 55.1863 99.7838 117.144
13.7681  42.577 66.2921 98.7557 38.6198 55.1564 99.8036  117.15
13.7791 42.5823 66.2883 98.7652 38.6376 55.1605 99.8182 117.114
13.7777 42.5905 66.2925 98.7668 38.6386 55.1594 99.8399 117.116
 13.781  42.597 66.3043 98.7967 38.6443  55.168 99.8469 117.092
13.7493 42.6517 66.3235 98.7972 38.6768 55.1273 99.8619 117.094
13.7292 42.6508 66.3424 98.8164 38.7109 55.1356 99.8608 117.085
13.6793  42.715 66.3665 98.8194 38.7572 55.1028 99.8689 117.088
 13.654 42.7145 66.3773 98.8245 38.7969 55.1181 99.8755 117.073
13.6213 42.7472 66.3934 98.8263 38.8571 55.0712 99.8815 117.077
13.6114  42.748   66.39 98.8134 38.9072 55.0778 99.8912 117.052
13.5756 42.8036  66.402 98.8173 38.9521 55.0622 99.9107 117.057
 13.552  42.803 66.4129  98.811 38.9932 55.0675 99.9299 117.037
13.5475 42.8114 66.4295 98.8145 39.0382 55.0526 99.9562 117.043
13.5476 42.8066 66.4501 98.8041 39.0794 55.0549 99.9831 117.014
13.5402 42.8188 66.4767 98.8063 39.1163 55.0237 100.015 117.019
13.5332 42.8134 66.5018 98.7871 39.1477 55.0251 100.055 116.996
13.5149 42.8388   66.53 98.7869 39.1941 54.9746 100.098 117.004
   13.5 42.8307  66.548 98.7876 39.2327 54.9694 100.147  116.98
13.4505 42.8693 66.5612 98.7882 39.2409 54.9678 100.201 116.995
13.4172 42.8592 66.5768  98.784 39.2633  54.962 100.258 116.971
13.3667 42.8892 66.5975 98.7842 39.2686 54.9567 100.316 116.982
13.3303 42.8815 66.6164 98.7797 39.2814 54.9511 100.377 116.957
13.3228 42.8993 66.6544 98.7863  39.259 54.8698 100.437 116.968
13.3159 42.8949  66.691 98.7698 39.2472 54.8661 100.492 116.944
13.3261 42.8911 66.7304 98.7792 39.2493 54.8612 100.544 116.951
13.3294 42.8863 66.7645 98.7617  39.248 54.8569 100.596 116.927
13.3337 42.9412 66.8022 98.7662 39.2502 54.8523 100.641 116.931
13.3316 42.9373  66.836 98.7519 39.2482 54.8535  100.67  116.92
13.3629 43.1914 66.8686  98.752 39.2524 54.8479 100.696 116.917
13.3937 43.1871 66.9006  98.737 39.2732 54.8389 100.716 116.904
13.3923 43.1948 66.9316 98.7393 39.2941 54.8344 100.733 116.903
13.3931 43.1921 66.9654 98.7286 39.2984 54.8014 100.739 116.902
13.4161  43.584 67.0001 98.7394 39.3061 54.8006 100.745 116.902
13.4302 43.5828 67.0322 98.7224 39.3056  54.797 100.747 116.902
13.5019 43.6319 67.0618 98.7312 39.3258 54.7912 100.755 116.903
13.5485 43.6197 67.0908 98.7147 39.3238 54.7886  100.76 116.896
13.6473 43.6889 67.1209 98.7257 39.3313 54.7849 100.764 116.893
13.7103 43.6754  67.153 98.7065 39.3331 54.7862 100.768 116.889
13.7778 43.7067 67.1892 98.7149 39.3435 54.7817 100.769 116.887
13.8339  43.688  67.226 98.7001 39.3149 54.7231 100.766 116.888
13.9008 43.7337 67.2682 98.7176 39.3014 54.7269 100.778 116.885
13.9549 43.7205 67.3096 98.7051 39.3006 54.7297 100.787 116.889
14.0221 43.7521 67.3604 98.7196 39.3103 54.7298 100.787 116.891
14.0838 43.7315   67.41 98.7045 39.3133 54.7206 100.793 116.894
14.1622 43.7614 67.4687 98.7206 39.3309 54.7183 100.788 116.902
14.2348  43.736 67.5283 98.6996 39.3412 54.7143 100.789 116.905
14.3256 43.7878 67.5973 98.7274  39.362 54.7124 100.775 116.925
14.4043 43.7734 67.6702 98.7001 39.3783 54.7204 100.765 116.928
14.4711 43.8089 67.7464 98.7306 39.4037 54.7222  100.76 116.933
14.5236 43.7982 67.8265 98.7127 39.4202 54.7242 100.763  116.94
14.5906 43.8224 67.9124 98.7489 39.4357 54.7271 100.757 116.952
14.6465 43.8114 68.0004 98.7333 39.4608 54.7168 100.761 116.958
14.7019   43.83 68.0805  98.765 39.4873  54.717 100.761 116.965
14.7523 43.8164 68.1633  98.745 39.5125 54.7169  100.77 116.969
 14.808 43.8365 68.2403  98.772 39.5307 54.7167 100.779 116.973
 14.852 43.8163 68.3214 98.7562 39.5465 54.7168 100.794 116.979
14.9021 43.8301 68.3935 98.7793 39.5582 54.7167 100.803 116.979
14.9397 43.8221 68.4732 98.7619 39.5711 54.7182 100.815 116.985
 14.982 43.8273 68.5383 98.7885  39.586 54.7179 100.825  116.99
15.0058 43.8243 68.6056  98.776 39.6069  54.719 100.829 116.995
15.0168 43.8237 68.6555 98.7948 39.6237 54.7202 100.832 116.999
15.0211 43.8168 68.7074 98.7832 39.6333 54.7216 100.838 117.004
15.0179 43.8173 68.7477  98.798 39.6267 54.7176 100.845 117.009
15.0297 43.8309 68.7863 98.7912 39.6269 54.7234 100.856 117.013
15.0306 43.8371 68.8177 98.8002 39.6238 54.7211 100.864 117.018
15.0477 43.8552 68.8534 98.7946 39.6255 54.7204 100.862 117.022
15.0486 43.8572  68.876 98.8029 39.6173 54.7182 100.862 117.026
15.0655 43.8554 68.9004 98.8029  39.614 54.7146 100.865  117.02
15.0698 43.8501 68.9227  98.811 39.6061 54.7142 100.866 117.023
15.0783 43.8558 68.9396  98.811 39.6064 54.7141 100.873 117.003
15.0545 43.8771 68.9479 98.8144 39.6033 54.7162 100.879 117.006
15.0494 43.8732 68.9551  98.816  39.603 54.7177 100.883 117.006
15.0171 43.8884 68.9517 98.8219  39.602 54.7191 100.886 117.008
14.9988 43.8903 68.9492 98.8243 39.6165  54.697 100.885  117.01
14.9646 43.9002 68.9374 98.8154  39.626 54.6998 100.885 117.011
 14.948 43.8948 68.9279 98.8174 39.6342 54.6966 100.892  116.99
14.9092 43.9175   68.92 98.8214 39.6372 54.7006 100.894 116.993
14.8824 43.9124 68.9132 98.8205 39.6542 54.6905 100.899 116.975
14.8331 43.9358 68.9073 98.8259 39.6726 54.6961 100.901 116.977
14.7978  43.932 68.9048 98.8272 39.6951  54.675 100.908 116.956
14.7508 43.9546 68.9035 98.8296 39.7144 54.6805 100.915 116.958
14.7195 43.9409 68.9074 98.8265 39.7457 54.6386 100.924 116.939
 14.671 43.9725 68.9128 98.8321 39.7717 54.6431 100.936 116.943
14.6412 43.9621  68.922 98.8204 39.7861 54.6202 100.951 116.915
14.5926 43.9799 68.9341 98.8274 39.8011  54.624  100.97 116.918
14.5631 43.9701 68.9541 98.8128 39.8183 54.5791 100.986 116.894
14.5187 43.9928 68.9735 98.8193 39.8366 54.5839 101.006 116.898
14.4934 43.9962 69.0085  98.798 39.8605 54.5678 101.016 116.881
14.4903 43.9995 69.0424 98.8077 39.8841 54.5739 101.031 116.883
14.4935 44.0035 69.0924 98.7759 39.9292 54.5245 101.049 116.858
14.4968 44.0065 69.1386 98.7935  39.973 54.5304 101.066  116.86
14.5045 44.0095 69.1882 98.7592 40.0121 54.4956 101.083 116.841
14.5081 44.0118 69.2461 98.7747 40.0563 54.5036 101.107 116.844
 14.507 44.0125 69.3125 98.7402 40.0956 54.4509 101.123 116.825
 14.513 44.0119 69.3852 98.7619  40.135 54.4559 101.146 116.827
14.5209 44.0137 69.4612 98.7287  40.178 54.4097 101.162 116.814
14.5302 44.0134 69.5454 98.7502 40.2236 54.4197 101.186 116.817
