-1.61527e-09  4.59135e-41  4.59135e-41
  7.0321e-07  3.21664e-07 -7.44141e-08
 6.55742e-07 -9.10416e-08 -6.97263e-08
 8.23259e-07 -4.70286e-07 -6.20136e-08
  9.3973e-07 -8.38704e-07 -1.81629e-08
 7.64173e-07 -8.31398e-07  1.75254e-08
 3.20028e-07 -4.46889e-07  4.72963e-08
-2.19047e-08 -6.21106e-07  6.55735e-08
 -5.8376e-07 -1.44938e-07  8.35464e-08
-1.98378e-06  4.19943e-07   9.5793e-08
-3.8725e-06 6.95409e-07 1.14551e-07
-6.87859e-06   1.1928e-06   1.2257e-07
-1.07207e-05  3.03624e-07  1.05839e-07
-1.55571e-05  4.45724e-08  8.66585e-08
-2.11621e-05 -9.94655e-08  5.18404e-08
-2.82052e-05  6.06664e-07  3.58267e-08
-3.63586e-05  1.21245e-06 -4.05053e-09
-4.59413e-05  2.50821e-06 -6.16392e-09
-5.69132e-05  3.47386e-06 -5.77531e-08
-7.01243e-05  4.98438e-06 -7.40708e-08
-8.51956e-05   5.9405e-06 -5.96663e-08
-0.000102635  7.63275e-06 -1.20402e-08
-0.000121697  1.02808e-05  1.08792e-07
-0.000143302  1.43981e-05  2.52873e-07
-0.000166992  1.76905e-05  3.71424e-07
-0.000192399  2.08372e-05  5.31645e-07
-0.000219922  2.26381e-05  6.39894e-07
-0.00024923  2.4182e-05  7.5899e-07
-0.000279815   2.5266e-05  8.53819e-07
-0.000311218  2.61677e-05  9.37885e-07
-0.000343616   2.6535e-05  1.01158e-06
-0.000376815  2.64513e-05  1.08856e-06
-0.000410725  2.65355e-05  1.16835e-06
-0.000445681  2.61851e-05  1.24969e-06
-0.000481766  2.53027e-05  1.29741e-06
-0.000518511  2.38073e-05  1.35912e-06
-0.000555888  2.29881e-05  1.44347e-06
-0.000594104  2.18589e-05  1.51996e-06
-0.00063293 2.03202e-05 1.59659e-06
-0.000672601  1.79743e-05  1.63207e-06
-0.000712607  1.48752e-05  1.66567e-06
-0.00075398  1.1957e-05 1.70209e-06
-0.000795842  8.67965e-06  1.71885e-06
-0.000839582  5.68658e-06  1.72728e-06
-0.000884548  1.52006e-06  1.69894e-06
-0.000931825 -2.14097e-06  1.66151e-06
-0.000980317 -6.16899e-06  1.61225e-06
 -0.00103052 -9.53541e-06  1.54053e-06
 -0.00108125 -1.27894e-05  1.48636e-06
 -0.00113467 -1.56615e-05  1.38032e-06
 -0.00118907 -1.74228e-05  1.22571e-06
 -0.00124481 -1.91008e-05  1.05564e-06
  -0.0013016 -2.09619e-05  8.95044e-07
 -0.00135944 -2.24477e-05  7.33225e-07
 -0.00141764 -2.36444e-05  6.11356e-07
 -0.00147683 -2.46175e-05  4.79247e-07
  -0.0015364 -2.54714e-05  3.75179e-07
 -0.00159689 -2.59942e-05  2.57874e-07
 -0.00165784 -2.54829e-05  1.09442e-07
 -0.00172005 -2.44616e-05 -6.18529e-08
 -0.00178302  -2.2772e-05 -2.10082e-07
 -0.00184762 -2.04825e-05 -3.74805e-07
 -0.00191353 -1.85887e-05 -5.33157e-07
 -0.00198139 -1.55431e-05 -7.22423e-07
 -0.00205028 -1.34711e-05 -9.37049e-07
 -0.00212099 -1.05348e-05 -1.18308e-06
-0.00219295 -8.3733e-06 -1.4462e-06
 -0.00226589 -5.54032e-06 -1.73574e-06
-0.00233936 -2.3821e-06 -1.9857e-06
 -0.00241412  1.63693e-06 -2.25716e-06
 -0.00249004  4.94545e-06 -2.51951e-06
 -0.00256746  9.28424e-06 -2.80346e-06
 -0.00264618  1.32621e-05 -3.05232e-06
 -0.00272603  1.86586e-05 -3.31095e-06
 -0.00280697  2.38031e-05 -3.57157e-06
-0.00288939 2.92489e-05 -3.8351e-06
 -0.00297342  3.34683e-05 -4.11421e-06
 -0.00305931  3.79907e-05 -4.39148e-06
 -0.00314629  4.14691e-05 -4.66237e-06
 -0.00323571  4.52415e-05 -4.91891e-06
 -0.00332695  4.74085e-05 -5.18091e-06
  -0.0034197  4.92808e-05 -5.48359e-06
 -0.00351421  5.02334e-05 -5.77126e-06
 -0.00361057  5.06555e-05 -6.09944e-06
-0.00370913 5.05847e-05 -6.3792e-06
 -0.00381007  5.01673e-05 -6.72155e-06
 -0.00391243  5.04382e-05 -7.04724e-06
 -0.00401618  4.96781e-05 -7.42216e-06
  -0.0041217  4.78317e-05 -7.71906e-06
 -0.00422902  4.64282e-05 -8.01836e-06
 -0.00433801  4.48053e-05 -8.31332e-06
 -0.00444895  4.30229e-05 -8.59743e-06
 -0.00456167  4.04102e-05 -8.78826e-06
 -0.00467638  3.77723e-05 -8.99381e-06
  -0.0047924  3.41624e-05 -9.10032e-06
 -0.00491084  3.00784e-05 -9.24199e-06
   -0.005032  2.70039e-05 -9.28855e-06
  -0.0051555   2.4525e-05 -9.38298e-06
 -0.00528184  2.19059e-05 -9.44065e-06
 -0.00541118  1.95276e-05 -9.55907e-06
 -0.00554345  1.64256e-05 -9.58503e-06
-0.00567852 1.40139e-05 -9.6944e-06
  -0.0058156  1.17801e-05 -9.76858e-06
-0.00595472 1.02131e-05 -9.9033e-06
-0.00609622 9.52475e-06 -9.9642e-06
  -0.0062399  9.26214e-06 -1.01161e-05
 -0.00638585   8.5192e-06 -1.02467e-05
 -0.00653311  7.47608e-06 -1.03675e-05
 -0.00668152  6.72697e-06 -1.04631e-05
 -0.00683104  5.79936e-06 -1.05713e-05
-0.00698157 4.12343e-06 -1.0706e-05
 -0.00713425  2.39717e-06 -1.08696e-05
 -0.00728851  1.61568e-06 -1.09559e-05
 -0.00744413  1.48834e-06 -1.10798e-05
 -0.00760053  2.35017e-06 -1.11823e-05
 -0.00775717  3.26038e-06 -1.12905e-05
 -0.00791408  3.54339e-06 -1.13999e-05
-0.00807192 4.21376e-06 -1.1556e-05
 -0.00823034  4.76685e-06 -1.17242e-05
 -0.00839008  5.23693e-06 -1.19124e-05
 -0.00855043  5.26773e-06 -1.21285e-05
-0.00871174 5.82748e-06 -1.2362e-05
-0.00887378 7.56201e-06 -1.2547e-05
 -0.00903629  9.04998e-06 -1.27153e-05
-0.00920002 9.19264e-06 -1.2909e-05
 -0.00936342  8.46449e-06 -1.30644e-05
 -0.00952754  8.60476e-06 -1.32041e-05
-0.00969191 8.22568e-06 -1.3287e-05
 -0.00985687  8.98869e-06 -1.33134e-05
  -0.0100218  1.07136e-05 -1.32714e-05
  -0.0101879  1.19696e-05 -1.31827e-05
  -0.0103543  1.31576e-05 -1.30613e-05
 -0.0105222 1.32728e-05 -1.2943e-05
  -0.0106917  1.49693e-05 -1.27749e-05
  -0.0108634  1.58887e-05 -1.25562e-05
   -0.011037  1.52087e-05 -1.24093e-05
  -0.0112116   1.4778e-05 -1.22503e-05
  -0.0113869  1.38415e-05 -1.20341e-05
  -0.0115633  1.34711e-05 -1.18036e-05
  -0.0117413  1.23184e-05 -1.15245e-05
  -0.0119204  1.18279e-05 -1.12357e-05
  -0.0121017  1.12099e-05 -1.09531e-05
 -0.0122838 1.04257e-05  -1.072e-05
  -0.0124697  9.46317e-06 -1.04953e-05
  -0.0126578  7.99864e-06 -1.03485e-05
  -0.0128502  5.65815e-06 -1.02143e-05
  -0.0130451   4.3358e-06 -1.00795e-05
  -0.0132433  2.55416e-06 -9.98427e-06
  -0.0134449  1.61148e-06 -9.88116e-06
 -0.0136498 7.59568e-07 -9.7886e-06
  -0.0138575  1.75749e-06 -9.69458e-06
   -0.014068  1.27844e-06 -9.67914e-06
  -0.0142818  1.68911e-06 -9.67622e-06
  -0.0144989  6.88208e-07 -9.77378e-06
  -0.0147189 -2.42079e-07 -9.89347e-06
  -0.0149404  -3.8157e-07 -1.00069e-05
  -0.0151637 -4.40713e-07 -1.00829e-05
  -0.0153879   7.2078e-08 -1.01315e-05
  -0.0156129  2.46975e-07 -1.01912e-05
 -0.0158387 5.42625e-08 -1.0263e-05
 -0.0160653 2.77692e-07 -1.0323e-05
  -0.0162929  3.99691e-07 -1.03937e-05
  -0.0165219 -1.55547e-07 -1.04922e-05
   -0.016752 -3.78578e-07  -1.0583e-05
  -0.0169847 -1.25578e-06 -1.07281e-05
  -0.0172195 -1.57211e-06 -1.09084e-05
  -0.0174563 -3.30713e-06 -1.11953e-05
  -0.0176952 -4.26754e-06 -1.14762e-05
   -0.017936 -4.69409e-06  -1.1735e-05
  -0.0181769 -4.19076e-06 -1.20006e-05
   -0.018418  -2.2227e-06 -1.21956e-05
  -0.0186587 -9.50475e-07 -1.23225e-05
  -0.0188992  3.10099e-07 -1.24472e-05
  -0.0191408   1.5053e-06 -1.25799e-05
   -0.019383  2.98884e-06 -1.27049e-05
  -0.0196265  5.60021e-06 -1.29122e-05
  -0.0198702   7.2939e-06 -1.31333e-05
  -0.0201145  9.17702e-06 -1.33592e-05
  -0.0203589  9.10473e-06 -1.36464e-05
  -0.0206049  9.86299e-06 -1.39298e-05
 -0.0208512 1.09077e-05 -1.4173e-05
  -0.0210974  1.12333e-05 -1.43566e-05
  -0.0213433  1.13438e-05 -1.44766e-05
 -0.0215895 1.10927e-05 -1.4602e-05
   -0.021835  9.34604e-06 -1.46927e-05
  -0.0220797  7.73032e-06 -1.47535e-05
  -0.0223243   5.4508e-06 -1.48571e-05
  -0.0225693  3.75027e-06 -1.49868e-05
   -0.022815  1.26266e-06 -1.51083e-05
  -0.0230627 -1.47676e-06 -1.52403e-05
   -0.023311  -3.4655e-06 -1.53475e-05
  -0.0235612 -6.41724e-06  -1.5464e-05
  -0.0238123 -9.33875e-06 -1.55118e-05
  -0.0240665 -1.32976e-05 -1.55867e-05
  -0.0243229 -1.56845e-05  -1.5663e-05
  -0.0245818 -1.89859e-05 -1.57601e-05
   -0.024842 -2.06809e-05 -1.58487e-05
  -0.0251039 -2.24505e-05 -1.59233e-05
   -0.025368  -2.4208e-05 -1.59749e-05
  -0.0256337 -2.58097e-05 -1.59919e-05
  -0.0259015 -2.56454e-05 -1.60245e-05
  -0.0261719 -2.59377e-05 -1.60437e-05
  -0.0264434 -2.55011e-05 -1.61497e-05
  -0.0267162 -2.49298e-05 -1.62452e-05
  -0.0269904  -2.4854e-05 -1.62286e-05
  -0.0272664 -2.55526e-05 -1.62293e-05
  -0.0275444  -2.4738e-05 -1.61559e-05
  -0.0278237 -2.40821e-05 -1.60675e-05
   -0.028103 -2.24754e-05 -1.59367e-05
  -0.0283837 -2.12964e-05 -1.58025e-05
  -0.0286664 -2.07215e-05 -1.56398e-05
  -0.0289502 -2.06416e-05 -1.54816e-05
   -0.029235 -1.90727e-05 -1.51935e-05
  -0.0295218 -1.76826e-05 -1.48815e-05
  -0.0298089 -1.56804e-05  -1.4507e-05
  -0.0300968  -1.3726e-05 -1.41048e-05
  -0.0303847 -1.15764e-05 -1.37138e-05
   -0.030673 -9.80546e-06 -1.33171e-05
  -0.0309626  -8.1966e-06 -1.29201e-05
  -0.0312533 -8.36773e-06  -1.2516e-05
  -0.0315453 -8.10983e-06 -1.20493e-05
  -0.0318383  -9.0641e-06 -1.15612e-05
  -0.0321326 -1.14115e-05 -1.10669e-05
  -0.0324283 -1.41135e-05 -1.06032e-05
  -0.0327252 -1.64279e-05  -1.0085e-05
  -0.0330228 -1.89382e-05  -9.5855e-06
  -0.0333207 -2.13502e-05 -9.10202e-06
  -0.0336192 -2.44502e-05 -8.62762e-06
  -0.0339173 -2.74455e-05 -8.19636e-06
   -0.034215 -3.02946e-05  -7.8291e-06
  -0.0345127 -3.44964e-05 -7.52575e-06
  -0.0348112 -3.86806e-05 -7.24464e-06
  -0.0351099 -4.33148e-05 -6.97588e-06
   -0.035408 -4.76819e-05 -6.75896e-06
  -0.0357052 -5.22062e-05 -6.53552e-06
  -0.0360018 -5.55026e-05 -6.34539e-06
  -0.0362981 -5.83009e-05 -6.13953e-06
  -0.0365936 -6.07733e-05 -5.95359e-06
  -0.0368885 -6.41351e-05 -5.77516e-06
  -0.0371832 -6.71334e-05 -5.58237e-06
  -0.0374779 -7.02817e-05 -5.34336e-06
  -0.0377727 -7.34199e-05 -5.13402e-06
  -0.0380686 -7.57727e-05 -4.90624e-06
  -0.0383645 -7.86316e-05 -4.71183e-06
  -0.0386609 -8.06285e-05 -4.52373e-06
  -0.0389587 -8.16956e-05  -4.2949e-06
  -0.0392581 -8.06881e-05 -4.13441e-06
  -0.0395585 -7.93433e-05 -4.01009e-06
  -0.0398605 -7.75461e-05 -3.88706e-06
  -0.0401632  -7.4605e-05 -3.74545e-06
  -0.0404669 -7.16117e-05 -3.60148e-06
   -0.040771 -6.77871e-05 -3.40648e-06
  -0.0410757 -6.45656e-05 -3.15251e-06
   -0.041381 -6.18381e-05 -2.80589e-06
  -0.0416868 -5.85591e-05 -2.52089e-06
  -0.0419937 -5.59839e-05 -2.23112e-06
  -0.0423015 -5.29129e-05 -2.00985e-06
  -0.0426097 -5.00231e-05 -1.82638e-06
  -0.0429186 -4.82893e-05 -1.69187e-06
  -0.0432284 -4.56261e-05 -1.51704e-06
  -0.0435391 -4.47067e-05 -1.31077e-06
  -0.0438506 -4.35738e-05 -1.10076e-06
  -0.0441629 -4.46921e-05 -8.77784e-07
  -0.0444766 -4.55079e-05 -6.43952e-07
  -0.0447912 -4.79501e-05 -4.35954e-07
   -0.045108  -4.9214e-05 -1.80801e-07
   -0.045427 -5.22188e-05  6.30123e-08
  -0.0457467 -5.50742e-05   3.2218e-07
  -0.0460661 -5.86622e-05  5.96379e-07
  -0.0463851 -6.12725e-05  9.45372e-07
  -0.0467046 -6.27643e-05  1.40646e-06
 -0.0470236 -6.5509e-05 1.89961e-06
 -0.0473432  -6.701e-05 2.55913e-06
  -0.0476626 -6.80298e-05  3.23118e-06
  -0.0479813 -6.95395e-05  3.91708e-06
   -0.048299 -7.12831e-05  4.59295e-06
  -0.0486163 -7.33447e-05  5.28726e-06
  -0.0489335 -7.56688e-05  5.97026e-06
  -0.0492506 -8.05224e-05  6.64486e-06
  -0.0495685 -8.54928e-05  7.32145e-06
 -0.0498854  -9.095e-05 8.00679e-06
  -0.0502016 -9.63346e-05  8.67989e-06
  -0.0505176 -0.000102406   9.3646e-06
   -0.050833 -0.000108583   1.0073e-05
  -0.0511477 -0.000113958  1.07498e-05
  -0.0514613 -0.000120074  1.14652e-05
  -0.0517743 -0.000125499  1.21732e-05
  -0.0520858 -0.000131672  1.29031e-05
   -0.052396 -0.000135884  1.36067e-05
  -0.0527052 -0.000140639  1.43154e-05
  -0.0530139 -0.000144523  1.50514e-05
 -0.0533213 -0.00014772 1.58943e-05
  -0.0536278 -0.000150446  1.67187e-05
  -0.0539337 -0.000153964  1.75561e-05
  -0.0542395 -0.000157025  1.83377e-05
  -0.0545464 -0.000160818   1.9087e-05
  -0.0548539 -0.000163961  1.97738e-05
  -0.0551609 -0.000165665  2.04879e-05
  -0.0554665 -0.000166606   2.1173e-05
  -0.0557712 -0.000167473  2.18327e-05
  -0.0560755 -0.000167156  2.25072e-05
  -0.0563796 -0.000167071  2.32046e-05
  -0.0566831 -0.000166259  2.38741e-05
  -0.0569866 -0.000165411  2.45907e-05
  -0.0572901 -0.000163874  2.52783e-05
   -0.057593 -0.000163802   2.5993e-05
 -0.0578962 -0.00016351 2.66458e-05
  -0.0581988 -0.000163877  2.73381e-05
  -0.0585025 -0.000163941  2.79553e-05
  -0.0588065 -0.000165217   2.8648e-05
 -0.0591115 -0.00016744 2.93263e-05
   -0.059416 -0.000171108  3.00207e-05
  -0.0597201 -0.000175782  3.07734e-05
  -0.0600238 -0.000179966  3.14899e-05
 -0.0603278 -0.00018481 3.23071e-05
  -0.0606318 -0.000190819    3.312e-05
  -0.0609362 -0.000198435  3.39047e-05
  -0.0612407 -0.000206257  3.46511e-05
 -0.0615449 -0.00021466 3.54323e-05
  -0.0618498 -0.000223176  3.61717e-05
  -0.0621536 -0.000231259  3.69328e-05
  -0.0624561 -0.000237501  3.76503e-05
 -0.0627576 -0.00024366 3.83259e-05
  -0.0630584 -0.000248914  3.89761e-05
  -0.0633586 -0.000254578  3.95617e-05
  -0.0636593 -0.000259201  4.01423e-05
  -0.0639591 -0.000263848  4.06959e-05
  -0.0642586 -0.000267646  4.12243e-05
  -0.0645573 -0.000272195  4.17851e-05
  -0.0648562 -0.000275708  4.22818e-05
  -0.0651551 -0.000277107    4.274e-05
  -0.0654525 -0.000278284  4.32196e-05
  -0.0657489 -0.000278883   4.3641e-05
  -0.0660443 -0.000279383  4.40655e-05
   -0.066339 -0.000279179  4.44712e-05
  -0.0666329 -0.000278132  4.49095e-05
  -0.0669255 -0.000276403   4.5316e-05
  -0.0672164 -0.000277057  4.57218e-05
  -0.0675065 -0.000277845  4.61431e-05
   -0.067796 -0.000280726  4.65886e-05
  -0.0680851 -0.000283311  4.70288e-05
  -0.0683727 -0.000288417  4.74975e-05
  -0.0686599 -0.000291182  4.79115e-05
  -0.0689453 -0.000294995   4.8421e-05
  -0.0692294 -0.000298474  4.88986e-05
  -0.0695122 -0.000302732  4.92658e-05
  -0.0697938 -0.000307362  4.96796e-05
  -0.0700737 -0.000314976  5.00492e-05
  -0.0703521 -0.000322597  5.04611e-05
  -0.0706302 -0.000331818  5.08491e-05
 -0.0709079 -0.00034097 5.12822e-05
  -0.0711856 -0.000350232  5.16747e-05
  -0.0714634 -0.000358858  5.21036e-05
  -0.0717422 -0.000367971  5.24884e-05
  -0.0720205 -0.000376273  5.29585e-05
  -0.0722994 -0.000383834   5.3364e-05
  -0.0725776 -0.000391026  5.38116e-05
  -0.0728554 -0.000397721  5.42864e-05
  -0.0731312 -0.000407023  5.48837e-05
  -0.0734072 -0.000416636  5.54246e-05
  -0.0736818 -0.000426196  5.61061e-05
  -0.0739566 -0.000435536  5.67343e-05
  -0.0742292 -0.000445421  5.74372e-05
 -0.0745013 -0.00045602 5.80659e-05
  -0.0747723 -0.000466855  5.88143e-05
  -0.0750428 -0.000477373  5.95097e-05
 -0.0753103 -0.00048806 6.03183e-05
   -0.075577 -0.000497409  6.11196e-05
  -0.0758419 -0.000507779  6.20797e-05
 -0.0761072 -0.00051651  6.3093e-05
  -0.0763708 -0.000527571  6.42454e-05
  -0.0766343 -0.000536253  6.54798e-05
  -0.0768959 -0.000547468  6.68168e-05
  -0.0771583 -0.000558444  6.81162e-05
 -0.0774172 -0.00057199 6.95388e-05
   -0.077677 -0.000581117  7.09109e-05
 -0.0779343 -0.00058859 7.21945e-05
  -0.0781875 -0.000597392  7.36643e-05
  -0.0784373 -0.000605132  7.51082e-05
  -0.0786828 -0.000610896   7.6637e-05
  -0.0789244 -0.000617755  7.82898e-05
   -0.079165 -0.000621197  7.99186e-05
  -0.079402 -0.00062522 8.15768e-05
  -0.0796371 -0.000627827   8.3203e-05
  -0.0798698 -0.000630481  8.47879e-05
  -0.0800983 -0.000635888  8.64504e-05
 -0.0803253 -0.00064084 8.81084e-05
  -0.0805503 -0.000647382   8.9857e-05
  -0.0807746 -0.000655072   9.1634e-05
  -0.0809972 -0.000664269  9.34892e-05
  -0.0812192 -0.000675043  9.53713e-05
    -0.08144 -0.000685869  9.72942e-05
  -0.0816613 -0.000696902  9.92056e-05
  -0.0818828 -0.000706894  0.000101242
  -0.0821046 -0.000718239  0.000103269
 -0.0823278 -0.00072692 0.000105348
  -0.0825503 -0.000736148  0.000107387
  -0.0827733 -0.000741134  0.000109545
  -0.0829945 -0.000746305  0.000111652
  -0.0832145 -0.000749282  0.000113825
   -0.083433 -0.000752486  0.000116008
  -0.0836501 -0.000753731  0.000118258
  -0.0838654 -0.000756343  0.000120575
    -0.08408 -0.000756497  0.000122877
  -0.0842931 -0.000757139    0.0001252
 -0.0845049  -0.0007558 0.000127555
  -0.0847157 -0.000754408  0.000129996
  -0.0849265 -0.000750081  0.000132486
  -0.0851368 -0.000747549  0.000135011
  -0.0853487 -0.000742096  0.000137635
  -0.0855615 -0.000737235  0.000140273
  -0.0857748 -0.000731987  0.000142931
  -0.0859884 -0.000727607  0.000145559
  -0.0862015 -0.000722541  0.000148245
  -0.086413 -0.00071929 0.000150911
  -0.0866235 -0.000716813  0.000153583
  -0.0868333 -0.000715207  0.000156252
  -0.0870429 -0.000714189  0.000158839
  -0.0872485 -0.000714002  0.000161481
  -0.0874513 -0.000715491  0.000164138
  -0.0876491 -0.000719132   0.00016686
 -0.0878447 -0.00072328 0.000169629
  -0.0880348 -0.000729972  0.000172463
  -0.0882225 -0.000736033  0.000175303
  -0.0884057 -0.000743425  0.000178159
 -0.0885866 -0.00075014 0.000180991
  -0.0887621 -0.000758255  0.000183883
  -0.0889366 -0.000765294  0.000186746
  -0.0891069 -0.000774047  0.000189617
  -0.0892747 -0.000781962  0.000192485
  -0.0894385 -0.000790262  0.000195356
  -0.0896005 -0.000797675  0.000198174
  -0.0897583 -0.000805651   0.00020099
  -0.0899156 -0.000812871  0.000203753
  -0.0900695 -0.000821296   0.00020652
  -0.0902207 -0.000829468   0.00020932
  -0.0903706 -0.000838485  0.000212071
  -0.0905172 -0.000848149  0.000214861
  -0.0906631 -0.000858773  0.000217594
  -0.0908085 -0.000868145  0.000220361
  -0.0909543 -0.000877542  0.000223108
  -0.0910981 -0.000886702  0.000225859
  -0.0912409 -0.000895616   0.00022862
  -0.0913829 -0.000903043  0.000231425
  -0.0915254 -0.000910434   0.00023419
  -0.0916658 -0.000917698  0.000236983
  -0.0918067 -0.000923743  0.000239762
   -0.091948 -0.000928549  0.000242557
  -0.0920907 -0.000931239  0.000245347
  -0.0922333 -0.000933811  0.000248147
   -0.092377 -0.000933471  0.000250927
  -0.0925198 -0.000932706  0.000253698
  -0.0926611 -0.000931729  0.000256455
  -0.0928021 -0.000930121  0.000259176
  -0.0929417 -0.000927971  0.000261876
  -0.0930812 -0.000924701   0.00026458
  -0.0932193 -0.000921274  0.000267292
  -0.0933564 -0.000918073  0.000269975
  -0.0934912 -0.000915498  0.000272652
  -0.0936255 -0.000912868  0.000275298
  -0.0937575 -0.000910604  0.000277886
  -0.0938881 -0.000909425  0.000280448
  -0.0940157 -0.000908813  0.000282973
  -0.0941415 -0.000908011  0.000285461
   -0.094266 -0.000907358  0.000287936
  -0.0943884 -0.000907918   0.00029035
  -0.0945086 -0.000908465  0.000292756
  -0.0946266 -0.000910576   0.00029509
  -0.0947412 -0.000912805  0.000297422
  -0.0948546 -0.000914733  0.000299732
   -0.094965 -0.000916876  0.000302038
  -0.0950738 -0.000919007  0.000304339
 -0.0951806 -0.00092228 0.000306595
  -0.0952868 -0.000925549  0.000308827
  -0.0953904 -0.000929519  0.000311052
 -0.0954923 -0.00093412 0.000313257
  -0.0955923 -0.000938637  0.000315459
  -0.0956907 -0.000944355  0.000317612
  -0.0957872 -0.000950075  0.000319742
  -0.0958817 -0.000957541  0.000321799
  -0.0959757 -0.000964329    0.0003238
 -0.0960692 -0.00097182 0.000325732
  -0.0961621 -0.000978437  0.000327627
  -0.0962543 -0.000985718  0.000329454
 -0.0963448 -0.00099243 0.000331234
  -0.0964343 -0.000999179  0.000332983
 -0.0965215 -0.00100481 0.000334741
 -0.0966069 -0.00101094 0.000336448
 -0.0966906 -0.00101614 0.000338161
  -0.096773 -0.00102016 0.000339886
 -0.0968544 -0.00102378 0.000341616
 -0.0969344 -0.00102616 0.000343321
 -0.0970132 -0.00102753 0.000345017
 -0.0970893 -0.00102802 0.000346704
 -0.0971649 -0.00102718 0.000348347
 -0.0972385 -0.00102638  0.00034998
 -0.0973118 -0.00102471 0.000351599
 -0.0973829 -0.00102218 0.000353187
 -0.0974526 -0.00101859 0.000354749
 -0.0975207 -0.00101448 0.000356283
 -0.0975878 -0.00100952 0.000357779
 -0.0976528 -0.00100536 0.000359241
 -0.0977168 -0.00100105 0.000360676
  -0.0977778 -0.000997263  0.000362079
  -0.0978379 -0.000993018  0.000363449
   -0.097896 -0.000989123  0.000364793
  -0.0979519 -0.000986123  0.000366081
  -0.0980057 -0.000982848  0.000367342
   -0.098058 -0.000979895  0.000368566
  -0.0981084 -0.000977452  0.000369764
  -0.0981579 -0.000975364   0.00037093
  -0.0982061 -0.000973439  0.000372078
  -0.0982531 -0.000972093  0.000373186
  -0.0982993 -0.000971436  0.000374245
  -0.0983446 -0.000971126   0.00037529
  -0.0983888 -0.000971256  0.000376308
  -0.0984321 -0.000972111  0.000377306
  -0.0984749 -0.000973236  0.000378279
  -0.0985172 -0.000974923  0.000379221
  -0.0985578 -0.000976973  0.000380125
  -0.0985977 -0.000979538  0.000380992
  -0.0986369 -0.000982238  0.000381827
  -0.0986758 -0.000984887  0.000382638
  -0.0987135 -0.000987977  0.000383412
  -0.0987509 -0.000990498  0.000384134
  -0.0987869 -0.000992713  0.000384816
  -0.0988218 -0.000995165  0.000385432
  -0.0988558 -0.000997333  0.000385999
  -0.0988884 -0.000999642  0.000386509
   -0.09892 -0.00100169  0.00038697
 -0.0989503 -0.00100335 0.000387386
  -0.098979 -0.00100488 0.000387773
 -0.0990067 -0.00100598 0.000388131
 -0.0990332 -0.00100694 0.000388469
 -0.099058 -0.0010077  0.0003888
 -0.0990824 -0.00100814 0.000389105
 -0.0991058 -0.00100839 0.000389395
  -0.099128 -0.00100875 0.000389665
 -0.0991489 -0.00100889  0.00038991
  -0.099169 -0.00100878 0.000390133
 -0.0991886 -0.00100819 0.000390345
 -0.0992066 -0.00100711 0.000390544
 -0.0992238 -0.00100605 0.000390693
 -0.0992394 -0.00100423 0.000390835
 -0.0992546 -0.00100153 0.000390967
  -0.0992686 -0.000998455  0.000391091
  -0.0992816 -0.000995179  0.000391204
  -0.0992931 -0.000990998  0.000391304
  -0.0993033 -0.000986462  0.000391392
  -0.0993127 -0.000981428  0.000391472
   -0.099321 -0.000976063  0.000391546
 -0.0993284 -0.00097057  0.00039161
  -0.0993353 -0.000964875  0.000391659
  -0.0993419 -0.000959487  0.000391695
 -0.0993481 -0.00095454 0.000391706
  -0.0993545 -0.000949921  0.000391692
  -0.0993597 -0.000945722  0.000391654
  -0.0993646 -0.000941818  0.000391607
 -0.0993679 -0.00093806 0.000391547
 -0.0993705 -0.00093411 0.000391465
   -0.099372 -0.000929974  0.000391376
  -0.0993723 -0.000926091  0.000391274
  -0.0993715 -0.000922093  0.000391168
  -0.0993696 -0.000918794   0.00039102
  -0.0993672 -0.000915221  0.000390859
  -0.0993637 -0.000912197  0.000390666
  -0.0993597 -0.000908944  0.000390458
  -0.0993548 -0.000906366  0.000390214
  -0.0993492 -0.000903563   0.00038996
  -0.0993426 -0.000901575  0.000389659
  -0.0993357 -0.000899504  0.000389337
  -0.0993283 -0.000897735  0.000388994
  -0.0993205 -0.000895987  0.000388636
  -0.0993124 -0.000894519  0.000388254
 -0.0993041 -0.00089323 0.000387849
  -0.0992957 -0.000892224   0.00038742
 -0.0992874 -0.00089121  0.00038699
  -0.0992793 -0.000890164  0.000386545
  -0.0992712 -0.000889332  0.000386076
  -0.0992636 -0.000888186  0.000385594
  -0.0992559 -0.000887365  0.000385084
   -0.099249 -0.000886281   0.00038455
  -0.0992423 -0.000884969  0.000384021
  -0.0992359 -0.000883676  0.000383486
  -0.0992297 -0.000882451  0.000382928
  -0.0992241 -0.000880989  0.000382353
  -0.0992183 -0.000879638  0.000381758
 -0.0992129 -0.00087803 0.000381142
  -0.0992076 -0.000876134  0.000380506
  -0.0992028 -0.000873942  0.000379852
  -0.0991981 -0.000871368  0.000379189
  -0.0991938 -0.000868682  0.000378527
  -0.0991896 -0.000865801  0.000377877
  -0.0991859 -0.000863001  0.000377228
  -0.0991826 -0.000859729  0.000376589
  -0.0991798 -0.000856699  0.000375943
   -0.099177 -0.000853352  0.000375331
  -0.0991747 -0.000850212  0.000374711
  -0.0991727 -0.000846556  0.000374121
 -0.0991715 -0.00084292 0.000373533
    -0.09917 -0.000839348  0.000372954
  -0.0991694 -0.000835889  0.000372372
  -0.0991694 -0.000832184  0.000371802
  -0.0991699 -0.000828902  0.000371223
  -0.0991706 -0.000826323  0.000370626
  -0.0991718 -0.000823974  0.000370021
  -0.0991735 -0.000821655  0.000369434
  -0.0991758 -0.000819668  0.000368856
  -0.0991785 -0.000818041  0.000368307
  -0.0991818 -0.000816862  0.000367776
  -0.0991862 -0.000815185   0.00036729
  -0.0991905 -0.000814109  0.000366812
   -0.099195 -0.000812985  0.000366352
  -0.0991994 -0.000812198  0.000365889
  -0.0992037 -0.000812075  0.000365408
  -0.0992083 -0.000812329  0.000364944
  -0.0992124 -0.000812968  0.000364471
  -0.0992162 -0.000813504  0.000364008
  -0.0992195 -0.000813973  0.000363557
 -0.0992224 -0.00081419 0.000363107
   -0.099225 -0.000815493  0.000362636
  -0.0992268 -0.000817011  0.000362174
  -0.0992281 -0.000817985  0.000361751
  -0.0992291 -0.000818743   0.00036132
  -0.0992299 -0.000819903   0.00036089
  -0.0992297 -0.000820533  0.000360461
  -0.0992284 -0.000822626   0.00035999
  -0.0992272 -0.000823816  0.000359534
   -0.099225 -0.000825853  0.000359045
  -0.0992224 -0.000826805  0.000358566
  -0.0992199 -0.000827572   0.00035809
   -0.099218 -0.000827314  0.000357617
  -0.0992162 -0.000827123  0.000357154
  -0.0992143 -0.000826545  0.000356705
  -0.0992127 -0.000825999  0.000356255
  -0.0992115 -0.000824669   0.00035581
  -0.0992105 -0.000823602  0.000355366
  -0.0992099 -0.000821705  0.000354929
  -0.0992096 -0.000820039  0.000354487
  -0.0992094 -0.000817719  0.000354055
  -0.0992094 -0.000814958  0.000353644
  -0.0992098 -0.000811365  0.000353238
  -0.0992106 -0.000807747  0.000352826
  -0.0992116 -0.000803457  0.000352428
  -0.0992132 -0.000798725  0.000352033
  -0.0992149 -0.000793592  0.000351643
  -0.0992173 -0.000788568  0.000351239
  -0.0992195 -0.000783287  0.000350842
  -0.0992224 -0.000778394  0.000350425
   -0.099225 -0.000773717  0.000350016
  -0.0992281 -0.000769259  0.000349595
   -0.099231 -0.000764703  0.000349194
  -0.0992343 -0.000760194  0.000348789
  -0.0992373 -0.000755727  0.000348379
  -0.0992405 -0.000751217  0.000347965
  -0.0992432 -0.000747264  0.000347538
   -0.099246 -0.000743251  0.000347116
  -0.0992483 -0.000739966   0.00034668
  -0.0992506 -0.000736693  0.000346245
  -0.0992522 -0.000734224  0.000345788
  -0.0992537 -0.000731666  0.000345341
  -0.0992547 -0.000729513  0.000344887
  -0.0992557 -0.000727242  0.000344446
  -0.0992561 -0.000725491  0.000343988
  -0.0992565 -0.000723406  0.000343548
  -0.0992563 -0.000721817  0.000343099
  -0.099256 -0.00072014 0.000342661
   -0.099255 -0.000718986    0.0003422
  -0.0992541 -0.000717675  0.000341759
  -0.0992525 -0.000716955  0.000341305
   -0.099251 -0.000716027  0.000340868
  -0.0992491 -0.000715429  0.000340416
 -0.0992471 -0.00071495 0.000339972
  -0.0992446 -0.000714925  0.000339514
  -0.0992422 -0.000714897  0.000339079
  -0.0992397 -0.000714981  0.000338625
  -0.0992372 -0.000714958  0.000338196
  -0.0992344 -0.000715283  0.000337742
  -0.099232 -0.00071579 0.000337298
  -0.0992296 -0.000716635  0.000336829
  -0.0992274 -0.000718054  0.000336347
   -0.099225 -0.000719959  0.000335856
  -0.0992227 -0.000722139  0.000335372
 -0.0992209 -0.00072393 0.000334887
  -0.0992194 -0.000725706  0.000334408
  -0.0992185 -0.000726794  0.000333919
  -0.0992178 -0.000728093  0.000333435
  -0.0992177 -0.000728994  0.000332951
   -0.099218 -0.000730045  0.000332479
