-1.53843e-07  4.37272e-39  2.62363e-38
 -0.00171931 -0.000165154  0.000270568
-0.00358016 0.000251659 0.000230535
-0.00619285 0.000616203 0.000174088
 -0.00927911  0.000953367 -9.71937e-05
  -0.0125981  0.000902316 -0.000307183
   -0.016182  0.000479353 -0.000472202
  -0.0204064  0.000630267 -0.000560689
  -0.0249415  0.000128897 -0.000643429
  -0.0291787 -0.000437542 -0.000688011
  -0.0334972 -0.000690874 -0.000769705
  -0.0372882   -0.0011529 -0.000783068
  -0.0408733 -0.000217871 -0.000646911
  -0.0441231  4.90031e-05 -0.000502106
  -0.0472946  0.000189525 -0.000269709
  -0.0497447 -0.000520059 -0.000160846
  -0.051849 -0.00109762 8.66535e-05
 -0.0533238 -0.00233355  9.5861e-05
 -0.0542545  -0.0031855 0.000402255
  -0.053839 -0.00453943 0.000482681
-0.0525312 -0.0052816 0.00037475
  -0.049884 -0.00672077 7.19666e-05
 -0.0467131 -0.00904311 -0.00065739
 -0.0421453   -0.012718 -0.00149355
 -0.0367138  -0.0154072 -0.00213838
 -0.0308384  -0.0178299 -0.00300479
 -0.0241563  -0.0188077 -0.00351963
  -0.017048  -0.0194874 -0.00407675
 -0.0100506  -0.0196812 -0.00446307
-0.00362791   -0.019687 -0.00476756
 0.00240745  -0.0191638 -0.00499639
 0.00786892  -0.0182187 -0.00523519
  0.0126796  -0.0174851 -0.00548075
  0.0171884  -0.0163554 -0.00572503
  0.0214803  -0.0147507 -0.00575671
  0.0250866  -0.0126125 -0.00587171
  0.0279978  -0.0112443 -0.00611841
  0.0304404   -0.009632 -0.00630741
  0.0321945 -0.00768803 -0.00648935
  0.0335152 -0.00503263 -0.00641642
  0.0339033 -0.00175165 -0.00633629
   0.034414  0.00119938 -0.00627754
  0.0341584  0.00437184 -0.00610412
  0.0345407   0.0071174 -0.00588918
  0.0348715   0.0109024 -0.00546363
  0.0362213   0.0140135 -0.00500357
  0.0374431   0.0173476 -0.00449388
  0.0390304    0.019874 -0.00387275
  0.0397732   0.0221751 -0.00338577
  0.0418436   0.0239936 -0.00260947
   0.043487   0.0246288 -0.00157686
   0.0450698    0.0251544 -0.000498654
  0.0462881   0.0258399 0.000473416
   0.04715  0.0261238 0.00140848
 0.0469903  0.0261102 0.00206057
 0.0464573  0.0258776 0.00274479
 0.0449637  0.0255396 0.00322952
 0.0430796  0.0248907 0.00377209
 0.0403491  0.0232475 0.00447761
 0.0376096  0.0211756 0.00528888
 0.0343533   0.018537 0.00592499
 0.0314604  0.0154257 0.00663196
   0.02858  0.0128508 0.00726924
 0.0263461 0.00925183 0.00806447
 0.0238106 0.00678463 0.00897727
 0.0217613 0.00357328  0.0100389
 0.0196016 0.00127818  0.0111563
   0.017063 -0.00157814   0.0123834
  0.0137155 -0.00462659   0.0133185
  0.0103331 -0.00839014   0.0143425
0.00679301  -0.011277  0.0152669
0.00343436 -0.0150552  0.0162815
2.90325e-05  -0.0183035   0.0170407
-0.00357257  -0.0228125    0.017826
-0.00743123  -0.0268671   0.0185893
-0.0111406 -0.0310374  0.0193374
-0.0145735 -0.0338024  0.0201476
-0.0175236 -0.0367444   0.020912
-0.0207566 -0.0385189  0.0216056
-0.0229446 -0.0405073   0.022184
-0.0247495 -0.0408151  0.0227715
-0.0264953 -0.0408198    0.02358
-0.0279378 -0.0399153  0.0242646
-0.0290183 -0.0385291  0.0251649
-0.0293956 -0.0367206  0.0257362
-0.0289379 -0.0346542   0.026661
-0.0286368 -0.0333684  0.0274467
-0.0285082 -0.0311212   0.028496
-0.0281836 -0.0279015  0.0290317
-0.0276335 -0.0252711  0.0295608
-0.0270129 -0.0225456   0.030043
-0.0260334 -0.0197885  0.0304413
-0.0248885 -0.0163354  0.0302636
 -0.023383 -0.0130167  0.0301856
 -0.0222033 -0.00888642   0.0295185
 -0.0202472 -0.00447544   0.0290962
 -0.0172382 -0.00126849    0.028124
-0.0136165 0.00120049  0.0274865
-0.00889581  0.00369577   0.0266597
-0.00299059   0.0058382   0.0262383
0.00398867 0.00860138  0.0252825
0.0118629 0.0105538 0.0248741
0.0198001 0.0122413 0.0242748
0.0278334 0.0131911 0.0240691
 0.036298 0.0132265  0.023431
0.0449678 0.0128392 0.0233715
0.0539402 0.0129474 0.0231888
0.0622273 0.0133498 0.0229569
0.0697206 0.0134433 0.0225868
0.0764073 0.0137108 0.0223113
0.0822341 0.0147101   0.02221
0.0883744 0.0157148 0.0222891
0.0942451 0.0157375 0.0219018
0.0996371 0.0151114   0.02176
 0.103999 0.0135337 0.0214979
 0.106853 0.0119815 0.0212842
 0.108301 0.0111239 0.0210889
  0.109052 0.00992214  0.0211854
  0.108793 0.00889275  0.0213519
  0.108317 0.00799371  0.0216331
  0.106929 0.00757252  0.0220711
  0.10502 0.0066464 0.0225956
  0.102379 0.00459749  0.0228066
 0.0987921 0.00288753  0.0229094
 0.0950529 0.00259122  0.0231621
 0.0896194 0.00317292   0.023174
 0.0836291 0.00286651  0.0230926
0.0766322 0.0030898 0.0226749
 0.0690202 0.00216981  0.0219376
  0.0602528 0.000337551   0.0208234
    0.051481 -0.000945329    0.0194796
  0.0418786 -0.00210207   0.0180009
  0.0326892 -0.00214135   0.0166084
  0.0240169 -0.00374818   0.0149795
  0.0164811 -0.00451068   0.0131216
 0.00953484 -0.00365133   0.0117799
 0.00254774 -0.00307895   0.0104283
-0.00495425 -0.00203119  0.00879402
-0.0125324 -0.0015932   0.007149
  -0.0197282 -0.000399067    0.0052859
-0.0269007 8.3199e-05  0.0034511
 -0.0330605 0.000670016  0.00173834
   -0.03961  0.00139499 0.000403299
  -0.0436163    0.0022639 -0.000819533
 -0.0465782  0.00359144 -0.00151715
-0.0466983 0.00572784 -0.0021053
 -0.0457889  0.00675658 -0.00267018
 -0.0430845  0.00819465 -0.00297193
 -0.0385264  0.00873506 -0.00330695
 -0.0324529  0.00916146 -0.00356261
 -0.0252236  0.00773344 -0.00381519
 -0.0169004  0.00783723 -0.00358274
 -0.0071992  0.00705405 -0.00328396
 0.00394318   0.0077082 -0.00239349
 0.0160809 0.00826303 -0.0014091
   0.0277444   0.00800844 -0.000505622
  0.0392773  0.00768651 0.000131312
  0.0497543  0.00681244 0.000575799
 0.0592879 0.00631434 0.00106814
  0.067722 0.00620443 0.00161345
 0.0752636 0.00568715 0.00206421
 0.0820602 0.00529473 0.00256101
 0.0886031 0.00559285 0.00320325
 0.0946492 0.00554815 0.00377116
  0.101629 0.00615519 0.00464058
  0.109059  0.0061784 0.00568328
  0.116844 0.00760898 0.00731846
  0.125085 0.00820604 0.00884365
  0.133433 0.00824671  0.0101663
  0.140358 0.00736345  0.0114712
  0.145796 0.00506773  0.0122928
  0.149377 0.00356811  0.0126684
  0.151371 0.00214904  0.0130131
   0.153119 0.000860026   0.0133906
    0.154071 -0.000656036    0.0137059
   0.155074 -0.00322196   0.0145029
   0.154984 -0.00475998   0.0153468
   0.154385 -0.00641599    0.016181
  0.152614 -0.0060562  0.0173462
   0.151288 -0.00653764   0.0184369
   0.149189 -0.00728187   0.0192369
   0.145994 -0.00727902    0.019644
   0.141362 -0.00706341   0.0196507
   0.136151 -0.00649952   0.0196909
   0.129232 -0.00447778   0.0195214
    0.12081 -0.00267894   0.0191796
    0.111452 -0.000303943    0.0191108
  0.101893 0.00138772  0.0192026
 0.0922987 0.00378315  0.0192411
 0.0840162 0.00631914  0.0193404
 0.0756285 0.00799463  0.0192874
0.0683474 0.0105498 0.0192931
0.0613571 0.0129589 0.0188863
0.0566241 0.0162883 0.0186606
0.0532268 0.0179067 0.0184549
0.0513966 0.0203601 0.0183841
 0.049913 0.0211088 0.0182666
0.0491659 0.0218991 0.0180703
0.0495903 0.0226432 0.0177462
0.0506311 0.0232005 0.0172294
0.0526609 0.0219819 0.0168318
0.0562255  0.021274 0.0163723
0.0598202 0.0198771 0.0164574
0.0634714 0.0184122 0.0164768
0.0673465 0.0175077 0.0158231
0.0720382 0.0174146 0.0153042
0.0774447 0.0158257 0.0143646
 0.083016 0.0144683 0.0133781
0.0874438 0.0122308 0.0121827
0.0921747 0.0105211 0.0110222
 0.0976778 0.00949012 0.00974284
  0.103233 0.00899837    0.00855
  0.108721 0.00705228  0.0066298
  0.115044 0.00537326 0.00465313
  0.120547 0.00316417 0.00239045
   0.125742  0.00110385 6.33941e-05
     0.1299 -0.00105585 -0.00209088
   0.133451 -0.00274094 -0.00418251
   0.137385 -0.00418834  -0.0061825
   0.141374 -0.00380345 -0.00813524
   0.145759 -0.00386234  -0.0103774
   0.150243 -0.00271597  -0.0126486
     0.15492 -0.000239809   -0.0148554
  0.160172 0.00247476   -0.01678
   0.16563 0.00468053  -0.018948
  0.170827 0.00698009 -0.0209071
  0.175433 0.00907746 -0.0226836
   0.17964  0.0117622 -0.0243276
  0.182693  0.0142212 -0.0256404
  0.184534  0.0164236 -0.0265115
  0.185654   0.019869 -0.0269615
  0.186869  0.0231409 -0.0272602
 0.187602 0.0267115 -0.027474
  0.187067  0.0298559 -0.0273691
  0.185206  0.0330149 -0.0273114
  0.182154  0.0348134 -0.0270589
  0.178391  0.0360384 -0.0269156
  0.173442  0.0368869 -0.0266621
  0.167677  0.0385823 -0.0263783
 0.161369 0.0398427 -0.026197
  0.154804  0.0411975 -0.0263057
  0.148224  0.0424839 -0.0262344
 0.142462 0.0429356 -0.026281
  0.136477  0.0438725 -0.0261286
  0.130904  0.0439147 -0.0259487
  0.126381  0.0430361 -0.0260256
  0.123282  0.0401426 -0.0256917
  0.120967  0.0370502 -0.0251594
  0.119805  0.0336535 -0.0246474
  0.119037    0.02928 -0.0242739
  0.118871  0.0250573 -0.0239342
  0.118819   0.020205 -0.0239203
  0.118854   0.016175 -0.0242643
  0.119207   0.012821 -0.0251527
   0.11979 0.00907433 -0.0256329
  0.121017 0.00619817 -0.0261231
  0.122733 0.00296209  -0.026183
   0.124511 5.40147e-05  -0.0260166
   0.126623 -0.00157391  -0.0255671
   0.129276 -0.00404981  -0.0253841
   0.132438 -0.00468247   -0.025402
   0.135978 -0.00549863   -0.025445
   0.139941 -0.00404404  -0.0255679
   0.144827 -0.00295669  -0.0257544
    0.150271 -0.000305693   -0.0257811
  0.157363 0.00105448 -0.0260935
  0.166238 0.00407994 -0.0263272
  0.175175 0.00681874  -0.026647
  0.183262  0.0101596 -0.0270458
  0.190429   0.012378 -0.0278795
  0.197639  0.0133857 -0.0293513
  0.204004  0.0155916 -0.0309512
  0.210455  0.0164636 -0.0334812
  0.216397  0.0168192 -0.0359743
  0.221288  0.0176461 -0.0384405
  0.225002  0.0186686 -0.0407375
  0.227964  0.0199612 -0.0430455
  0.230729  0.0214568 -0.0451849
   0.23333  0.0253958 -0.0471813
  0.236496  0.0292724 -0.0491045
  0.238657  0.0334569 -0.0509976
  0.239987  0.0373806 -0.0527362
 0.241023  0.041809 -0.054471
  0.241636  0.0461431 -0.0562739
  0.241485   0.049487 -0.0578103
  0.240353  0.0534172 -0.0595147
  0.238789  0.0564852 -0.0611035
  0.235914  0.0601611 -0.0627588
 0.231966 0.0617271 -0.064186
  0.227449  0.0637644 -0.0655855
  0.222651  0.0648503 -0.0670916
  0.217027  0.0652103 -0.0691789
  0.210969  0.0650919 -0.0710685
  0.204697  0.0657701 -0.0729586
  0.198839  0.0659693 -0.0744355
  0.194578  0.0668904 -0.0756594
 0.191372 0.0671311 -0.076461
  0.188007  0.0659373 -0.0773988
  0.183718  0.0640472 -0.0781278
  0.178855  0.0621751 -0.0786785
  0.174264  0.0592187 -0.0793021
  0.169851  0.0566332 -0.0800423
 0.165449 0.0534486  -0.08059
  0.161516  0.0503779 -0.0814042
 0.158085 0.0467693 -0.082015
  0.154476  0.0447831 -0.0827687
  0.151808  0.0426728 -0.0831243
  0.149023  0.0413157 -0.0837099
  0.147774  0.0397239 -0.0838261
 0.147297 0.0394114 -0.084399
  0.148205  0.0400551 -0.0848672
  0.149099  0.0421071 -0.0854199
 0.149889 0.0450665 -0.086307
  0.150777  0.0474069 -0.0869449
  0.152293  0.0502995 -0.0881689
 0.154263 0.0542193  -0.08932
  0.157059  0.0595591 -0.0902592
   0.16018  0.0648637 -0.0909336
  0.163524  0.0705065 -0.0917964
  0.167851  0.0760088 -0.0923781
  0.171427  0.0808363 -0.0930728
   0.17416  0.0836211 -0.0934837
  0.176258   0.086204 -0.0936336
 0.178225 0.0877768 -0.093633
  0.180076  0.0896922 -0.0932534
  0.182856   0.090494 -0.0928699
  0.185257  0.0912903 -0.0923501
  0.187922  0.0912148 -0.0917107
  0.190304  0.0918948 -0.0913038
  0.193391  0.0915237 -0.0905383
  0.197008  0.0890788 -0.0895841
  0.199678  0.0865333 -0.0888098
 0.201916 0.0835372 -0.087729
 0.203702 0.0805864 -0.086724
  0.205543  0.0770781 -0.0856594
  0.207152  0.0729009 -0.0848473
  0.208086  0.0682432 -0.0838882
 0.208122 0.0661692 -0.082977
  0.208127  0.0643281 -0.0822085
  0.208254  0.0646534 -0.0816272
  0.208776  0.0646743 -0.0810487
  0.208599  0.0672009 -0.0806752
  0.208862  0.0672947 -0.0799975
 0.208077 0.0684287 -0.079932
  0.206946  0.0691845 -0.0796847
  0.205328  0.0706842 -0.0787926
  0.203559  0.0724895 -0.0782289
  0.200933  0.0771789 -0.0774328
  0.197935  0.0816673 -0.0769347
  0.195534  0.0875431 -0.0763235
 0.193831 0.0930891 -0.076019
 0.193101 0.0984966 -0.075491
  0.193488   0.103034 -0.0752126
  0.195654   0.107854 -0.0746882
  0.198302   0.111659 -0.0747068
 0.202286  0.114562 -0.074343
  0.206388   0.116974 -0.0742551
  0.210842   0.118793 -0.0743422
  0.214135   0.123125 -0.0751687
   0.21852   0.127576 -0.0756266
 0.222228  0.131782 -0.076917
  0.227053   0.135588 -0.0778357
  0.230448    0.13977 -0.0791697
  0.234315   0.144481 -0.0800043
  0.237897   0.149222 -0.0815287
  0.241905   0.153444 -0.0826732
  0.243816   0.157652 -0.0844538
  0.245917   0.160352 -0.0861172
  0.247331   0.163954 -0.0886683
  0.250086   0.165779 -0.0914313
 0.252115  0.169846 -0.094914
  0.255122   0.171378 -0.0987402
  0.25727  0.175368 -0.103019
 0.261159  0.178953 -0.106887
 0.262629  0.184938 -0.111329
  0.26606  0.186278 -0.115275
0.268051 0.185931 -0.11852
 0.267112  0.186933 -0.122748
 0.263946   0.18685 -0.126638
 0.257874  0.184825 -0.130872
  0.24945  0.183995 -0.135672
 0.241638  0.179825 -0.140122
 0.23172 0.176437 -0.14456
 0.221705  0.171814 -0.148617
 0.210994  0.167462 -0.152254
 0.197911  0.166054 -0.156208
 0.185151  0.164273 -0.159969
0.172256 0.164163 -0.16412
0.160437  0.16521 -0.16827
 0.148876  0.167717 -0.172718
 0.138477  0.171688 -0.177143
0.128684 0.175542 -0.18163
 0.121103  0.179438 -0.185862
 0.115322  0.182137 -0.190675
  0.11151  0.186068 -0.195231
 0.110508  0.187191 -0.199912
 0.110227   0.18882 -0.204161
 0.111767  0.186178 -0.208953
 0.112766  0.183856 -0.213245
 0.113907  0.179477 -0.217762
  0.11491  0.175537 -0.222154
 0.115832  0.169847 -0.226777
 0.116189  0.165786 -0.231614
 0.117323  0.159486 -0.236168
 0.118294  0.153969 -0.240666
 0.119287   0.14675 -0.245171
 0.120604   0.13982 -0.250018
0.123285 0.130306 -0.25497
 0.126794  0.123017 -0.259925
 0.133177  0.113171 -0.265279
0.141482 0.104372  -0.2705
 0.151411 0.0955975 -0.275634
 0.162595 0.0880929  -0.28038
 0.174139  0.080257 -0.285286
 0.185066 0.0745852  -0.28987
 0.195992 0.0699455 -0.294315
 0.207229 0.0663861 -0.298574
 0.219093 0.0635772 -0.302164
 0.228005 0.0617241  -0.30595
 0.235163 0.0616224 -0.309682
 0.238517 0.0636641 -0.313672
 0.241076 0.0661186 -0.317788
 0.239526 0.0709891 -0.322145
 0.237164 0.0750139 -0.326368
 0.231886  0.080179 -0.330523
 0.226138 0.0844409 -0.334379
 0.216824  0.089902 -0.338457
 0.208377 0.0940511 -0.342205
 0.197676 0.0997167 -0.345865
 0.186587  0.104297 -0.349368
 0.173445  0.109056 -0.352763
 0.160749  0.112725 -0.355713
 0.145892  0.116792 -0.358556
 0.132858   0.11993 -0.360986
  0.11848  0.124128 -0.363362
 0.103696  0.127891 -0.365855
0.0896844   0.13233 -0.367982
0.0747122  0.137216 -0.370273
 0.061264   0.14284 -0.372152
 0.049404  0.146975 -0.374187
0.0399627  0.150954 -0.376045
0.0305754  0.154529 -0.377877
0.0222241  0.157704 -0.379715
0.0148843  0.159271 -0.381773
0.00999692   0.160741  -0.383525
0.00481099    0.16203  -0.385405
0.0018623  0.162061 -0.387147
0.000960524    0.160873   -0.388944
 0.003011   0.15765 -0.390663
0.00651169   0.154469  -0.392397
0.0124471  0.148556 -0.393966
0.0187104    0.1425 -0.395444
0.0247479  0.136521 -0.396813
 0.03182 0.130199 -0.39793
 0.038712  0.123637 -0.398909
0.0467634  0.116273   -0.3999
0.0545537  0.109096 -0.400937
0.0625167  0.102479 -0.401778
0.0695133 0.0967931 -0.402585
0.0770885 0.0913173 -0.403208
0.0836925 0.0864609 -0.403487
0.0901383 0.0829079 -0.403628
0.0948058 0.0800847 -0.403583
0.0990176 0.0772071 -0.403346
 0.103348  0.074612 -0.403083
  0.10691 0.0733427 -0.402493
 0.109679 0.0721229 -0.401925
 0.111741 0.0725128 -0.400981
 0.111742 0.0730066 -0.400104
 0.112194 0.0731826 -0.399168
 0.111129 0.0735666 -0.398286
 0.110091  0.073924 -0.397452
  0.10867  0.075403 -0.396422
  0.10819 0.0768125 -0.395335
 0.106651 0.0788577 -0.394288
 0.105104 0.0814394 -0.393207
  0.10314 0.0838233 -0.392191
 0.101231 0.0872934 -0.390965
0.0991129  0.090612 -0.389692
0.0965097 0.0955161 -0.388069
0.0951321 0.0995275 -0.386218
0.0947569  0.104059 -0.384073
0.0952152  0.107522 -0.381838
0.0964937  0.111491 -0.379327
0.0975739   0.11472 -0.376683
0.0990735  0.117845 -0.374003
0.0996521  0.119724 -0.371526
0.0998713  0.122025 -0.368892
0.0998083  0.123301 -0.366448
 0.100062   0.12335 -0.364209
 0.100596  0.123012 -0.362136
 0.101252  0.121469 -0.360038
 0.102144  0.118999 -0.358016
 0.101685  0.115774 -0.356056
 0.102172  0.111381 -0.353957
0.102032  0.10724 -0.35192
0.103082 0.102433 -0.34992
 0.103279 0.0969992 -0.347853
 0.103431 0.0907611 -0.345748
 0.103339 0.0842974 -0.343601
 0.103703 0.0773009 -0.341351
 0.103347 0.0714158 -0.339025
 0.103353 0.0656499 -0.336673
 0.101685 0.0606712 -0.334259
 0.100605 0.0554689 -0.331777
0.0989037 0.0508533 -0.329275
0.0963698 0.0473393 -0.326579
0.0932464 0.0437131 -0.323862
 0.090083 0.0405728  -0.32108
0.0864056 0.0380826 -0.318284
0.0833365  0.036059 -0.315445
0.0803568 0.0342897 -0.312655
0.0776883 0.0331754 -0.309766
0.0754908 0.0327952 -0.306737
0.0737318 0.0327764 -0.303783
0.0722616 0.0331936  -0.30082
0.0710926 0.0343121 -0.297888
0.0707393 0.0356457 -0.294965
0.0711823 0.0374768 -0.292005
0.0710054 0.0395833 -0.288965
0.0713487 0.0421044 -0.285867
0.0721244 0.0446448 -0.282738
0.0736552 0.0470188 -0.279616
0.0751102 0.0497218 -0.276434
  0.07736 0.0517383 -0.273101
0.0791425 0.0533598 -0.269693
0.0808579 0.0551428 -0.266058
0.0827176 0.0565632 -0.262304
0.0841912 0.0580609 -0.258397
0.0856892 0.0592377 -0.254387
0.0867526 0.0599697 -0.250305
0.0872909 0.0605462 -0.246239
0.0878088 0.0606663 -0.242203
0.0880263 0.0606423 -0.238234
0.0876609 0.0604253  -0.23442
 0.087774 0.0599058 -0.230631
0.0878622 0.0592247 -0.226933
0.0877629 0.0586787 -0.223289
0.0871433 0.0579491 -0.219675
0.0867948 0.0570034 -0.216103
0.0868065 0.0556198 -0.212635
0.0860584  0.053821 -0.209257
0.0854334 0.0521217 -0.205748
0.0841468 0.0497499 -0.202361
0.0832763 0.0466206  -0.19908
 0.082016 0.0432534 -0.195905
0.0806762 0.0398444 -0.192817
0.0786065 0.0356937 -0.189804
0.0760732 0.0313801 -0.186862
0.0736775 0.0267692 -0.184012
0.0709355 0.0220393 -0.181262
  0.06811 0.0173983 -0.178592
0.0656511 0.0127667 -0.175961
 0.0635813 0.00864914  -0.173378
 0.0618848 0.00515607   -0.17077
 0.0609756 0.00214518  -0.168137
   0.0595918 -0.000314762     -0.16549
  0.0585109 -0.00237276   -0.162911
  0.0564781 -0.00419543   -0.160382
 0.0543217 -0.0061288  -0.157836
  0.0516119 -0.00816167   -0.155369
  0.0484186 -0.00985526   -0.152944
 0.0446903 -0.0115896  -0.150606
 0.0405103 -0.0125555  -0.148129
 0.0364311 -0.0137529  -0.145687
 0.0317894 -0.0143559   -0.14317
 0.0272754 -0.0151631  -0.140685
 0.0223643 -0.0152679  -0.138099
 0.0173684 -0.0155966  -0.135572
 0.0119129 -0.0151049   -0.13288
0.00660796 -0.0147235  -0.130187
0.00134093  -0.014065  -0.127499
-0.00388519  -0.0134197   -0.124837
-0.00896426  -0.0125311   -0.122153
 -0.013847 -0.0115096  -0.119459
-0.0183831 -0.0102584  -0.116737
 -0.0225773 -0.00907665   -0.114137
 -0.0262273 -0.00798525   -0.111559
 -0.0296947 -0.00673502   -0.108961
  -0.032519 -0.00585731   -0.106394
-0.0352075 -0.0047016   -0.10378
 -0.0369799 -0.00386284   -0.101136
 -0.0386003 -0.00329303  -0.0986429
 -0.0398296 -0.00273414  -0.0962196
 -0.0409795 -0.00213628  -0.0937704
 -0.0415713 -0.00180392  -0.0913242
 -0.0424054 -0.00138083  -0.0888681
 -0.0430704 -0.00123594  -0.0863901
-0.0438319 -0.0013854 -0.0839046
 -0.0442191 -0.00182594  -0.0814167
 -0.0448475 -0.00262948  -0.0789869
 -0.0452624 -0.00350929   -0.076669
 -0.0459545 -0.00454665  -0.0745254
 -0.0464235 -0.00546037  -0.0724726
 -0.0468725 -0.00680335  -0.0705777
-0.0471852 -0.0078482 -0.0687145
 -0.0480643 -0.00916451  -0.0671372
-0.0487237 -0.0102193 -0.0655749
-0.0496265 -0.0117413 -0.0642674
-0.0503274 -0.0131773 -0.0630193
-0.0517329 -0.0144897 -0.0618747
 -0.051427 -0.0156335 -0.0607654
-0.0505897 -0.0169734 -0.0597716
 -0.049223 -0.0178369 -0.0587579
-0.0477725 -0.0179685 -0.0576776
-0.0459683 -0.0178701 -0.0565971
-0.0436637  -0.017751 -0.0556587
-0.0408002  -0.017312 -0.0548144
-0.0377506 -0.0165412 -0.0541734
-0.0342496 -0.0153654 -0.0536651
-0.0298665 -0.0147415 -0.0534365
-0.0257134 -0.0135553  -0.053268
 -0.021565 -0.0124745 -0.0532007
-0.0176648 -0.0111124 -0.0531197
 -0.0140675 -0.00915844  -0.0529212
  -0.010404 -0.00692366  -0.0528305
-0.00737222 -0.00441207  -0.0526822
-0.00466924 -0.00212174  -0.0525913
 -0.00275303 -5.65564e-06   -0.0525691
-0.00120291  0.00175992  -0.0525454
1.27864e-05  0.00452024  -0.0523929
0.000236649   0.0073648  -0.0522905
9.08179e-05  0.00953675  -0.0524162
-0.000400403    0.0113927   -0.0524841
-0.0010364   0.013561 -0.0525511
-0.00269048   0.0151025  -0.0526076
-0.00526441   0.0180236  -0.0524075
-0.00774771   0.0199125  -0.0523018
-0.0109951  0.0225552 -0.0519909
-0.0145503  0.0239992 -0.0517504
-0.0177712  0.0251922 -0.0515302
-0.0202962  0.0253133 -0.0513319
-0.0225937  0.0254936 -0.0511926
-0.0249035  0.0252814 -0.0511378
-0.0268556  0.0251105  -0.051075
-0.0282816  0.0241681 -0.0510368
-0.0293463  0.0235295 -0.0509991
-0.0300958  0.0220947 -0.0509966
-0.0304708  0.0209549 -0.0509658
-0.0307545  0.0192167 -0.0509911
-0.0307517  0.0171185  -0.051133
-0.0304383  0.0142907 -0.0512932
-0.0296438  0.0115652 -0.0514107
-0.0287967 0.00829511 -0.0515991
 -0.027271 0.00473508  -0.051798
    -0.0258 0.000936812  -0.0520035
 -0.0237452 -0.00258176  -0.0521143
 -0.0218577 -0.00619744  -0.0522578
 -0.0194716 -0.00926577  -0.0522698
-0.0173934 -0.0119834 -0.0523187
-0.0150098 -0.0143633 -0.0522909
-0.0128522 -0.0167359 -0.0523846
-0.0104368 -0.0189569  -0.052437
-0.00845556  -0.0210391  -0.0524602
-0.00631159  -0.0230732  -0.0524457
-0.00474418  -0.0244664  -0.0523526
-0.00322402  -0.0258603  -0.0522887
-0.00222941  -0.0264735  -0.0521359
-0.00124822  -0.0270515  -0.0519917
-0.000996955     -0.02681   -0.0517235
-0.0009246 -0.0266736 -0.0515148
-0.00131133  -0.0261463  -0.0512768
-0.00169252  -0.0257648  -0.0511203
-0.00263041  -0.0248907   -0.050858
-0.00347851  -0.0243931  -0.0507178
-0.00495081    -0.02343  -0.0505281
-0.00645694  -0.0226035  -0.0504014
-0.00849088  -0.0213011  -0.0501363
-0.0104889 -0.0202177 -0.0499989
-0.0129408 -0.0186028 -0.0497761
-0.0152049 -0.0172724 -0.0496677
-0.0178668 -0.0156797 -0.0494591
-0.0203909 -0.0140458 -0.0493085
-0.0233457 -0.0120394 -0.0490702
-0.0260611 -0.0101321 -0.0489733
 -0.0287774 -0.00820489  -0.0487606
 -0.0313248 -0.00647455  -0.0487019
 -0.0339997 -0.00448255  -0.0484898
 -0.0362641 -0.00240301  -0.0483465
  -0.0383957 -8.68984e-05   -0.0480484
-0.0402159 0.00269061 -0.0476788
-0.0421681 0.00582054 -0.0472655
-0.0438989 0.00907804 -0.0469051
-0.0450488  0.0117992 -0.0465554
-0.0458515  0.0143779 -0.0462468
-0.0460496  0.0161557 -0.0458853
-0.0460994  0.0180597 -0.0455664
-0.0454607  0.0194809 -0.0452559
-0.0444606  0.0209847 -0.0450194
