8.40735e-41 8.40735e-41 8.40735e-41 8.40735e-41 8.40735e-41 8.40735e-41 8.40735e-41 8.40735e-41
0.0354479 -0.112796 0.0817956 -0.121642 -0.285551 -0.104599  0.116873 -0.123074
0.0673945  -1.07926 0.0251536 -0.237232 -0.158129 -0.222302  0.213049 0.0486632
  0.0942828    -1.09188 -0.00911775   -0.291245   0.0756512   -0.268829    0.295018  -0.0151909
  0.121867   -2.15613  -0.195977 -0.0904241   0.358571  -0.317304   0.484396 -0.0830296
  0.14782  -2.11435 -0.349671 -0.148045   0.47799  -0.36113  0.664938  -0.11108
 0.173992 -0.884144  -0.50373 -0.195637  0.535049  -0.37958  0.756937 -0.299898
 0.144843 -0.876388 -0.507039 -0.218065  0.676552 -0.383231  0.711729 -0.309816
0.0104687  -1.37001  -0.49501  -1.16274  0.577306 -0.397117  0.632058 -0.309634
-0.087982  -1.36345 -0.487713  -1.16409  0.489884 -0.415415  0.609705 -0.337692
-0.134311   -1.7393 -0.444282   -2.3727  0.411716 -0.432191  0.625759 -0.354526
-0.175853  -1.73531 -0.340135  -2.33153  0.321296 -0.453372  0.561802 -0.380056
0.0484119  -2.44316 -0.102929  -2.34501   0.42069  -0.49423   0.50048 -0.426617
 0.236604  -2.43259 0.0146424  -2.30685  0.410943 -0.543551  0.421262  -0.69317
 0.328741  -2.43527  0.234394  -2.40997  0.305221    -1.719  0.369263 -0.752662
0.339859 -2.40569 0.255688 -2.41685   0.2526 -1.73003 0.218457 -1.09606
0.410687 -2.42475 0.367362 -2.47818 0.139871 -1.78373 0.110972  -1.1404
  0.387536   -2.44667   0.239687   -2.60215  0.0747919    -1.8138 -0.0314077   -1.63381
  0.54833  -4.44374  0.193635  -2.64086 -0.172103  -1.99569 -0.104516  -1.68676
   0.661669    -4.40517 -0.00485555    -2.95614   -0.353657    -2.03128   -0.218913    -1.91698
  0.618378   -5.56378 -0.0688891   -2.96824  -0.312585   -2.16964  -0.275684   -1.99561
 0.594664   -5.5161 -0.480701  -3.38216 -0.274608  -2.25601   -0.3146  -2.15362
 -0.191719    -8.4324  -0.730384   -3.30892 -0.0237349   -3.04054   -0.32013   -2.24153
-0.777104  -8.22652  -1.36436  -3.80835  0.147865  -3.13123 -0.627031   -3.4311
 -1.28985  -8.67444  -1.82593  -3.69101  0.324337  -3.23243 -0.871176  -3.48979
 -1.66001   -8.5299   -2.5723   -4.3817    0.5499  -3.35939 -0.964629  -4.14779
 -1.6861 -8.43361 -3.04228 -4.33151 0.726669 -3.49761 -1.02885 -4.23805
 -1.70929    -8.319  -3.66733  -4.96803  0.729697  -3.62885 -0.840209  -5.00795
  -1.6872  -8.33124  -4.16289  -4.93857  0.771557  -3.78676 -0.684025  -5.10292
  -1.5969  -8.26484  -4.63233  -5.36275  0.802317  -3.93897 -0.603129  -5.82916
 -1.49126  -8.69389  -5.06386  -5.30435  0.900919  -4.07912 -0.511128  -5.86538
 -1.43089   -8.6188  -5.42729  -5.70043  0.918583  -4.21416 -0.311643  -6.32282
 -1.43574  -9.77867  -5.70916  -5.66615  0.915818  -4.35174 -0.158886  -6.35674
  -1.47842    -9.6704   -5.93739   -5.93794   0.906163   -4.49747 -0.0598032   -7.46821
  -1.24711   -9.92259   -6.18594   -5.86685   0.817535   -4.64602 -0.0187714   -7.46385
  -1.07515    -9.8331   -6.33167   -6.09902   0.769689   -4.80337 0.00792267   -7.88811
 -1.09328   -9.8323   -6.4969  -6.08909  0.627836  -6.23301 0.0801975  -7.88951
 -1.13924  -9.76376  -6.54021  -6.43258  0.516733  -6.32233 0.0757281  -7.89918
 -1.11582   -10.009  -6.54536   -6.4964  0.400313  -6.42548 0.0861808  -9.05832
-1.10985 -9.94066  -6.2292 -6.58333 0.260218 -6.47494 0.114972  -9.0213
-0.955583  -10.2575  -5.92032  -6.50714  0.190791   -6.6187  0.168086  -10.0395
-0.94532 -10.1575 -5.62581 -6.60565 0.103971 -6.68485 0.235454 -9.99136
-0.777853  -10.5836   -5.3042  -7.71308  0.223057  -7.02729 0.0488766  -11.2109
-0.651406  -10.5001  -5.02309  -7.76302   0.29859  -7.10546 -0.091193  -11.1039
-0.481124  -11.2582  -4.33878  -9.43187  0.531628   -7.3934  -0.19332  -11.0176
-0.328879  -11.1821  -3.70905  -9.40022  0.717845  -7.45791 -0.251355  -10.9491
-0.164007  -11.3071  -2.94033  -9.72004   1.02613  -7.79126 -0.230409   -10.897
-0.00331045    -11.2499    -2.23728    -9.67428     1.20372    -7.86922   -0.169556    -10.8771
0.0146748  -11.3365  -1.42903  -10.2628    1.4826  -8.24451 0.0556689  -14.9121
0.0696014  -11.2927 -0.718967  -10.1989   1.71697  -8.28436   0.35164  -14.7392
   0.174424    -12.0267 -0.00445583    -10.5463     2.08591    -8.67463    0.297479    -14.9563
0.294887 -11.9772 0.610075 -10.4937  2.42148 -8.65926 0.324766 -14.7848
0.610698 -12.7524  1.20657  -10.906  2.91802 -9.11168 0.420658 -14.5485
0.911881 -12.6843  1.78921 -10.7708  3.28766 -9.05547 0.456036 -14.4142
 1.22088 -12.7029  2.23781 -11.2799  3.77192 -9.57931 0.690322 -14.7888
 1.53321 -12.6257   2.6575 -11.1352  4.26727 -9.52334 0.893071 -14.6185
 1.60778 -12.7798   3.1307 -11.5836  4.74662 -9.92512  1.53005 -15.1204
 1.71064  -12.739  3.54265 -11.4725  5.22472  -9.8571  2.06683 -14.9687
 1.76057 -12.6926  4.00827  -11.884  5.74937 -10.2646  2.35044 -15.1048
  1.7912 -12.6688  4.32278 -11.8603  6.23242 -10.1355  2.58845 -14.9409
 1.83105 -13.3267  4.47171 -12.0519  6.76587  -10.527  2.95753 -15.1686
   1.894 -13.3105  4.48574 -11.9983  7.19274 -10.4066  3.20332 -15.0105
 1.79588 -14.0364  4.76556 -12.3252  7.72904 -10.8855    3.615 -15.2249
 1.78021 -14.0103  4.91179 -12.3158  8.10429 -10.8699   3.8799 -15.0043
 1.77208 -13.8897   5.3832 -12.8913  8.53756 -11.3065  4.35253 -15.3079
 1.79289   -13.92  5.66992 -12.9083  8.77851 -11.2296  4.67386 -15.1521
 1.76178 -13.9895  6.22975 -13.4935  9.11666  -11.642  5.13844 -15.3892
 1.72593 -14.0361  6.69671 -13.4804  9.25287 -11.7212  5.47125 -15.1117
 1.72669 -14.1573  6.94416 -13.7676  9.49426 -12.0612  5.83819 -15.3451
 1.71234   -14.21   7.1412 -13.7248  9.43035 -12.1696  6.08826 -15.2897
  1.8452 -15.4277  7.34504 -14.1551  9.51216 -12.4243  6.35034 -15.4671
 1.92795 -15.4568  7.43574  -14.209   9.2479 -12.5632  6.51022 -15.4069
 2.03625 -15.4888  7.45954 -14.3935  9.10506 -12.7684    6.734 -15.5152
 2.07627 -15.5438  7.26601 -14.5737  8.73889 -12.9575  6.78803 -15.5003
 1.99987 -15.7881  7.08856  -14.646  8.33562 -13.0879  6.84375 -15.6165
 1.92375 -15.8328  6.79593 -14.8406  7.83035  -13.229  6.81948 -15.6953
 1.85486 -16.2061  6.65201 -15.0551  7.45184 -13.3758   6.7904 -15.7973
 1.79861 -16.2726  6.34353 -15.1278  6.96458 -13.7437  6.68521 -15.8772
 1.65905 -18.9452  6.11311 -15.2461  6.54211 -13.8611  6.67876 -15.9722
   1.544 -18.9215  5.79367 -15.3747  6.00651 -14.2746  6.65537 -16.0879
 1.57844 -18.9019  5.63964 -15.5361  5.62191 -14.3059  6.57629 -16.2136
 1.74694 -18.8879  5.46595 -15.6974  5.05783 -14.6422  6.41172 -16.3765
  1.8394 -18.9394  5.34903 -15.8789  4.66901 -14.8327  6.14611 -16.5247
 2.00764  -18.963    5.243 -16.0778  3.99301 -15.3273  5.93493 -16.7061
 1.93148 -19.0243   5.0782  -16.318  3.55813 -15.4056   5.7101 -16.8801
 2.00085 -19.0698  5.01008   -16.52   2.7527 -16.0213  5.52324 -17.1007
 1.89851 -19.2033   4.7528 -16.7958  2.13231 -16.1508  4.88142 -17.7247
 2.21128 -20.0419  4.45948 -17.0471  1.27923 -16.7884  4.26854 -17.9142
 2.39946 -20.1455  4.13216 -17.4545 0.621724 -16.8316  3.93982 -18.1261
  2.47173  -20.4181   3.82495  -17.7104 -0.321468  -17.4322   3.61849  -18.3206
  2.4675 -20.5625  3.62813 -18.0346 -1.06619 -17.4641  2.97218 -19.9677
  2.3726  -20.714  3.44835 -18.2812 -1.85796 -18.1131   2.4057  -20.125
 2.08887 -20.8644   3.0812 -18.6279  -2.5002 -18.0647  2.30053 -20.2717
 1.82501 -20.9878  2.81061  -18.819 -3.25306 -18.6372  2.13658 -20.4578
    1.39 -21.1869  2.41846 -19.3152 -3.88126 -18.6655  2.45898 -22.5053
 1.27252  -21.398  2.10685 -19.5457 -4.60081 -19.3294  2.71719  -22.608
0.925693  -21.503  1.63031 -20.1002 -5.05765  -19.382  3.01991 -22.7547
0.760458 -21.7261  1.27261 -20.3651   -5.689 -20.0593  3.12915 -22.8775
0.600977 -21.9929 0.994036 -20.6808 -5.95633 -20.2245   3.2779 -23.2201
0.681941 -22.3243 0.905608 -21.0019 -6.45663 -20.8049  3.16445 -23.3387
0.537412 -22.4246 0.791117 -21.3145 -6.57441 -20.9894  3.42364 -23.7049
0.567458 -22.6805 0.900517 -21.6595 -6.95288 -21.4944  3.42127 -23.9032
0.443545 -23.0913 0.999126 -22.0087 -7.08704  -21.688  3.48584 -24.2213
0.467928 -23.4381  1.16326 -22.3759 -7.25602 -22.1401    3.151 -24.4259
0.177425 -23.9693  1.10159  -22.712 -7.23205 -22.3497  2.92141 -24.7012
0.0871274  -24.2281   1.24097  -23.1086  -7.28535  -22.8897   2.39261   -25.356
-0.169381  -24.7742   1.48001  -23.4645  -7.13398  -23.1301   2.02523  -25.5267
-0.251099  -24.8993   1.58408  -23.8094  -7.06044  -23.6386   1.90381  -25.6873
-0.413635  -25.3043   1.62002  -24.4099   -6.8804  -23.9225   1.81463  -25.9571
-0.448722  -25.5827   1.61567  -24.7533  -6.68466    -24.37   1.79081  -27.0993
-0.260539  -26.9448   1.69079  -25.9994  -6.42075  -24.6859   1.79387  -27.3207
0.0565852  -27.4036   1.75876  -26.2822   -6.2669  -25.0691   1.94903  -27.5511
0.0294809  -27.2942   1.65835  -29.1704  -5.95063  -25.4633   2.14349  -27.8186
0.0430709  -27.6362   1.66646  -29.3362   -5.8588  -25.8909   2.28653  -28.0819
0.0286809  -27.5511   1.47872  -29.7277  -5.69942  -26.2089   2.33073  -28.3193
-0.0561982   -27.8873    1.37273   -29.9175   -5.46796   -26.5464    2.40902   -28.5633
-0.0413721   -28.0167    1.25018   -31.3893   -4.98311   -26.8739    2.51275   -28.8034
-0.062279  -28.2663   1.21576  -31.4942  -4.52612  -27.1845   2.47518  -28.9696
0.0754853  -28.5373   1.18621  -33.5708  -4.14486  -27.4631   2.47121   -29.173
0.250529  -28.855  1.15298 -33.5849 -3.82093 -27.7411  2.37606 -29.3467
0.454471 -29.1048  1.30995    -36.2 -3.56393  -28.032  2.32104 -29.5764
0.506029 -29.3523  1.43341 -36.1321 -3.29876 -28.3087  2.19007 -29.7881
0.567637 -29.6195  1.15157 -35.9483 -3.10417 -28.6014  2.07286 -30.0298
0.792752 -29.8786 0.905436 -35.8745 -3.03398 -28.8556  2.11651 -30.3474
0.970084 -30.0952  1.18875 -33.7957 -2.92931 -29.0993  2.14456 -30.5643
 1.18296 -30.4573  1.48798 -33.8424  -2.9009 -29.5115  2.51207 -31.6277
 1.34371 -30.6664  1.47106 -32.9299 -2.86426 -29.7426  2.79858  -31.787
  1.5003 -30.9211  1.46286 -33.0594 -2.75794 -29.5569   3.1636 -31.9336
 1.53479 -31.1181  1.11795 -30.9505  -2.6374 -29.8006  3.36698 -32.0904
 1.06863 -32.0025 0.801608 -31.1609 -2.38093 -30.3025  3.39796 -32.2194
0.806592 -32.1247 0.383361 -28.4245 -2.14921 -30.5302  3.55921 -32.4002
  0.610194   -32.1383 -0.0103515   -28.7519   -1.83989   -30.7702     3.6583   -32.5175
   0.46391   -32.3173 0.00734088   -28.3052   -1.51984   -31.0096     3.7596   -32.7362
 -0.17885  -32.8481 0.0342674  -28.6908  -1.30503  -31.2669   3.68447  -32.9854
-0.658151  -33.0436 0.0378477  -29.2292   -1.0069  -31.4858    3.7462  -33.1601
-0.0408373   -33.0919  0.0382794   -29.5916  -0.903129   -31.7094    3.70865   -33.3162
  0.42195  -33.2574 0.0671701    -29.59  -0.85557  -31.9045   3.63251  -33.4525
 0.663748  -33.4575 0.0860395  -29.9495 -0.647574  -32.1897   3.72245  -33.6347
  0.72471  -33.6484 0.0934988  -30.3264  -0.53882   -32.379   3.72313  -33.7951
 0.728781  -33.8425  0.109598  -30.6694 -0.208036  -32.7513   3.90014  -34.0203
  0.682437   -34.0749 0.00923824   -32.1698  0.0563075   -32.9712    3.96168   -34.2017
  0.663444   -34.2625 -0.0302923   -32.4587   0.339157   -33.2982    4.07855   -34.4034
 0.692717  -38.2749 0.0726069  -36.1689     0.548  -33.4878   4.04601  -34.5627
0.668917 -38.3252 0.248025 -36.3226 0.808114 -33.8639   4.0165 -34.8026
 0.87944 -43.3467  0.53035  -36.489 0.983702 -34.0797  3.95231 -34.9785
 1.08351 -43.2083 0.829879 -36.6289  1.23426 -34.4771  3.99735 -35.2627
 1.24699 -43.7185  1.01209  -36.874  1.36078 -34.7356  3.96562 -35.5345
 1.41031 -43.6379   1.3249 -37.1641  1.59527 -35.2125   3.8447 -35.7455
 1.36438  -43.485  1.48543 -37.4238  1.69089 -35.5011  3.83181 -36.0126
 1.29288  -43.452  1.48525 -37.6357  1.92401 -35.9267  3.93394 -36.3153
0.963993 -44.6556  1.18033 -37.8206  2.04489 -36.2309  4.13096 -36.6731
0.683748 -44.6217  1.43033 -38.3082  2.27355  -36.693  4.15571 -37.0312
0.492694 -44.8078  1.38775  -38.569  2.31483 -37.0455  4.25221 -37.3921
0.392701 -44.8269  2.13092 -39.1984  2.32366 -37.4231  4.28589 -37.7581
0.522938 -44.8578   2.5439 -39.3154  2.26484 -37.8089  4.37209 -38.1464
0.726323 -44.8837  2.71849 -39.9869  2.11812 -38.1872  4.34126 -38.4917
0.801971 -44.9122  2.90368 -40.2473  2.04601 -38.5788  4.41719 -38.8703
0.841205  -44.977   2.8888 -40.5651  1.95186 -38.9908   4.4856 -39.2009
 1.08487 -45.5603   2.8687 -40.8001  1.98276 -39.3612  4.45736 -39.7106
 1.28121 -45.6083  3.03324 -41.1194  2.01316  -39.659  4.45302 -40.0608
 1.31879 -45.6999   3.1579 -41.3602  1.99906 -40.0291   4.4955  -40.496
 1.34109 -45.6722  3.35426 -41.6181  1.99849 -40.3333  4.51819 -40.7962
 1.62274 -46.0433  3.51094 -41.8436  2.01019 -40.6894  4.63698 -41.1036
  1.7681 -46.0388  3.64123 -42.0944  2.01039 -40.9981  4.74213 -41.4053
 2.27321 -46.5796   3.6904 -42.3547  2.10162 -41.3304  4.79182 -41.7662
 2.68322 -46.5844   3.6776 -42.6127  2.07524 -41.6413  4.84274 -42.0387
 3.33786 -47.0142  4.20976 -43.2504  2.01097 -41.9856  4.81403 -42.3576
 3.83532 -47.0417  4.42724 -43.5091  1.89877 -42.4454  4.84471 -42.6672
 4.15192 -47.2015  4.55996 -43.8146  1.81366 -42.7884  4.97136  -43.013
 4.39706 -47.3276  4.45444 -44.0954   1.7175 -43.5963  4.94331 -43.3639
 4.31978 -47.4224  4.08845 -44.2703  1.66902 -43.8664  4.96164 -43.6582
 4.13489 -47.5003  3.74854 -44.5232  1.95772 -42.9642   5.0662 -43.9311
 4.00075 -47.5828  3.47176 -44.7598  2.18009  -43.283  5.15778 -44.2157
 3.91004  -47.673   3.3221 -44.9883   2.1843 -43.6574  5.41983 -44.5104
 3.65475  -47.683  3.19235 -45.1717  2.20398 -43.9516  5.66286 -44.7655
 3.42618 -47.7906  3.12531 -45.3754  1.81332 -43.5734  5.76033 -44.9525
 3.28108 -47.8956  3.09231 -48.3894  1.50664 -43.9094  6.01912 -45.2783
 3.10458 -48.0516  3.02709 -48.4895 0.913887 -43.5832  6.43931 -45.5402
  3.7229 -49.2471  2.95902 -47.2143   0.3886 -43.9729  6.79029 -45.6226
  4.12427  -49.3116   2.90271  -47.3538 -0.215195  -43.8087   6.86279  -45.8067
   4.2708  -49.3148   2.83094  -47.7498 -0.701352  -44.1262   6.95211  -46.0205
  4.17729  -49.3613   2.75142  -47.8353 -0.749518   -44.521   6.98752  -46.2833
  4.04097  -49.4375   2.39404  -50.3639 -0.805733  -44.7998   7.31928   -45.462
  3.87111  -49.4879   2.03996  -50.3148 -0.709491   -45.091   7.56758  -45.7688
  3.69272    -49.41   1.81557  -48.7943 -0.504126  -45.3569   8.06792  -45.4271
  3.51648  -49.4231   1.62706  -48.8415 -0.283931  -45.5876   8.36502  -45.7515
  3.39591  -49.4437   1.82743  -48.9425 -0.173954  -45.7966    8.5152  -45.9737
   3.3312  -49.4878   1.99177  -49.0241 -0.177729  -46.0007   8.37946  -46.1674
   3.29041   -49.5723    2.14367   -49.0287 -0.0188432   -47.7996    8.37337   -46.3927
 3.15762 -49.6435  2.38049 -49.1651 0.145987 -47.8933  8.29939 -46.6082
 2.90448 -49.7307  2.44668 -49.1991 0.332061 -49.1065  8.15024 -46.8481
 2.76655 -49.8029   2.7303 -49.3267 0.471973 -49.1697  8.10016 -47.1167
 2.55512 -50.1311  2.63663 -49.4199  1.04356 -52.1727  8.13234 -47.3526
 2.39336 -50.2728  2.94478 -49.6515  1.49205  -52.274   8.2548 -47.6354
 2.21167 -50.6237  3.04034 -49.6499  1.62682 -52.5658  8.24612 -47.9343
 2.11144 -50.7905  3.44679 -50.0114  1.80323 -52.6422  8.21489  -48.241
 1.65146 -51.2999  3.96296 -50.0813  1.85822 -52.7443  8.02755 -48.5356
 1.45535 -51.4203  4.40463  -50.545  1.89799  -52.858  7.94682 -48.8459
 1.12437 -51.8694  4.88028 -50.5878   1.9797 -53.2601  7.94539 -49.1566
0.968872 -52.0481  5.20356 -50.9887  2.10901 -53.3784  8.05975  -49.411
0.562638 -53.3755  5.60465 -51.2357  2.61895  -53.962  7.32409 -50.5112
0.287184  -53.533  6.03055 -51.6786  3.01011 -54.1279  6.77269 -50.7512
0.410029 -53.8063   6.4169 -51.9472  2.98382 -54.1703  6.16302 -52.1948
0.613729  -53.998  6.80298 -52.3271  2.94939 -54.3045  5.62713   -52.37
0.599579 -54.3578  7.03404 -52.5432  2.88916 -54.7192  5.84929 -53.4653
0.764611  -54.538  7.52173 -53.1049  2.82191 -54.8802  6.07135 -53.7028
0.539523 -55.0156  7.77788 -53.2441  2.75669 -55.3777  6.38902 -54.2516
0.497559 -55.1679  8.06357 -53.6648  2.73696 -55.5276  6.68876  -54.451
0.0941314  -56.0962   8.40002  -53.7179   2.79671  -55.8463   6.93025  -54.6796
-0.0996997    -56.199    8.74665   -54.1756    2.87673   -55.9689    7.16134   -54.8355
-0.360476  -56.4753   9.08332  -54.3163   3.17292  -56.2512   7.46128  -55.0743
-0.460895  -56.5095   9.45262  -54.6156    3.4275  -56.3647   7.80527  -55.2767
-1.27934 -57.4858  9.77218 -54.8549  3.79514 -56.8308  8.17934  -55.523
-1.79772 -57.3044  9.86517 -55.1774   4.0619 -57.0457  8.56066 -55.7822
-2.49261 -58.0635  9.77577 -55.4441  4.31708 -57.1996  8.97891  -56.035
-2.84576 -58.0733  9.60841 -55.6902  4.25346 -57.3546     9.33 -56.2058
-3.16408 -58.6878  9.45787 -55.9592   4.0479 -57.4994  9.63505 -56.4708
-3.35646 -58.7519  9.35952 -56.1892  3.83952 -57.4755  9.95112 -56.6359
-3.69388 -59.0672  9.33904 -56.4317  3.62732 -57.6424  10.1035 -56.8881
-3.76953 -59.1343  9.40022 -56.6447  3.74435  -59.207  10.1512 -57.0883
-4.24599  -59.605  9.45005  -56.905  3.84464 -59.3566   10.171 -57.2563
-4.58665 -59.5811  9.51324 -57.1469  4.01138 -59.4576   10.395 -57.5238
 -4.9856 -59.9965  9.67154 -57.4622  4.31866  -59.534  10.6714 -57.7165
-5.16902 -59.9038   9.8266 -57.7204  4.49846 -59.6322  10.8777 -57.9394
-5.49949 -60.4756  9.57783 -57.9613  4.59579 -59.7566  11.2585 -58.1595
-5.57754  -60.438  9.42379 -58.1844  4.55168 -59.9551  11.5425 -58.4307
-5.71388 -60.5783  9.48241 -58.4545  4.25392 -60.1188  11.7759  -58.645
-5.65645 -60.5736  9.61904 -58.7178   4.0074 -60.2852  12.0316 -58.8388
-5.47417 -60.5938  9.55768 -58.9616  3.56962 -60.4388   12.307 -59.0423
-5.45584 -60.7414  9.64415 -59.1215  3.29522 -60.5908  12.3083 -59.2379
-4.99444 -60.6071  9.73861 -59.3211  3.15032 -60.6853  12.3336 -59.3906
-4.60645 -60.8701  9.82302 -59.4968  3.09337 -60.7898  12.4228 -59.5312
-4.05638 -60.6342  9.93362 -59.6612  3.11405 -60.8374  12.6076 -59.7455
-3.55265  -60.767  9.99614 -59.7771  3.15428 -60.9474  12.4559  -59.886
-3.34988 -60.8977  10.1512 -59.9473  3.23235 -61.0583  12.5814 -60.1993
 -2.9615 -60.9218  9.92001 -59.8468  3.19878 -61.1468  12.6016 -60.3112
-2.78588 -61.1723  9.65961 -59.9206  3.37423 -61.0844   12.698 -60.4809
-2.50245 -61.1655  9.40303 -60.0223  3.51595 -61.2053  12.8504 -60.5462
 -2.0719 -61.6442  9.45079 -60.2262  3.79773 -61.0226   13.082  -60.549
-1.70554 -61.6606  9.46123 -60.3593  4.09249  -61.079  13.3203 -60.7041
-1.47238 -61.7483  9.55085 -60.4869  4.60007 -60.5496  13.5905 -60.7051
-1.22496 -61.7051  9.66086 -60.5038  5.09612 -60.6817  13.9131 -60.7982
-1.18943 -61.7586  9.73822 -60.5765  5.78748  -59.954  14.2043 -60.8011
-1.07147 -61.7712  10.0234 -60.6517  6.45958 -60.1484  14.5206 -60.8762
-1.19346 -61.7853  10.4629 -60.7687  7.02526 -59.7725  14.8769  -60.972
-1.35923 -61.8132  10.7564 -60.9209  7.63678 -59.9615  15.3792  -61.095
-1.38444 -61.8173  11.0047  -61.021  7.72753 -60.0525  15.6116 -61.1645
-1.27351 -61.9104  11.4324 -61.2109  7.66918 -60.2142  15.9568 -61.1927
-1.02266  -62.007  11.6593 -61.3037  7.55757 -60.3522  16.5281 -61.3856
-0.857064  -61.8812   11.8008  -61.3489   7.44003  -60.5221   17.1047  -61.5306
-0.532461  -61.7771   12.0214  -61.4692    7.4229  -60.6391   17.5593  -61.1513
-0.33937 -61.6719  11.9163 -61.5516  7.51835  -60.785  17.9943 -61.2861
-0.0338413   -61.6472    11.8583   -61.6534    7.90096   -60.8678    18.3269   -61.4575
0.016913 -61.5078  11.9037 -61.7171  8.38526 -61.0392  18.9259 -61.6003
0.0158982   -61.293   12.2795  -61.8592    8.5594  -61.1219   19.3197  -61.7678
0.0737771  -61.1517   12.7063  -61.9352   8.79517  -61.2703   19.8105  -61.8878
0.211793 -61.2951  13.0701 -61.9687  8.76388 -61.3763  19.8231 -62.0013
0.403024 -61.5614  13.3419 -62.1062  8.62164 -61.4624  19.9011 -62.0039
0.529079 -61.7224  13.9945 -62.1957  8.44069 -61.6256  19.9977 -60.8219
0.510042 -61.8706  14.3289 -62.3031  8.27801 -61.6821   20.022  -60.987
0.551826 -62.1066  14.5869  -62.378    8.212 -61.8699  20.4448 -61.1519
 0.63943 -62.2776  14.4978 -62.3964  8.31407 -61.9983   20.656 -61.2787
0.763506 -62.5369  14.6266  -62.489  8.43755 -62.1774   21.204 -61.4295
0.736495 -62.7477  14.7949 -62.6333  8.59151 -62.2939  21.5299 -61.5505
0.843986 -63.0067  15.1797 -62.7282  8.84252 -62.4908   21.821 -61.5998
0.642327 -63.2176  15.3467 -62.7992  8.95794 -62.6117  22.0521 -61.7692
0.836132 -63.3715   15.591 -63.0074  8.82421 -62.7874  22.5522 -58.6521
0.881863 -63.4249  15.8616  -63.146  8.73211 -62.9908  22.9383 -59.0282
 1.03311 -63.5532  16.2225  -62.998  8.68817 -63.1963  23.3887 -58.5806
0.909259 -63.6866  16.4927  -63.173  8.62673 -63.3358   23.693 -59.0575
0.797529 -63.7811  16.1152 -61.2159  8.55481 -63.4474  24.2094 -59.4132
 1.08881 -63.8815  15.7236 -61.4768  8.73754 -63.6335  24.5872 -59.7931
 1.04574 -64.0065  14.6383  -60.438  9.08449 -63.6967  25.2138 -60.1359
0.989599 -64.0865  13.7664 -60.8022  9.37982 -63.8294  25.3571 -60.3402
 1.07433 -63.7917  12.8897 -59.6809   9.5488 -63.9275  25.6914 -60.6275
 1.28245 -63.6561   12.189 -60.0755  9.71067 -64.0663   25.888 -60.8505
 0.95327 -63.7041  11.9428 -59.3731  9.67663 -64.1892  26.2801 -61.0289
0.758394 -63.8487  11.6607 -59.7042  9.64203 -64.2221  26.5877 -61.1741
0.580164 -63.6801  11.9413 -59.5292  9.59635 -64.2894  27.2561  -61.449
0.425042 -63.8436  12.1232 -59.8077  9.66157 -64.3557  27.7767 -61.6567
-0.214123  -63.5925   12.6419  -59.8895   9.50907  -64.4739   28.6951  -62.0236
-0.701439  -63.8047   13.0265  -60.2068   9.45505   -64.553   29.4878  -62.2283
-0.912907  -64.0353   13.3782  -60.0951   9.49822   -64.606   30.2565   -62.594
-1.00349 -64.1314  13.7347 -60.3279  9.51517 -64.6741  31.1072 -62.7205
 -0.9373 -64.1753   14.061 -60.4919  9.73662 -64.6401  31.1908 -62.8253
-0.772903  -64.2231   14.2864  -60.7605    9.9244  -64.6521   31.5804  -62.9414
-0.661409  -64.5955   14.6014  -60.9824   10.0888  -64.7071   31.7475  -63.0224
-0.512298  -64.6393   14.9966  -61.2123   10.4722   -64.649   32.0356  -63.1075
-0.465645  -64.6226   15.3152  -61.3925   10.3745  -64.6535    32.458  -63.0897
-0.489563  -64.7269   15.8887  -61.5603   10.4118  -64.6629   33.0624  -63.1136
-0.471461  -64.6389   16.1862  -61.6894   10.5819  -64.6752   33.5891  -63.0128
-0.739314  -64.2818   16.3936  -61.7405   10.7903  -64.6175   34.4527  -63.1794
-0.840726   -64.307   16.7039  -61.8371   10.9939  -64.6138   35.2397  -63.1571
-0.977976  -64.0194   17.1721  -61.9216   11.2852  -64.5363   36.1421  -63.2994
-0.994341  -64.0572   17.7602  -62.0501   11.6158  -64.4227   36.8911  -63.3069
-0.607757  -64.6616   18.3442  -62.1494   11.7422  -64.3785   37.9057  -63.4809
-0.237947  -64.6296   18.9823  -62.2512    12.028  -64.3946   38.5883  -63.4698
-0.117121  -64.6562   19.2213   -62.399   12.4813  -64.2562   38.9716  -63.3417
0.147017 -64.5931  19.7539  -62.379  12.5579  -64.302  39.5007 -63.2889
0.440469 -64.5649  20.3705 -62.5149  12.8003 -64.2293  40.0227 -63.1839
0.424556 -64.5024  20.8152 -62.4188  13.1127 -64.2395  40.4973 -63.2153
0.615398 -64.4388  20.8882 -62.5107  13.3955 -64.1839  41.2821 -63.2208
0.872344 -64.4099  21.1016 -62.4396  13.6365   -64.16  41.7425 -63.2313
0.798675 -64.3334   21.569 -62.5587  13.7377  -64.175  42.4684 -63.0742
0.833293 -64.2892   22.024 -62.5841  13.8935 -64.0867  42.9414 -63.1135
0.706853 -64.0811  22.5292 -62.5057  14.0843 -64.0952  43.8919 -62.9625
 0.74813 -63.9226  22.9136 -62.6058  14.3092 -64.0612  44.3787 -62.9567
 0.83442 -63.7692  23.3101 -62.5385  14.5499  -63.987  45.1895 -63.0263
 1.14325 -63.7657  23.8501 -62.6494  14.7686 -63.9602  45.1505 -62.8726
 1.22693 -63.7863  24.2976  -62.664  14.9131 -63.8767  45.6947 -62.8662
 1.32808 -63.7956  24.6757 -62.7906  15.1654 -63.8763  45.6467 -62.8846
 1.35654 -63.8386  25.3451 -62.7809  15.1134 -63.8982  46.0511 -62.6536
 1.32873 -63.7923  25.7571 -62.7357  15.2132  -63.849  46.6569 -62.1249
 1.36069 -63.8079  26.1322   -62.75  15.3417 -63.8468   46.897 -61.6481
0.938744 -63.8408  26.3103 -62.7181  15.5086 -63.8033  47.3777 -61.7318
0.708381 -63.7856  26.6737 -62.6861  15.6351  -63.755  47.9247 -61.5043
0.819274 -63.1406  26.8922 -62.7252  15.8668 -63.7353  48.6932 -61.5292
0.942685  -63.211  27.1414 -62.7815  15.9427 -63.6637  49.2957 -61.3352
0.697112 -63.4134  27.6295 -62.6972  16.0678  -63.738  50.1985 -61.3506
0.603152 -63.4679  28.3861 -62.9254  16.2352 -63.7199  50.9088 -60.9602
0.377367 -62.7309  29.2003 -62.8229  16.5367 -63.7236  51.7995 -60.7847
0.236541 -62.7622  29.4286 -62.8501  16.6595 -63.6989  52.5149 -60.9988
0.00417419   -62.7992    29.8568   -62.7747    16.8949   -63.6575    53.2603   -60.7813
-0.0452507    -62.752    30.0776   -62.6597    17.1325   -63.5328    54.0185   -60.7712
0.142057 -62.8763  30.5924 -62.5351  17.3104 -63.4779  54.7429 -60.9397
0.338188 -62.7762  31.0013 -62.5605  17.4717 -63.3867   55.525 -60.6705
0.667268 -63.1924   31.705 -62.5517  17.7265 -63.3019  56.2173  -60.799
 1.10133 -63.1355  32.2779 -62.5258  17.9634 -63.1836  56.8393 -60.7095
 1.40916 -63.3145   32.722 -62.2984  18.2138 -63.1326  58.2412 -59.6233
 1.87662 -63.2647  33.3263 -62.3614  18.3061 -63.0257  59.5852 -59.4401
 2.00953 -63.1784  33.7841 -62.1338  18.6041 -62.9519  60.4027 -59.3357
 2.20994 -63.0736  34.1408 -62.0501  18.8437 -62.8306  61.5477   -59.07
 2.40245 -63.0286  34.6472 -62.0443  19.2101 -62.7827  62.2967 -58.9624
 2.71323 -62.8288  35.1673 -61.8538  19.4443 -62.6496  63.3278  -58.645
  3.0532 -62.9647  35.7889 -61.8677  19.8062  -62.557  64.0597 -58.5158
 3.33005  -62.778  36.0737 -61.6543  20.1627 -62.4087  64.9937 -58.2324
 3.36499  -62.587  36.6323 -61.5582  20.5791 -62.3177  65.6907  -58.039
 3.69236 -62.3646  37.1866 -61.5347  21.0435 -62.1444  66.5501 -57.8619
 3.89327 -62.3388  37.8184 -61.2681  21.3992 -62.0465  66.8363 -57.4318
 4.18354 -62.1179  38.5837 -61.1457  21.8461 -61.8437  67.5687 -57.5442
 4.08328  -62.044  39.0179 -60.8671  22.1824 -61.7403  67.8831 -57.5272
 4.11894 -61.9018  39.6742 -60.7413  22.4756 -61.5527  68.9534 -57.7182
 3.73988 -61.7381  40.0221 -60.4146  22.5593 -61.4755  69.2074 -57.5485
 3.57041 -61.6069  40.0205 -60.4578  22.7269  -61.317  69.8263 -57.3345
 3.41593 -61.3604  40.1895 -60.2328  22.7863 -61.1699  70.2365 -57.2484
 3.49384 -61.2144     40.6 -60.0588  22.9163 -61.0203  70.2985 -56.7725
 3.53542  -61.129  40.3593 -59.8348   23.122 -60.9683  70.7492 -56.7013
 3.82783 -60.8121  40.8354 -59.6138  23.4506  -60.775  71.0866 -56.2538
 4.07466 -60.9123  41.2428 -59.4085   23.545 -60.6631  71.7967 -56.0735
 4.41616   -60.48  42.0864 -59.3835  23.5587 -60.6096  72.3953 -55.6199
 4.90166 -60.7026  42.5525 -59.1799   23.714 -60.4671  73.2714 -55.4352
 5.35176 -60.4716   43.436 -59.1326  23.9201 -60.3942   73.905 -54.8451
 5.96633 -60.9374  43.8978 -58.9281  24.0463 -60.2837  74.7276 -54.6992
 6.54853 -60.6752  44.8933 -58.9001   24.081 -60.1293  75.2163 -54.1927
 7.11519 -61.0082  45.4064 -58.6903  24.5015 -60.1338   75.823    -54.1
 7.65516 -60.6942  46.0908 -58.5277  24.9683 -59.8287  75.8041 -53.5021
 8.53471 -61.2856  46.2818  -58.396  25.3066 -59.7546  76.3973 -53.0668
 9.36025 -60.8024  46.1905 -58.3489  25.3845 -59.7288  77.0271 -52.9453
 10.4233 -61.4617  46.4629 -58.1077  25.6177 -59.5336  78.2455 -52.6459
 11.3798 -61.0429  46.9973  -57.955  25.8455  -59.455   79.114 -52.6602
 11.8147 -62.3746  47.2788 -57.9095  25.8112 -59.3166  80.7345 -52.2739
 12.4805 -62.1567  47.2766 -57.6062  26.0466 -59.2604  81.6766 -52.3499
 12.5953 -62.3602  47.8655 -57.4197  26.0836 -59.1629  83.1811 -51.9896
 12.7548 -62.0713   48.222 -57.0933  26.1816 -59.0028  84.0703 -51.9588
 12.4096 -61.8498   48.838 -57.1186   26.434 -58.9036  85.4204 -51.5174
 12.2614 -61.5713  49.3627 -56.8476  26.5972 -58.7499  86.1205 -51.4846
 11.8244 -61.4633  50.0139  -56.783  27.0005 -58.6463  87.1309 -51.0304
 11.5546 -61.1456  50.3551 -56.4929   27.186 -58.5488  87.7577 -50.8092
 11.1264 -60.8984  50.9923 -56.5137  27.6396 -58.3944  88.2468 -50.2915
 10.6021 -60.7038  51.3969 -56.1329  28.0121  -58.314   88.563 -50.0442
  10.278 -60.5178  51.9786 -56.0182  28.6889 -58.1452  89.4655 -49.7581
  9.5605 -59.8974  52.6045 -56.1324  29.0039  -58.056  90.2177 -49.6793
  9.0795 -59.6698   53.687  -55.891  29.5671 -57.8741   91.297 -49.4155
 9.32221 -58.2772  54.6694   -56.03  29.8152 -57.7745  91.9087 -48.9677
 9.67837 -58.2499  55.9257 -55.6993  30.2225 -57.5687  93.2535 -49.1411
   9.707 -58.0951  57.0868 -55.9304   30.164 -57.5073  93.8245 -48.9062
 9.89807 -58.0712  57.3162 -55.8933  30.2845 -57.3842  93.4926  -48.665
 10.0714 -57.5838   57.413 -55.3695  31.5859  -53.929  93.6867 -48.1239
  10.305 -57.4673  57.6907 -55.0645  32.7388 -53.7844  93.3584 -47.7015
  10.522 -56.7272  58.1742 -54.9357  32.9514 -53.6353  93.8226 -47.3693
 10.8384 -56.5767  58.7365 -54.5876  33.5527 -53.4136  94.7006 -46.9531
 10.8797 -55.9007  58.7379 -54.0596    33.79  -53.272  95.2332 -46.5543
 11.1886 -55.7823  59.0623 -53.6688  33.8704 -52.9998  95.9698 -45.8786
 11.7813 -55.1431  58.9967 -53.3878  33.8036  -52.779  96.5929 -45.4489
 12.3091  -55.136  58.9559 -52.9507  33.7742 -52.6383  96.2373 -44.9614
 13.1985   -54.31  59.3505 -52.6069  33.9737 -52.3068  96.9304 -44.4365
 14.0341 -54.3262  59.3794 -52.3189  33.8144 -52.0479  97.0964 -43.6361
 14.9049  -53.384  59.6767 -51.6796  33.8753 -51.8269  97.7373 -43.4164
 15.9357 -53.5408   59.891 -51.2655  34.1995 -51.4938  98.3719 -42.8834
 16.7799 -52.6014  60.1924 -51.0407  34.6982 -51.5311  98.8037 -42.7285
 17.7992 -52.7586   60.434 -50.6678  35.4659 -51.1414  99.4093 -42.2319
 18.8055 -51.6492  60.7443 -50.1421  35.9283 -51.2852   99.538 -41.3004
 20.1176 -52.0336  61.1005  -49.776  36.3225 -51.1018  99.4856 -41.0349
  21.164 -50.9466  60.9176 -49.3063  36.4863 -50.6807  100.289 -40.3992
 22.6541 -51.4414  61.0749 -49.0885  37.0381 -50.5343  100.861 -40.2838
 23.8541 -50.5077  61.2029 -48.5645  37.2805 -50.1442  101.605 -39.7316
 25.2779 -50.9472   61.681 -48.3139  37.9183  -50.004   101.29 -39.4862
 26.0752 -50.1269   61.766 -47.8012  38.0218 -49.6708  101.662 -38.7339
  27.033 -50.3697  62.3148 -47.4163  38.4391 -49.5297  101.982 -38.3184
 27.6364 -49.3912  62.4156 -46.8213  38.7899 -49.5671  101.963 -37.5433
 28.4404 -49.5098    62.69 -46.4861  39.4911 -49.4021  102.327 -37.0955
 28.5641 -48.8781   63.206 -46.3187  39.7824 -49.2392  102.223 -36.2554
 28.8842 -48.8842   63.727 -45.7066  40.6608 -48.8627  102.488 -36.1054
 28.8654 -48.1873  64.4648 -45.5321  40.9448 -48.7224  102.977 -35.5502
 28.9765 -48.1731   65.067 -44.9122  41.5901 -48.4834  103.142 -34.9732
 28.7487 -47.8193   65.961 -44.7911  41.6379 -48.2212  103.595 -34.8253
 28.7514 -47.7645  66.6674 -44.4055  42.1743 -47.9135  104.465  -34.183
 28.6024 -47.4029  66.8538 -44.0304   42.137 -47.6252  105.659 -34.1219
 28.6988 -47.3694  67.5269 -43.8259  42.6963 -47.3369  106.835 -33.3208
 28.3946 -47.1226  67.0627 -43.2583  43.1602 -47.1975  108.185 -33.3161
 28.3489 -47.0545  66.9024 -43.3652  43.5607  -46.971  109.601 -32.4759
 28.3253  -46.807   66.751 -42.9056  43.4642 -46.5555  111.051 -32.5184
 28.3348 -46.7615  66.9407 -42.9428  43.6887 -46.3285  112.047  -31.736
 28.1952 -46.5697  66.8776 -42.5976  43.6254 -45.9841  113.036 -31.7097
 27.9903 -46.4053  67.5233 -42.4531  43.5053 -45.8398  113.893 -30.9258
 27.8304 -46.1309  67.9619 -42.0826  43.7713 -45.6043  114.733 -30.7702
 27.4611 -46.0565  68.5972 -41.9299  44.1822 -45.5398  115.137 -30.0628
 27.3206  -45.841   69.047 -41.5812  44.6384 -45.2844  114.348 -29.6322
 26.9929 -45.7092  69.6204 -41.4226  44.7682 -45.0436  114.002 -28.9729
 26.8793 -45.6009  69.9114 -41.0811  44.8262 -44.9457  113.025 -28.5614
 26.1941 -45.4179  70.6399 -40.5617  45.0341 -44.6868  112.673 -28.0355
 25.5995 -45.2341  70.7122  -40.252  44.9448 -44.3055  111.706 -27.7418
 24.9963 -45.0071  71.0852 -39.9548  45.2529 -44.0449   111.42 -26.9319
 24.3163  -44.722  71.1511 -39.6199  45.3131 -43.8215  111.057 -26.6961
 23.8241 -44.4358  71.2721 -39.2551   45.458 -43.5613  111.039 -26.1513
 23.4484  -44.122  71.0275 -38.8551  45.3025 -43.2442  110.026 -25.3294
 22.9427 -43.7269  71.1507 -38.4795  45.5315 -42.9498   109.64 -25.0663
 22.4706 -43.3419   70.845 -38.0513  45.4074 -42.5891  108.934 -24.5524
 22.0668 -42.9695  70.9432 -37.6717  45.5273 -42.2658  107.902 -23.7528
 21.6538 -42.6019  70.6999 -37.2623  45.5282 -41.8382  107.178 -23.3009
 21.2932 -42.1266  70.7034 -36.8501  45.5374 -41.5439  106.941 -23.0892
 21.1165 -41.7839  70.3773 -36.4158  45.2861 -41.0884  106.633 -22.4507
  20.976 -41.3181  70.4321 -35.9773  44.6352  -40.508  106.358 -21.9117
 20.7171 -40.9353   69.696 -35.5283  44.1384 -40.1276  105.416 -21.4486
 20.3733 -40.5231  69.4405 -35.0159  43.7831 -39.6486   104.59 -20.9371
 19.8177 -40.1096  68.8016  -34.637  43.2915 -39.1258  103.845  -20.303
 19.5098 -39.6746   68.255  -34.085   42.821 -38.6535  103.163 -20.0636
 19.3234 -39.3319  67.5158  -33.452  42.3471 -38.1333  103.038 -19.4396
 19.3564 -38.8729  67.1014 -33.0934   42.307 -37.6447  102.421 -19.1761
 19.0895 -38.5365  66.6743 -32.6217  42.0775 -37.2443  102.063 -18.7241
  18.565 -38.1623  66.4648 -31.9942  41.9439 -36.7586  100.858 -18.3822
 18.4141 -37.7346  66.1741 -31.5231  41.6587 -36.4323  100.227 -18.0497
  18.183  -37.405  65.9745 -31.2235  41.6938 -36.0869  99.1061   -17.57
 17.8483 -36.9958  65.9986 -31.6624  41.4999 -35.6269  98.4499 -17.2112
 17.5886 -36.6566  65.8432 -31.1857  41.3629 -35.1301  97.1245 -16.8063
 17.4981 -36.3236  65.9268 -30.9242  41.4924 -34.8746  96.4589 -16.5556
 17.3701 -36.0363  66.3898 -30.5245  41.7211 -34.4708  95.4381 -15.9341
 17.4678 -35.7529  66.5232  -30.215  42.2365 -34.2886  94.7097 -15.6641
 17.4409 -35.4526  66.6781 -29.7046  42.4678 -33.9264  94.1064  -15.173
 17.6997 -35.1864  66.4964 -29.2052  43.0304 -33.5907  93.3928 -14.8383
  17.753 -34.9255  66.0322 -28.8976  42.9831 -33.2704  92.8296 -14.3724
 17.8817 -34.6589  66.0044 -28.2296  42.8649 -33.0188  92.3359 -13.8393
 18.1213 -34.3579  65.5483 -27.6132  42.9664 -32.6217  91.9821 -13.1451
 18.3339 -34.1429   65.549 -27.2415  43.1763 -32.2745  91.4487 -12.6781
 18.6053 -33.8457  65.6699 -26.9048  42.9944 -31.8977  90.9762  -12.085
 18.5501 -33.5843  65.7635 -26.4693  42.9962 -31.5958  90.3236 -11.6209
 18.4438 -33.3139  65.4758 -26.2066  42.9372 -31.1968  89.7435 -11.0254
 18.4062 -33.0504  65.5303 -25.6658  43.0008 -31.0532  89.0039 -10.7694
 18.4013 -32.7852  65.8503 -25.2235  43.1951 -30.7405  88.6822 -10.2022
 18.3188 -32.5582  65.6246 -24.9314  43.2586 -30.5852  88.1081 -10.0191
 18.3266  -32.357  65.7666 -24.4133  43.0351 -30.2847  87.8037 -9.49636
 18.5125 -32.1732  65.7799 -24.0144  43.0907 -29.9694  87.2131 -9.09151
 18.6479 -31.9522   65.914 -23.8076   43.099 -29.6312  86.4792 -8.94402
 18.8398 -31.7379  65.7575 -23.4271  42.9304 -29.3226   86.121 -8.53503
 18.5418 -31.4764  65.3238 -22.8137  42.8184 -28.9426     85.3 -8.14239
 18.4768  -31.201  65.2653 -22.6469   42.769 -28.7112  83.9521  -7.6511
 18.3006 -30.9294  65.1486 -22.2991  42.5602 -28.3693  83.2348 -7.59652
 18.4434 -30.7025  64.7739   -22.12   42.495 -28.0769  81.8821 -7.27915
 18.3382 -30.4117  64.5756 -21.5463  42.3873 -27.7509  81.3585 -6.94826
 18.0522 -30.1058  64.2674 -21.3236  42.1162 -27.3606  80.5114 -6.64797
 17.8075 -29.7434  63.9114 -20.8266   42.018 -27.0124  79.8553 -6.53604
 17.5015 -29.4081  63.3943 -20.6238  41.7357 -26.5539  79.4116  -6.1859
 17.4462 -29.1288  62.9129 -20.1476  41.6575 -26.2262  78.6308 -6.09247
 17.3223  -28.786  62.4268 -19.9786  41.2919 -25.8477  77.2524 -5.70712
 17.0811 -28.4541  62.0717 -19.5018  41.1118  -25.552  76.4397 -5.54177
 16.9165 -28.1683  61.6439 -19.2072  40.7848 -25.3206  75.5806 -5.29987
  16.645 -27.8269  60.8718  -19.005  40.4602  -24.917  74.8098 -5.21987
 16.5107 -27.5419  60.3347 -18.6954  40.1344 -24.6502  74.0818 -5.03206
 16.1838 -27.2116  59.5747 -18.4952  39.7572 -24.3753  73.2918 -4.74079
 16.0866 -26.8277  59.0527 -18.1947  39.6633 -24.1065  72.4656 -4.73243
 15.8725 -26.5107  58.3293  -18.005   39.055 -23.7312  71.7111 -4.40677
 15.7028 -26.1517  57.8502 -17.5647   38.525 -23.5134   70.541 -4.13669
 15.3309 -25.8293  57.3809 -17.4009  37.8792 -23.1577  69.6734 -4.12848
 15.0477 -25.4685  57.0406 -17.0984  37.4471  -22.971  68.4263 -3.94516
 14.7199 -25.1983  56.3925  -16.741  36.9039 -22.6192  67.7335 -3.83535
  14.499 -24.7916  55.7887 -16.5573  36.4989 -22.3354  66.9002 -3.64465
 14.1079 -24.5087  55.1337 -16.2412  36.0417  -22.111  66.2925  -3.5338
 14.0176 -24.1308  54.3998 -15.8274  35.7833 -21.7242  65.2322 -3.26743
 13.9442 -23.8679  53.7742  -15.661  35.6088  -21.431  64.2865 -3.15841
 13.9401 -23.4753  52.7276 -15.2415  35.1937 -21.1923  63.4245  -3.0607
 13.9435 -23.2259  52.0057 -15.0889  34.9629 -20.8065  62.5296 -2.86227
 14.0986 -22.8359  51.1062  -14.662   34.574 -20.4965  61.8529 -2.72935
 14.0814 -22.5861  50.5391 -14.4143  33.9623  -20.222  60.9356 -2.50415
 14.0805 -22.1842  50.0448 -14.1933   33.642 -19.8137  60.2014 -2.45047
 14.0524 -21.8949   49.267 -13.8711  33.2332 -19.4861  59.4171 -2.17532
 14.0267 -21.4824  48.7463 -13.6174  32.9439 -19.1993  58.6368  -1.9847
 13.9817 -21.2225  47.9359 -13.3144  32.7533   -18.93   57.631 -1.74721
 14.0017 -20.8454  47.3002  -13.057  32.4836 -18.5784  56.7749 -1.58699
 14.0274 -20.5027  46.6194 -12.7666  32.1261 -18.1749  55.7573 -1.53146
 13.9296 -20.1878  45.9845 -12.4353  31.8415 -17.9122  54.9128 -1.27119
 13.8157 -19.7959  45.3353 -12.1547  31.3806 -17.5761  54.0487 -1.22471
  13.6506  -19.3791   44.8288  -11.7804   31.1401   -17.184   53.1835 -0.982688
   13.311  -19.0186   44.3024  -11.4173   30.9704  -16.8368   52.2901 -0.832204
  13.1676  -18.7279   43.9689  -11.1147   30.7375   -16.589   51.3216 -0.628781
 13.0726 -18.3579  43.4508 -10.8204  30.3532 -16.2094  50.4094 -0.50777
  12.9893  -17.8805   42.7303  -10.5398   30.1028  -15.8815   49.4466 -0.318365
  13.1196  -17.4193   42.1853  -10.2146   29.7514  -15.5654   48.4834 -0.216038
   12.9519    -17.078    41.5199   -9.87717     29.314   -15.2867    47.4977 -0.0890522
    12.788   -16.7279    40.8995   -9.66988    28.9417   -14.9595    46.3826 -0.0664677
  12.5464  -16.4042    40.392  -9.32273   28.4752   -14.583   45.4836 0.0174888
 12.3023 -16.0704   39.752 -9.13489  28.0383  -14.308  44.4806 0.160936
   11.92  -15.736  39.1039 -8.87813  27.6339 -13.9898  43.6538 0.232112
 11.6183 -15.4179  38.3326 -8.67588  27.2553  -13.733  42.8028 0.213904
 11.4295 -15.1018  37.7208 -8.44618  26.8002 -13.4123   41.978 0.326791
  11.151 -14.7944  36.9776 -8.28213  26.4551 -13.1049  41.1798 0.310189
 10.9202 -14.5117  36.3468 -8.07209  25.9763 -12.8094  40.5085 0.399757
 10.6703   -14.21  35.6206 -7.80135  25.5486 -12.5665  39.7508 0.414677
 10.3549 -13.9374  34.9243  -7.6773  25.1516 -12.3215  38.9262 0.369561
  10.155 -13.6653  34.0369 -7.49451  24.7323 -12.1278  38.1419 0.448627
 9.97736 -13.3904  33.4472 -7.29101  24.3919  -11.888  37.4737 0.393698
 9.76849 -13.1125  32.7689 -7.08667  23.9768 -11.5908  36.7793 0.411898
 9.54242 -12.8757  32.1973 -6.99152  23.5495 -11.4151  36.0379 0.350653
 9.29603 -12.6283  31.6264  -6.8043  23.0053 -11.1745  35.3777 0.400826
 9.07994 -12.4078  31.1287 -6.72292  22.7091 -11.0067   34.634 0.337765
 8.81609  -12.183  30.5583 -6.57503  22.1955 -10.7598  33.9146 0.390894
 8.52207 -11.9523  29.9746 -6.46033  21.6873 -10.5489  33.3041 0.396999
 8.41986 -11.8016  29.3497   -6.323  21.2189 -10.3701  32.6501 0.451079
 8.25709 -11.5803  28.7315 -6.22336  20.8045 -10.1625  32.0493 0.405531
 8.19005 -11.3473  28.1894   -6.032  20.3024 -9.97048  31.5644 0.471565
 8.09955 -11.0995  27.7544 -5.87213  19.8121 -9.73739  30.8964 0.429204
 8.08035 -10.8755  27.1895 -5.70387  19.2198 -9.52574  30.3304 0.478889
 7.99714 -10.6372  26.6712 -5.62916  18.7783 -9.34352  29.7069 0.484447
 7.83698 -10.4283  26.0533 -5.42381  18.4129 -9.12291  28.9811 0.546072
 7.67119 -10.1718  25.5522 -5.29095  17.9209 -8.92725  28.3375 0.567815
 7.53002  -9.9446  24.9827 -5.09481  17.6504 -8.67182  27.8002 0.554827
 7.33076 -9.70971   24.427 -4.96695  17.2456 -8.47621   27.088 0.608157
 7.10071 -9.47863  23.8203 -4.85064   16.914  -8.2621  26.4913 0.610941
 6.92434 -9.28665  23.3561 -4.72413  16.5342 -8.07195  25.8751 0.610601
 6.77334 -9.05675  22.8969 -4.64059  16.2478 -7.84349  25.2394 0.602861
 6.66188 -8.88249   22.504 -4.48862  15.9417 -7.66365  24.6343 0.615785
 6.51671 -8.66455  22.0929 -4.38475  15.6711 -7.41606  23.8382 0.668944
 6.32153 -8.42859  21.6889 -4.21992  15.4278  -7.2444  23.2563 0.642814
 6.50112 -7.94221    21.08 -4.07531   15.241 -7.02228  22.5169 0.699891
  6.5919 -7.71011  20.5119 -3.92476  14.9096 -6.78071  21.9534 0.704291
 6.57892 -7.54302  19.9432 -3.79251  14.4532  -6.6059  21.2432 0.748032
 6.58892 -7.31038  19.4747 -3.63982  13.9554 -6.33196  20.6215 0.779543
  6.5897 -7.05897  18.8453 -3.48374  13.6785 -6.24851  19.8503 0.795502
  6.5199  -6.8297  18.3719 -3.36897  13.2219 -5.99741  19.1774 0.836981
 6.46973 -6.62062  17.7374 -3.22012  12.9229 -5.76171  18.5622 0.862174
 6.34032 -6.41331  17.1806 -3.04259  12.5332 -5.53252  17.9264 0.913228
 6.19178 -6.24897  16.5124 -2.87786  12.2892 -5.29707  17.2809 0.964453
 6.06021  -6.0157  16.0902  -2.7375  11.9508 -5.04857  16.5597  1.01532
 5.96137 -5.82102  15.5723 -2.60428  11.6515 -4.83682  15.9129  1.02604
 5.84067  -5.6175  15.1588  -2.4618  11.4133 -4.61183  15.1629  1.05198
 5.82692  -5.4183  14.6755 -2.33052  11.1271 -4.41033  14.4568  2.14247
 5.73975 -5.23018  14.1539 -2.20015  10.9119 -4.20955  13.6607  2.11668
 5.71776 -4.99388  13.7811 -2.07828  10.5968 -4.01782  13.1194  1.99403
 5.69976 -4.80203  13.2925 -1.96051  10.3208 -3.84903  12.5028  1.96022
 5.59084 -4.59463   12.881 -1.83977  10.0906 -3.66236  11.9686  2.56369
 5.42985 -4.39594  12.5148 -1.71834  9.74047 -3.45154  11.3576  2.51134
 5.24427 -4.20073  12.0299 -1.60216   9.4015 -3.30952  10.8774  2.48126
 5.03151 -4.00661  11.5218 -1.47507  9.14194 -3.10779  10.3309   2.4102
 4.70354 -3.80184  10.9482 -1.35402  8.86038 -2.95141  9.90232  2.28242
 4.52015 -3.60336   10.344 -1.26014  8.67371 -2.70275  9.41335  2.21524
 4.21298 -3.36744  9.77125 -1.15434  8.36772 -2.54637  8.88736  2.15658
  4.0284 -3.19115  9.26139 -1.05722  8.14622 -2.29586  8.36977   2.0868
  3.68732  -2.90272   8.73275 -0.930964   7.78094  -2.14471   7.81997   2.00799
  3.54205  -2.84606   8.12521 -0.866402   7.49255   -1.9693   7.24132   1.94672
  3.26757  -2.62298   7.49208 -0.716187   7.12873  -1.80234   6.69686    1.8842
  3.22821  -2.42555    6.8141 -0.753832   6.89182  -1.58613    6.2059   1.80046
  3.21487  -2.23969   6.20978 -0.661537   6.56507  -1.45316   5.74665   1.72097
  3.11222  -2.03654   5.68698 -0.572792    6.2947  -1.25767   5.22712   1.65216
  2.88677    -1.843   5.29161 -0.491916   6.00474  -1.18574   4.88408   1.58259
   2.7192   -1.6654   4.89678 -0.417362   5.75266 -0.899428   4.55588   1.33303
  2.52452  -1.49795   4.52179 -0.374525   5.41949 -0.783125   4.22068   1.26825
  2.39178  -1.33734   4.13012  -0.30992   5.15043 -0.637949   3.89623   1.13812
  2.14128  -1.14096   3.82683 -0.239805   4.84328  -0.54792   3.57897   1.08887
  1.90231 -0.965863   3.50546 -0.181225   4.50346  -0.43193   3.22959  0.958699
  1.78768 -0.593842   3.21689 -0.116783   4.21144 -0.325692   2.85118  0.937505
   1.67531  -0.465745    2.86394 -0.0501403    3.83445  -0.218951    2.58544   0.836269
    1.74151    0.301379     2.61119 -0.00579578     3.46623    -0.13323     2.39279    0.806204
   1.73412   0.357997    2.26184 0.00560366    3.08398 -0.0638528    2.08949   0.670499
   1.59104   0.463632    1.98897   0.038447    2.80361 0.00550573    1.89977   0.636489
  1.45285  0.512231   1.74588  0.106544   2.62938 0.0713988   1.66138  0.522397
 1.41559  0.66357  1.61448 0.136272  2.44407 0.133211  1.53465 0.525882
 1.36784  0.70964  1.47502  0.13876   2.2841 0.183916  1.30909 0.400664
 1.42677  1.47313  1.42995 0.154334  2.22548  0.15805  1.19979 0.407475
 1.44441  1.45934  1.35464 0.521279  2.21526 0.199961  1.02856 0.290107
 1.58925  1.92283  1.35037 0.525273  2.10372 0.260042  0.99604 0.305044
 1.73451  1.86236  1.19753 0.632701  2.06586 0.299829 0.930981 0.144807
  1.89137   1.96951   1.12294  0.634121   1.99383 -0.309781  0.971733  0.172518
   2.01158    1.93007   0.931697   0.684456    1.98118  -0.240876     1.0393 -0.0494496
   2.03663    2.09579   0.860725   0.697788    2.03232  -0.514322    1.17858 0.00676603
  2.04386   2.04595   0.78292  0.754849   2.10555 -0.450118   1.26114 -0.337147
  1.93356   2.02678  0.785904  0.734125   2.01416 -0.439612   1.40795  -0.30483
  1.87304   1.99203  0.860495  0.984473    1.9726 -0.336325   1.40803 -0.514605
  1.48158   2.41854    1.0027  0.942537   2.18817 -0.708622   1.48331 -0.467723
   1.2195   2.29482   1.13475   1.08031    2.4088 -0.595746   1.40233 -0.538471
 0.685977   2.79714    1.3106    1.0573   2.73506 -0.879712   1.41277 -0.485119
 0.412401   2.65861    1.3507   1.05561   2.98341  -0.69159   1.40775 -0.603955
0.0813305   2.84415   1.43977   1.02271   3.41475  -1.10603   1.39808 -0.534475
-0.016303   2.71645    1.3394  0.850933   3.72922 -0.990105   1.42433 -0.747104
-0.356874   3.11605   1.38985  0.847036   3.97911  -1.09153   1.54229 -0.659358
-0.564381   2.96194    1.4267  0.747245   4.18109  -0.98953   1.65105 -0.822458
-0.580886   2.90146   1.51729  0.744903   4.41044   -1.0836   1.82281 -0.730734
-0.552013   2.71727   1.64116  0.610556   4.59238  -1.01057   1.99289 -0.967583
-0.596273    2.7035    1.8169  0.602168   4.72509  -1.25917   2.20417 -0.877664
-0.63405  2.52412  1.96905 0.391159   4.7996 -1.18594  2.47507 -1.05275
-0.778271   2.64532   2.14413  0.369801   5.01241   -1.6108   2.76747 -0.924556
-0.883141   2.44283   2.21357  0.359737   5.14135  -1.58327   3.10762  -1.11106
 -1.31259   2.69338   2.23325  0.348006   4.97543  -1.52355   3.47243 -0.916609
-1.56702  2.46918  2.27522 0.291559  4.95174 -1.50568  3.84477 -1.09959
  -1.9732   2.63697   2.36423  0.278976   4.76616  -1.48446   4.22079 -0.943283
-2.22655  2.43851  2.43177 0.222759  4.66094 -1.46711  4.59822 -1.13293
 -2.19179   2.49191   2.67765  0.275119    4.2254   -2.1715   4.94792 -0.972823
 -2.1533  2.33152  2.89907 0.105314  3.91175  -2.1038  5.23413 -1.15599
-1.95305    2.184  3.13615 0.190132    3.746 -2.04987  5.47991  -1.0411
 -1.82928    2.0343   3.31167 0.0139664   3.55523  -1.99308   5.71405  -1.21217
-1.70098  2.46082  3.51259 0.056234  3.40717 -1.94253   5.8731  -1.1188
  -1.63961    2.30617    3.66725 -0.0831777    3.22561   -1.83832    5.87015   -1.17351
  -1.26398    4.61658    3.80356 -0.0778508    3.11185   -1.80442    5.83787   -1.14104
-0.910353   4.35521   3.92745 -0.217252   3.16177  -1.80436   5.75203  -1.21525
-0.880607   4.22093   4.03524  -0.18453   3.21043  -1.76117   5.64075  -1.16479
-0.831054   3.99509   4.16547 -0.278261   3.09837  -1.99114   5.42366  -1.11674
-0.571995   7.53696   4.29704 -0.161907   3.02466  -1.90465   5.22511  -1.06565
-0.410048   7.16693   4.39809  -0.31617   2.87555  -1.84748   4.99874  -1.01074
 0.291749   7.29316   4.47032  -0.21668   2.93045  -1.81464   4.83844 -0.954801
 0.722233    6.8291   4.53449 -0.364302   2.77266  -1.75301   4.65142  -0.98245
  1.62804   7.16279   4.60524 -0.241835   2.71173  -1.70476   4.46616 -0.964288
  2.15066   6.69366   4.69102 -0.413238   2.59931  -1.61171   4.29323 -0.955708
  2.69121     6.673   4.81247 -0.313614    2.5749  -1.57747   4.10343 -0.930494
  3.09785   6.17691   4.93424 -0.438991   2.18012  -2.06119   3.87888 -0.873435
  3.58672   6.31824   5.10044 -0.251561   1.94715  -1.92599    3.8019 -0.858253
  3.93196   5.89127   5.25241 -0.359272    1.8477  -1.80803   3.70756 -0.784338
  4.38446   5.91221   5.48607 -0.203869   1.85192  -1.72103   3.53375 -0.726954
  4.76338   5.43387   5.69715 -0.337855   1.79186  -1.72643   3.42011 -0.659552
  5.28291   5.45977    5.9845 -0.168445   1.87463  -1.66601   3.21542 -0.554249
  5.72236   4.95841   6.26754 -0.360061   1.88313  -1.62519   3.06855 -0.502096
  6.31537    5.2155    6.6266 -0.078099   1.99163  -1.56575   2.78648 -0.280437
   6.7643   4.83048    7.0048 -0.334513   2.05183  -1.41492   2.56435 -0.246006
   7.07761      4.938    7.39687 -0.0287232    2.19598   -1.33079    2.38766   -0.17965
 7.24111  4.60063  7.80812 -0.19759  2.24844 -1.24765  2.30135 -0.11073
  7.53426   4.61235   8.25443  0.156321   2.28962  -1.16101   2.13679 0.0103311
    7.70803     4.28775      8.6994 0.000434349     2.41903    -1.20392     2.07875   0.0646107
 7.86844  4.26106  9.04797 0.302763  2.55646 -1.14493  1.97931 0.131657
 7.97359   3.9288  9.40571 0.097426  2.67469   -1.091  1.97203 0.162596
 8.12476  3.93248  9.69099 0.350317  2.72061 -1.04077  1.96099 0.194534
  8.15654   3.55371   10.0021  0.182786   2.74129 -0.990654   2.01261  0.240822
  8.24496   3.51504   10.2122  0.393884   2.72293 -0.944586   2.00081  0.235079
    8.211   3.27194   10.4852  0.209837    2.7153 -0.884742   2.02087  0.273062
  8.22238   3.16599   10.6057  0.453472   2.72791 -0.845474   2.01792  0.311838
 8.05823  2.98586  10.7418 0.312122  2.79793   -0.795  1.95975 0.345386
  7.77933   2.83857    10.705  0.476666   2.82443 -0.746052   1.89375   0.37005
  7.44954   2.63764   10.6899  0.343709   2.78113 -0.696443    1.8573  0.397443
 7.06451  2.51662  10.5643 0.468304  2.58622 -0.70156  1.84282 0.420149
     6.84   2.52649   10.4287  0.381474   2.46505 -0.613121    1.8544   0.43813
  6.52297   2.46479   10.2318  0.448329   2.31777 -0.605651   1.84461  0.468266
 6.37568  2.51987  10.0843 0.373509  2.22393 -0.58325  1.74122  0.48916
  6.07993   2.41887   9.81887  0.435018   2.03984 -0.576975   1.65304  0.502555
   5.9517   2.28641   9.58373  0.414108   1.91073 -0.583554    1.6034  0.419819
   5.7093   2.12712   9.34013  0.472187    1.7452 -0.559311   1.54142  0.426108
  5.51869   2.08015   9.05656  0.449377   1.66482 -0.533588   1.53027  0.218865
  5.02876   2.18401   8.70446  0.460048   1.55614 -0.488241   1.51348  0.232901
  4.74082   2.04271    8.3582  0.454143   1.47895 -0.451038   1.48323  0.223112
 4.20746  2.09079  7.92766 0.488004  1.39877 -0.41629  1.44018 0.235254
  3.83228   2.00895   7.52635  0.487923   1.47068 -0.606446   1.36406  0.241225
  3.32409   2.00748     7.056  0.379929   1.49091 -0.551548   1.29845  0.243008
  3.00776   1.86105   6.62887  0.380767   1.49813 -0.555955   1.30206 0.0256199
  2.49559   1.98839   6.23781  0.400429   1.45486 -0.491459   1.25931 0.0530217
  2.12124   1.84502   5.87618  0.373555   1.54788   -0.5642    1.2426 -0.117851
   1.55101    1.97989    5.54068   0.406765    1.64964  -0.483179    1.20353 -0.0968874
  1.14085   1.85003   5.25244   0.40008   1.78478 -0.661271   1.21738 -0.288203
  0.63895   1.97721   4.99036  0.403991    1.8841  -0.57797   1.21971 -0.258346
 0.310175   1.75228   4.78993  0.354831   2.09195 -0.949168   1.25478 -0.423239
-0.166657   1.96969   4.61297   0.39134   2.23991 -0.861135   1.30197 -0.372381
-0.442711   1.77643   4.48151  0.261275    2.2708  -1.03791   1.39115 -0.615627
-0.884391   1.86201   4.38311  0.315574   2.30574 -0.952322    1.5006 -0.554828
 -1.12246   1.67967   4.36473  0.161341   2.35958   -1.3349   1.58247 -0.763886
 -1.4925  1.81624  4.34136  0.21539  2.42161 -1.22557  1.69738  -0.6877
  -1.66222    1.76136     4.4682 0.00211389      2.534   -1.32021    1.71003  -0.819137
 -1.61301   1.70897   4.57821 0.0949688   2.63792  -1.19948   1.77151 -0.760616
 -1.50553   1.66574   4.83636 -0.212489   2.94176  -1.61286   1.85674 -0.962477
  -1.40221    1.61495    5.04625 -0.0344776     3.2191   -1.47983    1.93778   -0.89661
 -1.26177   1.56712   5.27847 -0.360295    3.4377  -1.74124   2.00058  -1.03423
 -1.16742   1.51471   5.57795  -0.19541   3.69477  -1.58143   2.14105 -0.959222
 -1.12235   1.44922    5.9454 -0.514214   3.89315  -2.00824   2.18982  -1.09139
 -1.01177    1.3737   6.35454 -0.283066   4.08333  -1.86536   2.30391  -1.01561
 -0.88838   1.32592   6.77581 -0.585922   4.29827  -2.21665   2.34362  -1.09501
-0.757235   1.25982   7.25502 -0.352855   4.52754  -2.01561   2.46223   -1.0184
