 2.75727e-39 -1.54547e-12  2.75727e-39 -1.54547e-12   1.7652e-39 -1.54547e-12   1.7652e-39 -1.54547e-12
-0.000162042   4.7426e-05 -5.57904e-05  7.94832e-05  2.37254e-05 -5.99491e-05  0.000171357 -2.89093e-05
-0.000643035  0.000190373 -0.000222925  0.000316827  9.95128e-05 -0.000238708  0.000682885 -0.000115454
 -0.00143759  0.000428821 -0.000497748  0.000710669  0.000231711 -0.000534777    0.0015311 -0.000259109
 -0.00253779  0.000763825 -0.000880528   0.00125931  0.000427075 -0.000946489   0.00271277 -0.000459146
 -0.00394138   0.00119401  -0.00136639   0.00196149  0.000684249  -0.00147268   0.00421816 -0.000719959
 -0.0056372  0.00172179  -0.0019573  0.00281538  0.00101262 -0.00211148  0.00604618 -0.00103913
-0.00762896  0.00234328 -0.00264982  0.00381961  0.00140122  -0.0028624  0.00819165 -0.00141745
-0.00990223  0.00306224 -0.00344699  0.00497228  0.00186537 -0.00372314   0.0106539 -0.00185231
 -0.0124711  0.00387052 -0.00434461  0.00627208  0.00238185 -0.00469413    0.013425 -0.00234655
 -0.0153128  0.00477535 -0.00537641  0.00771444   0.0029735 -0.00577253   0.0165038 -0.00289795
 -0.0184474  0.00576615 -0.00651992  0.00929966  0.00361344 -0.00695908   0.0198733 -0.00351623
  -0.021851  0.00685064 -0.00772951   0.0110301  0.00433223 -0.00825035   0.0235418 -0.00419197
 -0.0255401  0.00801975 -0.00905375   0.0128999  0.00509065 -0.00964805    0.027483  -0.0049416
  -0.029489  0.00928193  -0.0103977   0.0149158  0.00591226  -0.0111492    0.031717 -0.00574712
  -0.033718   0.0106266  -0.0118399   0.0170691  0.00678395  -0.0127537   0.0362134 -0.00662765
 -0.0382165    0.012056  -0.0133852    0.019358  0.00774239  -0.0144576   0.0409952 -0.00756333
 -0.0429719    0.013573  -0.0150197    0.021782  0.00874727  -0.0162626   0.0460218 -0.00858039
 -0.0479923   0.0151723  -0.0167522   0.0243387  0.00980207  -0.0181674   0.0513369 -0.00964446
 -0.053262   0.016858 -0.0185977  0.0270254  0.0109034 -0.0201711  0.0568832 -0.0107932
-0.0587853  0.0186263 -0.0204588  0.0298486  0.0120445 -0.0222731  0.0627169 -0.0119842
-0.0645429  0.0204829 -0.0224322  0.0327987  0.0132345 -0.0244714  0.0687687 -0.0132629
-0.0705598  0.0224154 -0.0244955  0.0358758  0.0144878 -0.0267638  0.0751014 -0.0145828
-0.0768004  0.0244363 -0.0266616  0.0390774  0.0156993 -0.0291572  0.0816447 -0.0159894
-0.0832649  0.0265434 -0.0289367  0.0424014  0.0169828 -0.0316417  0.0884652 -0.0174346
-0.0899732  0.0287263  -0.031302  0.0458478  0.0182851 -0.0342202  0.0954997 -0.0189584
-0.0969128  0.0309882 -0.0337739  0.0494136  0.0196618 -0.0368875    0.10281 -0.0205167
 -0.104071  0.0333322 -0.0363135  0.0531007  0.0210404 -0.0396477   0.110356 -0.0221331
 -0.111442  0.0357581 -0.0390355  0.0568976  0.0224889 -0.0424948   0.118172 -0.0237838
 -0.119038  0.0382595 -0.0418086  0.0608141  0.0239515 -0.0454316   0.126244 -0.0254742
 -0.126827   0.040847 -0.0446201  0.0648497  0.0254875 -0.0484528   0.134588 -0.0271923
 -0.134854  0.0435005 -0.0474224   0.069007  0.0270909 -0.0515576   0.143222 -0.0289235
 -0.143047  0.0462461 -0.0504975  0.0732603  0.0287719 -0.0547441   0.152122 -0.0306804
 -0.151445  0.0490672 -0.0535246  0.0776356  0.0305111 -0.0580127   0.161329  -0.032434
 -0.159989   0.051985 -0.0569768  0.0820905  0.0323414 -0.0613599   0.170782 -0.0342216
 -0.168728  0.0549772 -0.0603254  0.0866693  0.0342691  -0.064784   0.180505 -0.0360245
 -0.177608  0.0580638 -0.0640918  0.0913249  0.0362537  -0.068287   0.190455 -0.0378687
 -0.186695  0.0612164 -0.0676701  0.0961088  0.0384394 -0.0718569   0.200667 -0.0397278
 -0.195877  0.0644771 -0.0718001   0.100954  0.0406273 -0.0755074   0.211091 -0.0416336
  -0.20523  0.0678138 -0.0756211   0.105936  0.0430997 -0.0792161   0.221747 -0.0435688
 -0.214628  0.0712736 -0.0801902   0.110958  0.0455367 -0.0830061   0.232697 -0.0454903
 -0.224275  0.0747749 -0.0843501   0.116123  0.0483116 -0.0868474   0.243897 -0.0474236
 -0.234053  0.0783616 -0.0893795   0.121313  0.0510122 -0.0907707   0.255323 -0.0493831
 -0.244023  0.0820082 -0.0938357   0.126658  0.0541352 -0.0947358   0.267043 -0.0513188
  -0.25401  0.0857801 -0.0993247   0.132008  0.0571182  -0.098786   0.278946 -0.0533044
 -0.264173  0.0896141  -0.104179   0.137518  0.0606223  -0.102867   0.291106 -0.0552857
 -0.274252  0.0936064  -0.110556   0.142979  0.0639094  -0.107037    0.30357 -0.0572274
 -0.284692  0.0975867  -0.116114   0.148616  0.0677793  -0.111228   0.316222 -0.0592068
 -0.295057   0.101718  -0.123021   0.154214  0.0713355  -0.115516   0.329247 -0.0610898
-0.305671  0.105875 -0.129075  0.159989 0.0755762 -0.119812  0.342405 -0.063045
 -0.316209   0.110179  -0.136821   0.165683  0.0794153   -0.12421   0.355786 -0.0650041
 -0.326871   0.114552  -0.143464   0.171579  0.0839256  -0.128615   0.369453 -0.0669183
  -0.33752   0.119043  -0.151936   0.177368  0.0878129  -0.133141   0.383482 -0.0687288
 -0.348192   0.123635   -0.15907   0.183387  0.0923621  -0.137671   0.397629 -0.0706098
 -0.358833   0.128346  -0.167652   0.189331   0.096269  -0.142324   0.411969 -0.0725044
 -0.369627   0.133107  -0.174767   0.195523   0.100674  -0.146993   0.426688 -0.0742696
 -0.380447   0.137962  -0.183725   0.201588   0.104234  -0.151804   0.441672 -0.0759848
 -0.391272   0.142917  -0.191161   0.207909   0.108242  -0.156634   0.456842 -0.0777068
 -0.402191   0.147936  -0.200858   0.214046   0.112054  -0.161544   0.472112 -0.0795022
 -0.413112   0.153052  -0.208834   0.220464   0.116453  -0.166456   0.487742 -0.0811622
 -0.424177   0.158212  -0.219884   0.226587   0.120663  -0.171446   0.503447 -0.0829096
-0.434912  0.163577 -0.229049  0.233013  0.125145 -0.176465  0.519574 -0.084461
-0.446239   0.16883 -0.240937  0.239167  0.129824 -0.181522  0.535951  -0.08595
 -0.457467   0.174206  -0.250384   0.245701    0.13466  -0.186618   0.552426 -0.0874975
 -0.46912  0.179525 -0.263097  0.251878   0.13943 -0.191775  0.569025 -0.089081
 -0.479628   0.185313  -0.272931   0.258501   0.144167  -0.196988   0.585851 -0.0906114
-0.490576  0.191034 -0.286252  0.264718  0.148786 -0.202266  0.603024  -0.09198
 -0.501223   0.196933  -0.297291   0.271309   0.153646  -0.207571   0.620236 -0.0934487
 -0.512193   0.202802  -0.311801   0.277473   0.158375   -0.21294    0.63777 -0.0947656
 -0.523394   0.208672   -0.32323   0.284132   0.164046  -0.218261   0.655521 -0.0960185
 -0.534456   0.214661   -0.33898   0.290217   0.169008  -0.223704   0.673615 -0.0970848
 -0.545386   0.220763  -0.351738   0.296796   0.174741  -0.229113   0.691538 -0.0984339
 -0.556807    0.22678  -0.369341   0.302684   0.180015  -0.234618   0.709775 -0.0996177
   -0.568  0.232939 -0.383774  0.309104  0.185062 -0.240192  0.728179 -0.100767
-0.579214  0.239157 -0.402928  0.314808  0.191341 -0.245679   0.74676 -0.101868
-0.589846  0.245621 -0.418305  0.321159  0.196624 -0.251317  0.765608 -0.102828
-0.600537  0.252127  -0.43843  0.326748  0.202233 -0.256962   0.78495 -0.103409
-0.611982  0.258464 -0.454001  0.333144  0.207417 -0.262696  0.804177 -0.104214
 -0.62364  0.264797 -0.474982  0.338622  0.212576 -0.268474  0.823514 -0.105017
-0.634701   0.27137 -0.490314  0.345139  0.216898 -0.274383  0.843117  -0.10565
-0.646231  0.277859 -0.510863  0.350738  0.222941 -0.280145  0.862632 -0.106485
 -0.65919  0.283979 -0.525831  0.357406  0.228399 -0.286009  0.882597 -0.106941
-0.661515  0.293282 -0.546068  0.363115  0.236296  -0.29164  0.902738   -0.1073
-0.666165   0.30189 -0.560524  0.369969  0.240046 -0.297768  0.923362 -0.107206
-0.674796  0.309389 -0.580416  0.375804  0.246651 -0.303614  0.943732 -0.107487
-0.685891  0.316241 -0.593981  0.382926  0.253318 -0.309488   0.96391  -0.10809
-0.692973  0.324247 -0.612331  0.389137  0.259954 -0.315397  0.984665 -0.108103
 -0.70186  0.331788 -0.622957  0.396945   0.26743 -0.321243   1.00573 -0.107822
-0.712624  0.338859 -0.636362  0.404242  0.275247  -0.32708   1.02716 -0.107143
-0.721626  0.346446 -0.641384  0.413266   0.28227 -0.333038    1.0485 -0.106632
-0.732044   0.35369 -0.650858   0.42144  0.289304 -0.339024   1.07016 -0.105759
 -0.74333  0.360744 -0.651096  0.431456   0.29606 -0.345071    1.0915 -0.105376
-0.748702  0.369386 -0.652578  0.441228  0.301525   -0.3513   1.11322  -0.10453
-0.757154  0.377245  -0.64546  0.452584  0.304715 -0.357823    1.1352 -0.103353
-0.764095  0.385516 -0.640337  0.463504  0.307296 -0.364443   1.15712 -0.102288
 -0.77297  0.393318 -0.624364  0.476206  0.303474 -0.371813   1.17942 -0.100675
 -0.781313    0.40128  -0.612507   0.488052   0.298659  -0.379285    1.20177 -0.0989979
 -0.789569   0.409288  -0.588943   0.501546   0.296374  -0.386478    1.22432 -0.0969779
 -0.796858   0.417557  -0.567438   0.514445   0.291504  -0.393942    1.24679 -0.0950796
 -0.805665   0.425474  -0.532362   0.528856   0.292319  -0.400827    1.26927 -0.0931489
 -0.812894   0.433795  -0.500252    0.54242   0.290262  -0.408012    1.29202 -0.0907097
 -0.821023   0.441917  -0.455135   0.556944   0.293127  -0.414726    1.31464 -0.0884574
 -0.827978   0.450335  -0.410529   0.570755   0.292839  -0.421763    1.33732 -0.0860582
 -0.835998   0.458518  -0.350591   0.585126   0.297423  -0.428347    1.35999 -0.0836295
 -0.842692   0.467024  -0.292649   0.598406   0.298849  -0.435252    1.38274 -0.0809758
-0.850434  0.475301 -0.221359  0.611434  0.304204 -0.441798   1.40559 -0.077989
 -0.858069   0.483616  -0.149808    0.62328   0.306227  -0.448678    1.42795 -0.0761322
 -0.865499    0.49199 -0.0637383   0.634154   0.314674  -0.454962    1.45031 -0.0742837
 -0.872094   0.500562  0.0232507   0.643475   0.324986  -0.461076    1.47293 -0.0717333
 -0.880472   0.508747   0.121413   0.650981   0.330613  -0.467656    1.49538 -0.0695865
 -0.885336   0.517716      0.221   0.656555   0.335267  -0.474345    1.51822 -0.0662688
 -0.891954   0.526303   0.317687    0.66045   0.340966  -0.480944    1.54118 -0.0623562
-0.897454  0.535135  0.416124  0.662464  0.348773 -0.487347   1.56396 -0.058829
 -0.901432    0.54429   0.487447   0.665484   0.354754  -0.493941    1.58681 -0.0547868
  -0.90771   0.552956   0.560424   0.667443   0.362794  -0.500338     1.6094 -0.0515211
 -0.910091   0.562433   0.597779   0.672918   0.369639  -0.506863    1.63213 -0.0474169
 -0.916233   0.571123   0.635529   0.678167   0.374916  -0.513555    1.65486 -0.0429176
 -0.908445   0.582619   0.651145   0.686133   0.380659  -0.520207    1.67749 -0.0384636
 -0.905755   0.593022   0.665685   0.694238    0.38437  -0.527072    1.70018 -0.0330316
 -0.897254   0.604481   0.665138   0.704296   0.388696  -0.533882    1.72264 -0.0284071
 -0.894309   0.614813   0.662845   0.714564   0.390232  -0.540976    1.74509 -0.0228957
 -0.895679    0.62431   0.630921   0.728384   0.395857  -0.547666    1.76741 -0.0173971
 -0.910629   0.631311   0.595733   0.742253   0.398073  -0.554701    1.78958 -0.0123849
  -0.928181    0.637832    0.564512    0.755378    0.405588    -0.56121     1.81167 -0.00682038
  -0.979555    0.637859    0.525314    0.768987    0.405719   -0.568457     1.83363 6.69286e-05
  -1.03729    0.63615   0.513629   0.779808    0.41591  -0.574706    1.85542 0.00647495
 -1.11482   0.62944  0.488193  0.791756  0.424648 -0.581096     1.877 0.0136708
 -1.19834  0.620043  0.499528  0.800502  0.436235 -0.587192   1.89845 0.0202242
 -1.27246  0.611664  0.496637  0.810458  0.440296 -0.594055   1.91968 0.0272841
 -1.35228  0.600462  0.513559  0.818727   0.44519 -0.600831   1.94068 0.0346868
 -1.40431  0.596324  0.515554  0.828267  0.444684 -0.608156   1.96156 0.0416286
 -1.45741  0.591347  0.530103  0.836724  0.438881 -0.615997   1.98223 0.0487534
 -1.51025  0.585916  0.529588  0.846477   0.42801 -0.624295    2.0027 0.0560351
 -1.56655  0.578732   0.54087  0.855206  0.427392 -0.631583   2.02279 0.0641315
 -1.62459  0.570221  0.537686  0.865175  0.422117  -0.63929   2.04277 0.0718583
 -1.68533  0.559883  0.547023  0.874061  0.424601 -0.646269   2.06226 0.0805647
 -1.73282  0.553994  0.541363  0.884217  0.422985 -0.653612   2.08148 0.0893367
 -1.78243  0.546739  0.549075  0.893229  0.421702 -0.660912   2.10016  0.098936
 -1.81215  0.547527  0.543148  0.903372  0.419841 -0.668248   2.11875  0.108033
 -1.84364  0.547455  0.492902  0.916925  0.418392 -0.675534   2.13737  0.116443
 -1.86509   0.55168  0.430964  0.930778  0.417883 -0.682724   2.15591  0.124525
 -1.88784  0.555309  0.382908  0.943204  0.404026 -0.691011   2.17369  0.133837
 -1.89971  0.563675  0.324202  0.955757   0.39522 -0.698827   2.19136  0.142828
 -1.91287  0.571438    0.3031  0.966168  0.398303 -0.705672   2.20843  0.152542
 -1.91953  0.581941  0.273168  0.976849  0.401407 -0.712505   2.22491  0.162816
 -1.92708  0.591974  0.288297  0.985606  0.425593 -0.717619    2.2401  0.174774
-1.93221  0.60293 0.295439 0.994671 0.446456 -0.72293  2.25529 0.186076
 -1.93528  0.614616  0.316048   1.00312  0.488904 -0.726201   2.26962  0.198122
 -1.93687  0.626767  0.329727   1.01184  0.530992 -0.729217   2.28481  0.208339
-1.94159 0.637541 0.344989  1.02044   0.5798 -0.73122  2.29834 0.220461
 -1.94234  0.649751   0.35452   1.02929  0.632327 -0.732397   2.31248  0.231227
 -1.94226   0.66213  0.369946   1.03782  0.681235 -0.733584   2.32264  0.246635
 -1.94054  0.674967  0.380569   1.04656  0.734756 -0.733757   2.33408  0.259729
 -1.9365 0.688478 0.394213   1.0551 0.767114 -0.73651   2.3481 0.269319
 -1.93186  0.702011  0.419157     1.063  0.804946 -0.738299   2.35697  0.284362
 -1.91989  0.717884  0.418392   1.07226  0.826402 -0.742377   2.37031  0.294011
 -1.91072   0.73251  0.427523   1.08095  0.853503 -0.745517   2.37773  0.309512
 -1.89581  0.748768  0.373554   1.09293  0.873216 -0.749727   2.38553  0.324002
  -1.8817   0.76445  0.331019     1.104  0.894406 -0.753647   2.39389  0.337432
 -1.87048  0.778946  0.253834   1.11603  0.922339 -0.756394   2.40086  0.351691
 -1.85505  0.794472  0.188335     1.127  0.949954 -0.759084   2.40853  0.364861
 -1.83804  0.810172  0.136006   1.13717  0.982985 -0.760723    2.4155  0.378237
 -1.82357  0.824855 0.0839164   1.14698   1.01253 -0.762828   2.42101  0.392417
 -1.80413  0.840663 0.0555108   1.15623   1.04235 -0.764759   2.42729  0.405568
 -1.78692  0.855564  0.024208   1.16537   1.07208 -0.766577    2.4358  0.416634
 -1.76968  0.870214 0.0131919   1.17429   1.10534 -0.767584    2.4653  0.411154
   -1.75363    0.884309 -0.00221922     1.18318     1.13432   -0.769281     2.49769    0.403013
   -1.74061    0.897429 -0.00415061     1.19197     1.16235    -0.77105     2.54058    0.385363
   -1.73273    0.909113 -0.00620877     1.20073     1.18261   -0.774311     2.58669    0.363241
   -1.72881    0.919719 -0.00822833     1.20946     1.22731   -0.772351     2.63709    0.334471
 -1.73997  0.926622 -0.011853   1.21815   1.25821 -0.773111   2.68894   0.30023
 -1.75709  0.932051 -0.014081    1.2268   1.28893 -0.773768   2.73479  0.268508
  -1.79513   0.932311 -0.0246942    1.23543    1.31632  -0.775048    2.78118   0.230544
  -1.83998   0.930675 -0.0107753    1.24398    1.34445  -0.776045    2.81431   0.208778
   -1.88955    0.927545 -0.00114074     1.25248      1.3734   -0.776727     2.84905    0.180452
    -1.95014     0.921101 -0.000404397      1.26097      1.39897      -0.7781      2.87244      0.17295
   -2.00123    0.916783 -0.00460797     1.26945     1.42322   -0.779701     2.89819    0.159177
 -2.06398  0.908705 -0.015449   1.27789   1.44053 -0.782932   2.91748  0.160065
 -2.09819  0.908574 -0.026202   1.28629   1.45319 -0.787268   2.93906  0.155063
  -2.14424     0.9047 -0.0521112    1.29462    1.44249  -0.797308    2.95686   0.159167
  -2.16068   0.909672 -0.0888569     1.3028     1.4225  -0.809424    2.97673   0.157868
 -2.18804  0.911234 -0.094003   1.31103   1.38289  -0.82577   2.99414  0.162439
 -2.19943  0.917647  -0.10993   1.31914   1.33322 -0.843718   3.01341  0.162162
  -2.2218  0.920617 -0.107133   1.32732   1.26603 -0.864421   3.03076  0.166324
 -2.22946  0.928083 -0.116864   1.33538   1.18749  -0.88605   3.04975  0.166252
 -2.24154  0.934123 -0.093661    1.3436   1.11238  -0.90571   3.06709  0.169894
  -2.24827   0.941755 -0.0767103    1.35171    1.02596  -0.925877    3.08584   0.169885
  -2.26343   0.946738 -0.0748512    1.35969   0.969273  -0.940479    3.10298   0.173475
  -2.2739  0.953101  -0.07031   1.36764  0.902796 -0.955692   3.12064  0.175538
  -2.29232   0.956968 -0.0855051    1.37548   0.874175  -0.965486     3.1368   0.180814
   -2.3013   0.963673 -0.0963973    1.38327    0.83808  -0.975956    3.15321   0.185197
  -2.31666   0.968362 -0.0980045    1.39105    0.82716  -0.983277    3.16701   0.194958
 -2.32136  0.976261 -0.111727   1.39871  0.811003 -0.991116   3.18076  0.204199
 -2.33023  0.982816 -0.123858   1.40631  0.809938 -0.997183   3.19467  0.212576
 -2.32615  0.993223 -0.191885   1.41323  0.808415  -1.00326   3.20811  0.221369
 -2.31884   1.00447 -0.241265   1.42003  0.809078  -1.00905   3.21592   0.23993
-2.30509  1.01744 -0.29476  1.42647 0.811059 -1.01465  3.22446  0.25585
  -2.2885   1.03103 -0.340551   1.43282  0.816612  -1.01982   3.23107  0.273798
 -2.26311   1.04683 -0.373034   1.43935  0.824686  -1.02466   3.23702  0.291535
-2.25063   1.0588 -0.39583  1.44605 0.829082 -1.02988  3.24142 0.310347
-2.23037  1.07267 -0.40025  1.45327 0.837086 -1.03465  3.24495 0.329161
 -2.21004   1.08632 -0.393221    1.4608  0.844953  -1.03939   3.24645  0.349416
 -2.18487   1.10095 -0.394874   1.46799  0.857525  -1.04355   3.24448  0.372524
 -2.16541   1.11388 -0.384205   1.47551  0.874217   -1.0472   3.24143  0.395413
 -2.13533   1.12917 -0.402972   1.48206  0.893932  -1.05042   3.23542  0.420023
 -2.10762   1.14357 -0.407186     1.489  0.914659  -1.05345    3.2296   0.44303
 -2.07483   1.15884 -0.377181   1.49693  0.936226  -1.05629   3.22276  0.465769
 -2.04665   1.17273 -0.325015   1.50528  0.964367  -1.05823   3.21323  0.489722
 -2.00938   1.18832 -0.303069   1.51268  0.989325  -1.06045   3.20246  0.513516
 -1.97288   1.20336 -0.259562    1.5204   1.02158  -1.06161   3.19265  0.535411
 -1.92021   1.22131 -0.249805   1.52734   1.05207  -1.06286    3.1798  0.558671
 -1.87289   1.23764 -0.220332   1.53452   1.08857  -1.06313   3.16628  0.581394
   -1.814   1.25563 -0.216061   1.54122   1.12061  -1.06385   3.15226  0.603515
 -1.76453   1.27131 -0.194363   1.54809   1.15955  -1.06339   3.13997  0.623601
-1.71512  1.28651 -0.19065  1.55465  1.19937 -1.06259  3.12452 0.645012
 -1.66443   1.30145 -0.172533   1.56131   1.23995  -1.06143   3.11408  0.662513
 -1.61776    1.3153 -0.171695   1.56771   1.28702  -1.05898   3.09744  0.683229
 -1.56741   1.32931 -0.159697   1.57415   1.33267  -1.05646   3.07846   0.70459
 -1.52125   1.34228 -0.144516   1.58055   1.37982  -1.05337   3.06256  0.723471
 -1.47266   1.35522 -0.123874   1.58689   1.42217  -1.05084   3.04302  0.743752
 -1.42631   1.36748 -0.125781   1.59301   1.46562  -1.04784   3.02716  0.761428
  -1.3798    1.3794 -0.123274    1.5991   1.50697  -1.04497    3.0064  0.781118
 -1.33665   1.39056 -0.128373   1.60507   1.55333  -1.04083   2.99361  0.796227
 -1.29029   1.40179 -0.131908   1.61098    1.5972  -1.03689   2.97417   0.81421
 -1.25081   1.41193 -0.138357   1.61681   1.64534  -1.03172   2.96868  0.825045
 -1.20652   1.42231 -0.145618   1.62256   1.68659  -1.02772   2.96048  0.836956
 -1.17108    1.4315 -0.153716   1.62823   1.72981    -1.023   2.96151  0.844333
 -1.13765   1.44026 -0.174619   1.63371   1.75479  -1.02222   2.95745   0.85394
 -1.10821   1.44845 -0.173695   1.63933   1.79459  -1.01782   2.96274  0.859094
 -1.07993   1.45636 -0.182766   1.64477   1.81739  -1.01726   2.96255   0.86665
-1.05521  1.46378 -0.19703  1.65008  1.85356 -1.01332    2.971  0.87016
  -1.0425   1.47001 -0.224416   1.65514   1.87304  -1.01331   2.97636  0.874978
-1.02346  1.47669 -0.23991  1.66025  1.90293  -1.0106  2.98959 0.876139
  -1.0246   1.48155 -0.263928   1.66513   1.91715  -1.01172   2.99757  0.879584
 -1.00511   1.48809 -0.291984   1.66983   1.93789  -1.01109   3.01272  0.879674
 -1.01066   1.49244 -0.323128   1.67433   1.94312  -1.01436   3.01997  0.883267
-0.988454   1.49903 -0.347924   1.67884   1.95313  -1.01634   3.03412  0.883619
-0.986719   1.50385 -0.375357   1.68316   1.94819  -1.02211   3.03916   0.88803
-0.958474   1.51071 -0.398912   1.68747   1.94886  -1.02635   3.05093  0.889278
-0.952733    1.5157 -0.426085   1.69156   1.93793  -1.03347   3.05169  0.895439
-0.925658   1.52223 -0.451757   1.69557   1.93511  -1.03844   3.05873  0.898641
-0.917235   1.52725 -0.476028   1.69951   1.92134  -1.04605    3.0523   0.90781
-0.909131   1.53216 -0.444224   1.70515   1.91566  -1.05156   3.05228  0.913958
-0.916837   1.53584 -0.414989   1.71057   1.90094  -1.05916   3.03375  0.928103
-0.891536   1.54186   -0.3989   1.71549   1.89496  -1.06455   3.02255   0.93877
-0.878428   1.54689 -0.380549   1.72038   1.88161   -1.0716   3.00176  0.953259
-0.871693   1.55139  -0.39271   1.72441   1.87702  -1.07648   2.98781  0.964582
-0.864042   1.55588 -0.391772    1.7287   1.86788  -1.08233   2.96278  0.980149
-0.856448   1.56029  -0.43577   1.73168    1.8681  -1.08593   2.94355  0.993022
-0.853878   1.56428 -0.467469   1.73485   1.86503  -1.09022   2.91736   1.00829
-0.834685    1.5693 -0.528754   1.73683   1.87079  -1.09241   2.90055   1.01963
-0.826941   1.57348 -0.578206   1.73894   1.87466  -1.09497   2.87287   1.03476
-0.807777    1.5783 -0.642633   1.74014    1.8888  -1.09509   2.85136   1.04727
 -0.79401   1.58268 -0.687839   1.74189   1.90082  -1.09562   2.82283   1.06199
-0.779003   1.58705 -0.745021    1.7428    1.9229   -1.0937   2.80419    1.0729
-0.758917   1.59162 -0.787274   1.74423   1.94378  -1.09195   2.77172   1.08829
-0.742226   1.59589 -0.838096   1.74495   1.97404   -1.0878   2.74527   1.10127
-0.723187   1.60019 -0.879867   1.74597   2.00261  -1.08388   2.71351   1.11566
-0.701008   1.60454 -0.919365   1.74694   2.04221  -1.07699   2.68877   1.12745
-0.673141   1.60907 -0.950228    1.7483   2.08349  -1.06935   2.65793   1.14086
-0.650549   1.61321 -0.967041   1.75049   2.12812  -1.06049    2.6372   1.15086
-0.625586   1.61733  -0.97194    1.7534   2.17329  -1.05109   2.60397   1.16439
-0.602955   1.62122 -0.961113   1.75731   2.22041  -1.04071   2.57617   1.17598
-0.575932   1.62518 -0.943951   1.76154    2.2672  -1.02998   2.54618   1.18792
  -0.5523   1.62887 -0.929524   1.76549   2.31565  -1.01828   2.52633   1.19671
-0.525465   1.63256 -0.908274   1.76978   2.36419  -1.00604   2.49717    1.2079
 -0.49813   1.63614 -0.891233   1.77369   2.41358 -0.992979   2.47443   1.21708
-0.468835   1.63964 -0.866544   1.77795   2.46397 -0.979011   2.44974   1.22657
-0.442046   1.64292  -0.82914   1.78281   2.51708  -0.96347   2.42995   1.23457
-0.411824   1.64616 -0.791257    1.7875   2.56917 -0.947571   2.41477   1.24119
-0.384672   1.64918  -0.74876   1.79224   2.61611 -0.932873   2.40348   1.24668
-0.355983    1.6521 -0.710392   1.79655   2.66988 -0.914889   2.40211    1.2495
 -0.33265   1.65476 -0.669006   1.80081   2.72029 -0.897398   2.40529   1.25107
-0.307154   1.65734 -0.629901   1.80476   2.77365 -0.877852   2.41656   1.25047
-0.284072   1.65976 -0.593612    1.8084   2.82427 -0.858539   2.43246   1.24857
-0.258432    1.6621 -0.565177   1.81157   2.87434 -0.838537   2.45453   1.24494
-0.235831   1.66427 -0.535628   1.81464   2.92382 -0.817833   2.48067   1.24008
-0.211914   1.66635 -0.505531   1.81758   2.97073 -0.797367   2.51176   1.23369
-0.188134    1.6683 -0.476513   1.82034    3.0159 -0.776793   2.54398   1.22678
-0.164822   1.67013 -0.448709   1.82291    3.0637 -0.753775   2.58025   1.21848
-0.143035   1.67183 -0.422261   1.82532   3.10805 -0.731472   2.61474   1.21042
-0.120799   1.67342 -0.400745   1.82747   3.14901 -0.709996   2.64734   1.20264
-0.0998735    1.67489  -0.379043    1.82951    3.18946  -0.687727     2.6835    1.19353
-0.0803179    1.67626  -0.360848    1.83135    3.22723  -0.665999    2.71833    1.18453
-0.0621385    1.67751  -0.341589    1.83312    3.26005  -0.646461    2.75419    1.17492
-0.0447141    1.67867  -0.325803     1.8347    3.29326  -0.625688    2.78982    1.16507
-0.0280164    1.67973  -0.310196    1.83619    3.32694  -0.603478    2.82961    1.15353
-0.0156496    1.68071  -0.297883    1.83751    3.36022  -0.580335    2.86216    1.14403
-0.00725167     1.68162   -0.285438     1.83875      3.3868   -0.561233     2.89507     1.13411
-0.00562759     1.68247   -0.276354     1.83984     3.41552   -0.539332     2.92052     1.12647
-0.00386109     1.68325   -0.267576     1.84084     3.44085   -0.519141     2.94856      1.1177
-0.0080816    1.68398  -0.262128     1.8417    3.46576  -0.498187    2.96403    1.11314
-0.0116216    1.68463  -0.257153    1.84247    3.48919  -0.477403    2.98085    1.10796
-0.0202541    1.68522  -0.254455    1.84312    3.51167  -0.456315    2.99251    1.10449
-0.0305265    1.68573  -0.252776    1.84368    3.53225  -0.435921    3.00288    1.10137
-0.0418878    1.68616  -0.253188    1.84413    3.55066  -0.416642    3.00571    1.10087
-0.0560459     1.6865  -0.254839    1.84447    3.57031  -0.394632    3.00791    1.10052
-0.0673223    1.68676   -0.25599    1.84474    3.58572  -0.376365     3.0063    1.10144
-0.0825417    1.68692  -0.260178    1.84489    3.60112  -0.356872     3.0018    1.10332
-0.0949419      1.687  -0.264563    1.84495    3.61348  -0.340224    2.99731    1.10509
-0.113525   1.68697 -0.271281   1.84489    3.6279 -0.319308   2.98891   1.10817
-0.124625   1.68687 -0.277061   1.84475   3.63945 -0.301209   2.97509   1.11307
  -0.1443   1.68664 -0.284362   1.84451   3.65193 -0.279978   2.95691   1.11936
-0.153384   1.68638 -0.289164   1.84423   3.66301  -0.25925   2.93643   1.12629
-0.169829   1.68598 -0.296792   1.84381   3.67411 -0.236252   2.91101   1.13472
-0.175534   1.68559 -0.300712   1.84338   3.68347 -0.214285   2.88111   1.14443
-0.186046   1.68508 -0.307186   1.84281    3.6925 -0.190176    2.8468   1.15532
 -0.18845   1.68457 -0.311476    1.8422   3.70086  -0.16399   2.81275    1.1658
-0.195459   1.68393 -0.318042   1.84146   3.70806 -0.136306   2.77723   1.17642
-0.190906   1.68334 -0.322243   1.84068   3.71339 -0.109224   2.73754   1.18801
 -0.195855    1.68258  -0.326225    1.83982    3.71628 -0.0866741    2.69937    1.19877
 -0.188845    1.68186  -0.328345    1.83892    3.71826 -0.0619774    2.65777    1.21019
 -0.185014    1.68104  -0.329086    1.83796     3.7188 -0.0377272     2.6196    1.22025
 -0.171205    1.68024  -0.326959    1.83698    3.71799 -0.0132805     2.5774    1.23111
-0.159934   1.67933 -0.323767   1.83593   3.71573 0.0141169   2.53798   1.24085
-0.144741   1.67836 -0.319924   1.83481   3.71208 0.0379455   2.49403   1.25148
-0.134958   1.67726 -0.310704   1.83372   3.70647 0.0666358   2.45426   1.26064
-0.124133   1.67609 -0.298194   1.83259   3.69952 0.0926328   2.41056   1.27049
-0.111066   1.67485 -0.282867   1.83141   3.69088  0.119224   2.37136   1.27887
-0.0951758    1.67353  -0.267212    1.83014    3.68179   0.141827    2.32959    1.28758
-0.0718376    1.67213  -0.251086    1.82879    3.67031   0.167813    2.29128    1.29516
-0.0527101    1.67061   -0.23336    1.82735    3.65771   0.192599    2.24981    1.30319
-0.0266751    1.66897  -0.216086     1.8258    3.64258    0.21974    2.21169    1.31017
-0.0107591    1.66725  -0.185823    1.82428      3.627   0.244323    2.17022    1.31763
0.0148503   1.66539  -0.15764    1.8226    3.6087  0.271102   2.13354   1.32377
0.0401852    1.6634  -0.11504   1.82086   3.59001  0.295668    2.0952   1.33002
 0.0768175    1.66118 -0.0771842     1.8189    3.56877   0.321748    2.06029    1.33532
 0.0931121    1.65903 -0.0269836    1.81673    3.54794   0.344909    2.02342    1.34079
 0.103639   1.65686 0.0182646   1.81433   3.52453  0.369536    1.9904   1.34527
 0.126038   1.65444 0.0795438   1.81156    3.5015  0.391783   1.95522   1.34998
0.149454   1.6519 0.134599  1.80853  3.47706 0.414063  1.92374  1.35376
0.180624  1.64909 0.203958  1.80493  3.45323 0.434204  1.89092  1.35763
0.214325  1.64608   0.2639  1.80112  3.42631 0.456224  1.86238  1.36052
0.255461  1.64273  0.33495  1.79665  3.39993 0.476359  1.83216  1.36355
0.307034  1.63887 0.393929  1.79214  3.37285  0.49598  1.80485  1.36591
 0.36423  1.63453 0.467991  1.78671  3.34678 0.513649  1.78282  1.36719
 0.39133  1.63096 0.529414  1.78133  3.31874 0.532059  1.75792  1.36885
0.420159  1.62719 0.607072  1.77481  3.29155 0.548866  1.73529  1.36999
0.434323  1.62386 0.668861   1.7686  3.26351 0.565519  1.71471  1.37067
0.455205  1.62017 0.744191  1.76122  3.23408  0.58242  1.69526  1.37105
0.476057  1.61637 0.805491  1.75422  3.20311 0.599642  1.67389  1.37165
0.506853  1.61201 0.879985  1.74591  3.17642 0.613117  1.65534  1.37167
 0.51877  1.60839 0.934705  1.73857  3.14584 0.628642  1.63566  1.37178
0.540107  1.60423  1.00268  1.72984   3.1206 0.640041  1.61703  1.37162
0.545621  1.60075  1.04186  1.72308  3.09141 0.653507  1.60041  1.37104
0.559373  1.59678   1.0945  1.71492  3.06419 0.665219  1.58673  1.36992
0.569331  1.59292  1.12199  1.70874  3.03589 0.677135  1.57224  1.36883
0.584776  1.58868  1.16372  1.70108  3.00538 0.689874   1.5594  1.36741
0.59422 1.58468 1.17895 1.69572 2.97453 0.70231 1.54636 1.36594
0.612953  1.58009  1.20521   1.6892  2.94377  0.71422  1.53371  1.36433
 0.62636   1.5757   1.2027  1.68536   2.9103 0.727114  1.51986  1.36282
0.643391  1.57101  1.20804  1.68068  2.87355   0.7412  1.50354   1.3616
0.659986  1.56624  1.18613  1.67858  2.83343 0.756395  1.48091  1.36122
0.684286  1.56091  1.17525  1.67531  2.78851 0.773246  1.44266    1.363
0.707171  1.55554  1.13994  1.67427  2.73961 0.791163  1.39796  1.36546
0.730995  1.54999  1.11274  1.67232  2.68411 0.811147  1.33573  1.37002
0.744678    1.545  1.07692  1.67101  2.62199 0.832879  1.26809  1.37481
0.761756  1.53968  1.04656  1.66907  2.55288 0.856186  1.18252  1.38121
0.767118  1.53509  1.01598  1.66701  2.47816 0.880213  1.08976  1.38761
0.767287  1.53079 0.990997  1.66435  2.39618 0.905299 0.981617  1.39462
0.767082  1.52645 0.949048  1.66293  2.30661 0.931223 0.867663  1.40094
0.772322  1.52166 0.915278  1.66068  2.20787 0.958123 0.740184  1.40698
0.784769  1.51627  0.86251  1.65966   2.1029 0.984723  0.60635  1.41182
0.801011  1.51053 0.819983  1.65767  1.99177  1.01077 0.458248  1.41561
0.820952   1.5044 0.745045  1.65754  1.87111  1.03686 0.302305  1.41758
0.846693  1.49772 0.681451  1.65627  1.73943  1.06291 0.138375  1.41739
   0.87257    1.49088   0.590139    1.65604    1.59918    1.08789 -0.0286543    1.41466
 0.904717   1.48337  0.515897   1.65435   1.44781   1.11192 -0.209677    1.4091
 0.932526   1.47607  0.426399   1.65275   1.29158    1.1335 -0.392345   1.40035
 0.967337   1.46798  0.350842   1.65003   1.12498   1.15325 -0.586593   1.38777
 0.995236   1.46033  0.261405   1.64714  0.962226   1.16908 -0.770514   1.37214
  1.03024   1.45184  0.184779   1.64332  0.790057   1.18261 -0.963272   1.35224
   1.0521   1.44446 0.0919933   1.63917  0.669705   1.18875   -1.1409   1.32997
  1.08046   1.43629 0.0152585   1.63419  0.541837   1.19371  -1.32482    1.3033
   1.11464    1.42734 -0.0797184    1.62864   0.479136     1.1933   -1.46944    1.27836
  1.15713   1.41725 -0.155569   1.62248  0.409892   1.19274  -1.61851   1.24996
  1.20022   1.40681 -0.243578   1.61559  0.366729   1.19048  -1.70898   1.22906
  1.25444   1.39472 -0.311705   1.60844  0.320987   1.18807  -1.80534   1.20575
  1.30471   1.38272 -0.385826   1.60066  0.321321   1.18363  -1.88785   1.18373
  1.36741   1.36865 -0.438553   1.59306  0.316301   1.17936  -1.97358   1.15978
 1.42798  1.35433 -0.50152  1.58476 0.323046  1.17456 -2.03633  1.13972
  1.50683   1.33669 -0.540957   1.57704  0.326467   1.16985  -2.09789   1.11908
 1.57505  1.31987 -0.58789  1.56877 0.316765  1.16563 -2.13152  1.10453
  1.66355   1.29887 -0.610076   1.56143  0.311465   1.16118  -2.16316   1.09011
  1.75196   1.27669 -0.641287   1.55352   0.30235   1.15683  -2.17176   1.08132
  1.86015   1.24936 -0.641345   1.54706  0.294911   1.15237  -2.17961   1.07259
  1.96447   1.22095 -0.649053   1.54015  0.290112   1.14775  -2.16998   1.06833
  2.08964   1.18576 -0.615222   1.53526  0.293513   1.14277  -2.15859   1.06446
  2.21185   1.14843 -0.579159   1.53032  0.294001   1.13785  -2.14105   1.06212
  2.35455   1.10226 -0.500981   1.52695  0.303753   1.13252  -2.12119    1.0603
   2.4988   1.05101 -0.423194     1.523  0.336764   1.12614  -2.09588   1.05977
  2.65671  0.989504 -0.302727   1.51952  0.377748   1.11917  -2.06812   1.05975
  2.81419  0.920519 -0.183422   1.51474   0.40686   1.11258  -2.03564   1.06077
   2.97398   0.840967 -0.0254305    1.50868   0.448704     1.1051   -2.00306    1.06164
 3.12448 0.753707 0.127988  1.50047 0.472051   1.0985 -1.96549  1.06355
 3.26633 0.656088 0.321085  1.48893 0.508956  1.09089 -1.92842  1.06514
 3.39314 0.548712 0.510084  1.47417 0.523674   1.0846  -1.8884   1.0672
  3.4673    0.465 0.730884  1.45387 0.551131  1.07731  -1.8463   1.0695
  3.5332 0.370983 0.950578  1.42891 0.554154  1.07169 -1.80131  1.07218
 3.56284 0.303735  1.16286  1.39982 0.567858  1.06523 -1.75464  1.07494
  3.5866 0.228496  1.39536  1.36302 0.554785  1.06072 -1.70877  1.07725
 3.58728 0.184333  1.61457  1.32202 0.550544   1.0555 -1.65861  1.08012
 3.58583 0.133151  1.85121   1.2714 0.528869   1.0515 -1.61825   1.0808
 3.57255 0.112505  2.06333  1.21824 0.514349  1.04692  -1.5698  1.08278
   3.5595 0.0854031   2.28385   1.15535   0.49174   1.04283  -1.52714   1.08342
  3.54121 0.0822725   2.47401   1.09223  0.470452   1.03857   -1.4789   1.08479
  3.52371 0.0734505   2.66578   1.02003  0.443751   1.03455  -1.44412   1.08361
  3.50429 0.0754712   2.81684  0.953418  0.415943   1.03048  -1.40312    1.0833
   3.4855 0.0727634   2.96633  0.879094  0.383769   1.02653  -1.36014    1.0831
  3.46578 0.0750628   3.05079  0.827015  0.347653   1.02261   -1.3128   1.08334
  3.44653 0.0737288   3.13641  0.769585  0.310237   1.01857  -1.26621    1.0832
   3.4266 0.0757292   3.16626  0.738835  0.266931   1.01456  -1.23172   1.08105
  3.40696 0.0753011   3.19637  0.706428  0.219792   1.01042  -1.21096   1.07682
 3.38662 0.078192  3.19904 0.689448 0.161466  1.00627 -1.20657  1.07019
  3.36642 0.0795423   3.20498  0.669966  0.101372   1.00168  -1.23231   1.05915
  3.34545 0.0843921   3.19404  0.660825 0.0274126  0.996733  -1.27422   1.04543
   3.32441  0.0886799    3.18528    0.65013 -0.0101199   0.990981   -1.32679    1.02956
   3.30273  0.0951505    3.15971   0.650189 -0.0637328   0.984974    -1.3986    1.00973
 3.28075 0.101988   3.1342 0.650096 -0.10077 0.978701 -1.45807 0.991149
  3.25819  0.110127   3.10421  0.652708 -0.155702  0.971946  -1.53182  0.968871
  3.23542  0.117962   3.07387  0.655364 -0.180117  0.965385  -1.58619   0.94949
  3.21199  0.127113   3.04248  0.658491 -0.223086   0.95826  -1.65837  0.925244
 3.18825 0.136143  3.00824 0.663138 -0.23535 0.951731 -1.69776 0.907555
   3.1634  0.147371   2.96903  0.670475 -0.265692  0.944596   -1.7543  0.884975
  3.13834  0.157936   2.92991  0.677411 -0.270496  0.938164   -1.7703  0.872065
  3.11205  0.170469   2.88924  0.684879 -0.286571   0.93131  -1.79684  0.856113
  3.08546  0.182398   2.84745  0.692589 -0.290085  0.924842   -1.8247  0.839395
 3.05783 0.195377  2.80312 0.701271 -0.30763 0.917812 -1.88178 0.813674
  3.02934  0.208815   2.75675  0.710566 -0.307555  0.911407   -1.9385  0.786703
  2.99911   0.22418   2.71189  0.718629 -0.319012  0.904512  -2.01577  0.751221
  2.96919  0.237619   2.66403  0.727739 -0.317249  0.898116  -2.08922  0.714345
 2.93806 0.251869  2.61668 0.736125 -0.32445  0.89132 -2.16778 0.672322
  2.90703  0.264823   2.56742  0.744938 -0.321021  0.884941  -2.23995   0.62917
 2.87387 0.279728  2.52033 0.752307 -0.32376 0.878274 -2.30773 0.583939
  2.84056  0.293673   2.46886  0.761151 -0.316155  0.872022  -2.36578  0.539363
  2.80643   0.30761   2.41848   0.76904 -0.312405  0.865581  -2.39772  0.506203
  2.77509   0.31735   2.36682  0.776987 -0.304966  0.859269  -2.42579  0.473054
  2.74078    0.3298   2.32009  0.782518 -0.294222  0.853061  -2.42996  0.454134
  2.70704  0.340835    2.2702   0.78891 -0.286592  0.846699   -2.4309  0.436782
  2.67121   0.35332   2.22645  0.792607 -0.278686   0.84032  -2.41791  0.429075
  2.63597  0.364442   2.17984   0.79707 -0.270261  0.833934  -2.40427  0.421734
 2.60084 0.374805  2.13492 0.800608  -0.2554  0.82775 -2.38928 0.415295
  2.56789  0.382641   2.09121  0.803446 -0.246624  0.821314  -2.37375  0.409174
  2.53349  0.391313   2.05359  0.803961 -0.230647  0.815084  -2.35547  0.405057
  2.50154  0.397467   2.01401   0.80496 -0.221621  0.808594  -2.33614  0.401666
  2.46568  0.406469   1.97974  0.804034 -0.209086  0.802179  -2.31471  0.399797
  2.43471  0.411163   1.94458  0.803271 -0.200276  0.795624   -2.2928  0.398237
   2.4006  0.418014   1.92459  0.797537 -0.180246   0.78933  -2.26953  0.397619
  2.36786  0.423489   1.91003  0.790025 -0.181578  0.782464  -2.24606  0.397083
  2.33584  0.428157    1.9132  0.776723 -0.175498  0.775765  -2.22119  0.397489
  2.30474  0.431935   1.91698  0.763063 -0.172548  0.768972  -2.19706  0.397279
  2.27443   0.43496   1.93818  0.743253 -0.163991  0.762294  -2.17172  0.397849
  2.24436  0.437644   1.95404  0.724825 -0.158865  0.755518  -2.14852  0.396836
  2.21501  0.439685    1.9837  0.700817 -0.149442  0.748817   -2.1266  0.394881
  2.19613  0.434642   2.00374  0.679674 -0.143039  0.742031  -2.10752   0.39091
  2.16079  0.440447   2.03844  0.651841 -0.133883   0.73528  -2.08977  0.385984
  2.13589   0.43927   2.05698  0.629707 -0.127535  0.728457  -2.07546  0.378594
  2.10653  0.440877   2.08782  0.601185 -0.117645  0.721675  -2.05873  0.372858
    2.0885   0.435225    2.10934   0.575715 -0.0959282   0.715028   -2.04601   0.364181
   2.06082   0.435651    2.14055   0.544074 -0.0785147   0.708253   -2.02992   0.357863
   2.04285   0.429919    2.16341   0.515054 -0.0606125    0.70142   -2.01842    0.34808
   2.01737    0.42889    2.19589   0.478518 -0.0458322   0.694513   -2.00021   0.343222
   2.00092   0.422171    2.21485   0.447796 -0.0306404   0.687558     -1.987   0.334527
   1.97744   0.419839    2.24151   0.409352 -0.0169465   0.680558   -1.97225   0.326908
    1.96212    0.412372     2.25055     0.38097 -0.00381312    0.673517    -1.96101    0.316414
   1.94068   0.408735    2.26581   0.345144 0.00851146   0.666443   -1.94644   0.308414
  1.92677  0.400316   2.26343  0.322234 0.0200044   0.65934  -1.93518  0.297551
  1.90752  0.395257   2.26646  0.292343 0.0247117  0.652279     -1.92  0.289805
  1.89439  0.386235   2.25074  0.280145 0.0330017  0.645168  -1.90935  0.277971
  1.87578  0.380729   2.23989  0.262141 0.0305256  0.638172  -1.89257  0.271373
   1.862 0.372015  2.21486 0.259686 0.036219 0.631077    -1.88 0.260832
  1.84567  0.364939   2.19515  0.251139 0.0334492  0.624082  -1.86151  0.255645
  1.83296  0.355364   2.16924  0.249686 0.0408976  0.616953  -1.84674  0.246867
  1.81719  0.347803   2.14804  0.242784 0.0466072  0.609837  -1.82673  0.243064
  1.80409  0.338306   2.12216  0.241311 0.0497458  0.602755  -1.81003  0.236004
  1.78454  0.333322   2.09725  0.238709 0.0509038  0.595703  -1.78803  0.234158
  1.76757  0.326488    2.0721  0.236392 0.0443007  0.588775  -1.76886  0.229509
  1.74679  0.322378   2.04773  0.233175 0.0368269  0.581853  -1.74704  0.227489
   1.72831   0.316619     2.0226   0.230856 0.00811816   0.575123   -1.72766   0.223056
   1.70471   0.314564     2.0007   0.224773 -0.0184643   0.568209   -1.70373   0.223151
   1.68297   0.311171    1.97736   0.220379 -0.0633883   0.560998   -1.68052   0.222523
  1.65897  0.309405   1.95643  0.213091 -0.110384   0.55326  -1.66076   0.21853
  1.63748  0.305859   1.93439  0.207086 -0.175413  0.544344  -1.64235  0.213215
  1.61174  0.305321   1.91426  0.198639 -0.241018  0.534304  -1.62087  0.210949
  1.58858  0.302973   1.89343  0.190956 -0.304982  0.523203  -1.60065  0.207459
  1.56424  0.301441   1.87385  0.181449 -0.368454  0.510953   -1.5784  0.206009
  1.54061  0.299424   1.85393   0.17217 -0.419403  0.498773  -1.55583  0.204897
  1.51488  0.298837   1.83467  0.161647 -0.466312  0.486179   -1.5344  0.202686
   1.4908  0.297124   1.81518  0.151058 -0.487287  0.476183  -1.51278  0.200692
  1.47485  0.289992   1.79611  0.139297 -0.507721  0.466035  -1.49679  0.193188
   1.4585   0.28312   1.77703  0.126835 -0.505274  0.458913  -1.48043  0.185967
  1.45141  0.269731    1.7578  0.113761 -0.502773  0.451805  -1.46649  0.176075
  1.44423  0.256012   1.73849 0.0996515 -0.491964  0.445869  -1.45208  0.166406
  1.44431   0.23601   1.71892 0.0844676 -0.480909  0.439978  -1.43576   0.15866
  1.44437  0.214548    1.6993 0.0667282 -0.470393  0.434023  -1.41917  0.151108
  1.44596  0.189585   1.67841 0.0493002 -0.456439  0.428543  -1.39852  0.148431
  1.44563  0.163564   1.65679 0.0283902 -0.448122  0.422316  -1.37797  0.145702
    1.4383   0.142844    1.63338 0.00552781  -0.433178    0.41698    -1.3531   0.148236
   1.43126    0.11873    1.60751 -0.0188885  -0.426823    0.41053   -1.32797   0.150973
   1.41059   0.114265    1.57839 -0.0453119  -0.414064   0.404929   -1.30363   0.152725
   1.39224   0.105901    1.54467 -0.0748856  -0.411135   0.398079   -1.27911   0.154619
  1.36875   0.10635   1.50528 -0.106409 -0.402174  0.392028  -1.25507   0.15595
  1.34804  0.102137   1.46188 -0.135555 -0.405302  0.384425  -1.23084  0.157433
   1.3239   0.10396   1.41153 -0.166522 -0.402685  0.377585  -1.20708  0.158422
  1.30247  0.101284   1.36588 -0.186837 -0.399573  0.370829  -1.18382  0.158904
  1.27935  0.101581     1.314 -0.209539 -0.392846  0.364586  -1.16035  0.159594
  1.25892 0.0974966   1.27915 -0.215999 -0.391556  0.357627  -1.13787  0.159377
  1.23584 0.0980276   1.23938 -0.225597 -0.385638  0.351326  -1.11628  0.158371
  1.21465 0.0955202   1.21567 -0.223086 -0.383592  0.344513  -1.09516  0.157002
  1.19239 0.0949631   1.18753 -0.223783 -0.377358  0.338311   -1.0754  0.154494
  1.17257 0.0904593   1.16789 -0.218526 -0.375898  0.331462  -1.05494  0.152687
  1.15084 0.0893503   1.14366 -0.216576 -0.373191  0.324812  -1.03648  0.149182
  1.13073 0.0856199   1.12569 -0.210312 -0.366868  0.318713  -1.01678  0.146874
  1.10986   0.08339   1.10343 -0.207152 -0.358477  0.312946 -0.998842   0.14308
  1.09052 0.0785678   1.08409 -0.202028 -0.354487  0.306575 -0.979549  0.140601
  1.06915 0.0776028   1.06105 -0.199608 -0.347776  0.300633 -0.961905   0.13673
  1.04887 0.0748472   1.04007  -0.19583 -0.344024  0.294293 -0.942553  0.134508
  1.02858 0.0723172   1.01577 -0.194467 -0.339042  0.288168 -0.924824  0.130917
  1.00905 0.0685135   0.99587 -0.190135 -0.333625  0.282144 -0.905017  0.129322
  0.99166 0.0604017  0.973149 -0.187855 -0.327348  0.276286 -0.886945  0.126263
 0.974226 0.0517848  0.955077 -0.182471 -0.322836  0.270202  -0.86576  0.126114
 0.956822 0.0421246   0.93437 -0.179014 -0.317878  0.264224 -0.846509   0.12433
 0.938988 0.0322559  0.916382 -0.173779 -0.314041  0.258113 -0.827815  0.122168
 0.920078 0.0250902  0.896062 -0.170279 -0.308628  0.252284 -0.809968  0.119381
 0.900968 0.0177581  0.877888 -0.165394 -0.306095  0.246047 -0.797409  0.111969
 0.881614 0.0101718  0.857709 -0.162032 -0.302108  0.240076 -0.784977  0.104309
   0.86194 0.00248885   0.839644  -0.157306  -0.301965   0.233521  -0.774795  0.0941119
   0.841934 -0.00439268    0.819691   -0.154035   -0.300157     0.22726   -0.764213   0.0837138
  0.821635 -0.0112973   0.801292  -0.149795  -0.297506   0.221173   -0.75245  0.0740301
  0.801299 -0.0164419   0.781434  -0.146716   -0.29498   0.215099   -0.74032    0.06408
  0.780811 -0.0216593   0.762973  -0.142783  -0.291243   0.209273  -0.724835  0.0586668
 0.760498 -0.025566  0.743015 -0.140043 -0.287602  0.203473 -0.709516 0.0529269
   0.74012 -0.0295324   0.724518  -0.136411  -0.282854   0.197917  -0.692775  0.0496927
  0.720154 -0.0321078    0.70478  -0.133791  -0.279383   0.192175  -0.676356  0.0460654
  0.700298 -0.0345025   0.686225  -0.130483  -0.271768   0.187248  -0.659107  0.0442455
 0.681012 -0.035605   0.66664 -0.128035  -0.26453  0.182307 -0.642207 0.0420534
  0.661938 -0.0364994   0.648181   -0.12495  -0.258644   0.177175  -0.624963  0.0408536
  0.643809 -0.0355026   0.629121  -0.122423  -0.253754   0.171914  -0.608038  0.0393546
  0.625898 -0.0344148   0.610893  -0.119475  -0.247554   0.166956  -0.591048  0.0383297
  0.607788 -0.0342402   0.592081   -0.11707   -0.24155   0.162021  -0.574331  0.0371082
  0.589929 -0.0338976   0.574463  -0.114013  -0.235476   0.157162  -0.557646  0.0361791
   0.57229 -0.0334779   0.556405  -0.111403  -0.230048   0.152241  -0.540985  0.0355619
   0.55495 -0.0328115   0.539424  -0.108235  -0.224181   0.147468  -0.524653  0.0346575
  0.537799 -0.0321639   0.522149  -0.105421  -0.218269   0.142768  -0.508374  0.0340153
  0.520933 -0.0313255   0.505586    -0.1023  -0.212365   0.138133  -0.492271  0.0333954
  0.504188 -0.0306688    0.48908 -0.0993071   -0.20668   0.133523  -0.476362   0.032771
  0.487731 -0.0298337   0.473085 -0.0961478  -0.200904   0.128999  -0.460539  0.0323471
  0.470883 -0.0302673   0.457188 -0.0930954  -0.195232   0.124525  -0.444917  0.0319113
  0.454274 -0.0305849    0.44103 -0.0903841   -0.18921   0.120191  -0.429528   0.031412
  0.438051 -0.0305223   0.425136 -0.0876736  -0.183264   0.115915  -0.414344  0.0309057
  0.422052 -0.0304246   0.410357 -0.0844227  -0.176808   0.111817  -0.399468  0.0302255
   0.40632 -0.0302201   0.395535 -0.0813788  -0.167791   0.108304  -0.384695  0.0297257
  0.390881 -0.0298785   0.382977 -0.0770439  -0.158375   0.104932  -0.370352   0.028866
  0.375215 -0.0302811   0.369898 -0.0732181  -0.149797   0.101463  -0.356218  0.0280255
  0.359822  -0.030547   0.358065 -0.0687192  -0.140458  0.0981978  -0.342282  0.0272268
  0.344943 -0.0303344    0.34562 -0.0648034  -0.134382  0.0944086  -0.328583  0.0264133
  0.330175 -0.0302811   0.333796 -0.0606169  -0.127917  0.0907685  -0.315108  0.0256092
  0.316168 -0.0294623   0.321416 -0.0570149  -0.123062  0.0869205  -0.301893  0.0247664
  0.302402 -0.0286528   0.308649 -0.0539066  -0.117695  0.0832462  -0.288906  0.0239372
  0.288992 -0.0277028   0.295552 -0.0512725  -0.112277  0.0796644  -0.276195  0.0230569
  0.275692 -0.0269548   0.282754 -0.0486429  -0.107058  0.0761315  -0.263594  0.0223831
  0.263043 -0.0256788   0.269744 -0.0464137  -0.101768  0.0726967  -0.251282  0.0216454
  0.250463 -0.0246745   0.257729 -0.0436571 -0.0963783  0.0693657  -0.239176  0.0209743
  0.238604 -0.0230635   0.245376 -0.0414091 -0.0913673  0.0660552  -0.227419   0.020164
  0.226789 -0.0217666   0.233681 -0.0388952  -0.086535  0.0628021  -0.215896  0.0193898
  0.215715 -0.0198165   0.221666 -0.0368928 -0.0817286  0.0596343  -0.204699  0.0185268
  0.204722 -0.0181245    0.21057 -0.0344172 -0.0770867  0.0565286  -0.193749  0.0176938
  0.193558 -0.0171063   0.199218 -0.0324143 -0.0724948  0.0535062  -0.183139  0.0167651
  0.182509 -0.0163487   0.188236  -0.030385 -0.0680305  0.0505548  -0.172628  0.0160819
  0.171923  -0.015339   0.177293 -0.0286038 -0.0637367  0.0476683  -0.162504  0.0152485
  0.161542  -0.014466   0.166127 -0.0272862 -0.0594941  0.0448682  -0.152608  0.0144906
  0.151379 -0.0137182   0.155021 -0.0261918 -0.0554032  0.0421386  -0.143043  0.0136712
  0.141446 -0.0130761   0.144643 -0.0247963 -0.0514448  0.0394839  -0.133749  0.0128786
  0.131873 -0.0123582   0.134333 -0.0236208 -0.0477316  0.0368871  -0.124806  0.0120115
  0.122546 -0.0117327   0.124672 -0.0222267 -0.0440999  0.0343763  -0.115991  0.0113701
  0.113565 -0.0110644   0.115115 -0.0210276 -0.0406758  0.0319324  -0.107572  0.0106055
  0.104861  -0.010454   0.106226 -0.0196151 -0.0373366  0.0295763 -0.0994623 0.00983518
  0.0964511 -0.00988157   0.0974872  -0.0183684  -0.0342192   0.0272876  -0.0916949  0.00902346
  0.0883785 -0.00929459   0.0893097  -0.0169999  -0.0312621   0.0250774  -0.0841536   0.0083267
  0.0806128 -0.00873735   0.0813274  -0.0157705  -0.0284642   0.0229473  -0.0769837   0.0075594
  0.0732056 -0.00815191   0.0738876  -0.0144449  -0.0257977   0.0209029  -0.0700762  0.00686939
  0.0661545 -0.00754895   0.0666789  -0.0132394  -0.0232526   0.0189471   -0.063513  0.00615348
   0.059459 -0.00693607   0.0599607  -0.0119835  -0.0208898   0.0170718  -0.0572031  0.00553731
 0.0531694 -0.0062634  0.0535069 -0.0108314 -0.0186538  0.0152867 -0.0512409 0.00490014
  0.0472144 -0.00561825   0.0474954 -0.00966965  -0.0165234   0.0135964  -0.0455615  0.00433423
  0.0416179 -0.00497852   0.0417783 -0.00859828  -0.0145476   0.0119947  -0.0402021   0.0037944
  0.0363636 -0.00436749   0.0364652 -0.00754961  -0.0127163   0.0104844  -0.0351653  0.00328218
  0.0314474 -0.00379415   0.0314773 -0.00657775  -0.0110067   0.0090703  -0.0304455  0.00281082
   0.026873 -0.00325907   0.0268646 -0.00565403 -0.00961051  0.00772385  -0.0260444  0.00238319
  0.0226467  -0.0027598   0.0225989 -0.00479954 -0.00824633  0.00648949  -0.0219703  0.00199339
  0.0187713 -0.00229781    0.018704 -0.00400258 -0.00697319  0.00535951  -0.0182268  0.00164184
  0.0152511 -0.00187326   0.0151705 -0.00327231 -0.00575962   0.0043406  -0.0148212  0.00132375
  0.0120872 -0.00148924   0.0120141 -0.00260228 -0.00469749  0.00341878   -0.011754  0.00104403
   0.009283 -0.00114682  0.00921772 -0.00200624 -0.00370515  0.00260927 -0.00903194 0.000798565
 0.00684131 -0.00084741  0.00678589 -0.00148452 -0.00280453  0.00191008 -0.00665901 0.000587368
  0.00476659 -0.000590815   0.00472288  -0.00103767  -0.00200206   0.00132184  -0.00464027  0.000408726
  0.00306146 -0.000378778   0.00302845 -0.000668965  -0.00132041  0.000842013  -0.00298006   0.00026203
  0.00172912 -0.000212415   0.00170734 -0.000378687 -0.000763467  0.000471526  -0.00168208  0.000147647
 0.000771825 -9.39099e-05  0.000760147 -0.000169593 -0.000349206  0.000208436 -0.000750102  6.58309e-05
 0.000193846 -2.32891e-05   0.00019048 -4.26548e-05 -8.96089e-05  5.18467e-05 -0.000188267  1.63449e-05
-1.09987e-17  5.00071e-16 -8.79708e-16  3.51459e-16 -2.35236e-16  4.86132e-16  2.95001e-16  4.97583e-16
 0  0  0  0  0  0 -0  0
 0  0  0  0  0  0 -0  0
 0  0  0  0  0  0 -0  0
 0  0  0  0  0  0 -0  0
 0  0  0  0  0  0 -0  0
 0  0  0  0  0  0 -0  0
 0  0  0  0  0  0 -0  0
 0  0  0  0  0  0 -0  0
 0  0  0  0  0  0 -0  0
 0  0  0  0  0  0 -0  0
 0  0  0  0  0  0 -0  0
 0  0  0  0  0  0 -0  0
 0  0  0  0  0  0 -0  0
 0  0  0  0  0  0 -0  0
 0  0  0  0  0  0 -0  0
 0  0  0  0  0  0 -0  0
 0  0  0  0  0  0 -0  0
 0  0  0  0  0  0 -0  0
 0  0  0  0  0  0 -0  0
 0  0  0  0  0  0 -0  0
 0  0  0  0  0  0 -0  0
 0  0  0  0  0  0 -0  0
 0  0  0  0  0  0 -0  0
 0  0  0  0  0  0 -0  0
 0  0  0  0  0  0 -0  0
 0  0  0  0  0  0 -0  0
 0  0  0  0  0  0 -0  0
 0  0  0  0  0  0 -0  0
 0  0  0  0  0  0 -0  0
 0  0  0  0  0  0 -0  0
 0  0  0  0  0  0 -0  0
 0  0  0  0  0  0 -0  0
 0  0  0  0  0  0 -0  0
 0  0  0  0  0  0 -0  0
 0  0  0  0  0  0 -0  0
 0  0  0  0  0  0 -0  0
 0  0  0  0  0  0 -0  0
 0  0  0  0  0  0 -0  0
 0  0  0  0  0  0 -0  0
 0  0  0  0  0  0 -0  0
 0  0  0  0  0  0 -0  0
 0  0  0  0  0  0 -0  0
 0  0  0  0  0  0 -0  0
 0  0  0  0  0  0 -0  0
 0  0  0  0  0  0 -0  0
 0  0  0  0  0  0 -0  0
 0  0  0  0  0  0 -0  0
 0  0  0  0  0  0 -0  0
 0  0  0  0  0  0 -0  0
 0  0  0  0  0  0 -0  0
 0  0  0  0  0  0 -0  0
 0  0  0  0  0  0 -0  0
 0  0  0  0  0  0 -0  0
 0  0  0  0  0  0 -0  0
 0  0  0  0  0  0 -0  0
 0  0  0  0  0  0 -0  0
 0  0  0  0  0  0 -0  0
 0  0  0  0  0  0 -0  0
 0  0  0  0  0  0 -0  0
 0  0  0  0  0  0 -0  0
 0  0  0  0  0  0 -0  0
 0  0  0  0  0  0 -0  0
 0  0  0  0  0  0 -0  0
 0  0  0  0  0  0 -0  0
 0  0  0  0  0  0 -0  0
 0  0  0  0  0  0 -0  0
 0  0  0  0  0  0 -0  0
 0  0  0  0  0  0 -0  0
 0  0  0  0  0  0 -0  0
 0  0  0  0  0  0 -0  0
 0  0  0  0  0  0 -0  0
 0  0  0  0  0  0 -0  0
 0  0  0  0  0  0 -0  0
 0  0  0  0  0  0 -0  0
 0  0  0  0  0  0 -0  0
 0  0  0  0  0  0 -0  0
 0  0  0  0  0  0 -0  0
 0  0  0  0  0  0 -0  0
 0  0  0  0  0  0 -0  0
 0  0  0  0  0  0 -0  0
 0  0  0  0  0  0 -0  0
 0  0  0  0  0  0 -0  0
 0  0  0  0  0  0 -0  0
 0  0  0  0  0  0 -0  0
 0  0  0  0  0  0 -0  0
 0  0  0  0  0  0 -0  0
 0  0  0  0  0  0 -0  0
 0  0  0  0  0  0 -0  0
 0  0  0  0  0  0 -0  0
 0  0  0  0  0  0 -0  0
 0  0  0  0  0  0 -0  0
 0  0  0  0  0  0 -0  0
 0  0  0  0  0  0 -0  0
 0  0  0  0  0  0 -0  0
 0  0  0  0  0  0 -0  0
 0  0  0  0  0  0 -0  0
 0  0  0  0  0  0 -0  0
