 2.31079e-13 -6.01653e-12  2.31079e-13 -6.00327e-12  2.22822e-13 -6.01653e-12  2.22822e-13 -6.00327e-12
  -0.039256   -0.356769  0.00938429   -0.356791 -0.00764928   -0.417849  -0.0232563   -0.385721
 -0.0393626    -0.35039   0.0126863   -0.355754 -0.00995625   -0.426451  -0.0248101    -0.39933
 -0.038671  -0.342437  0.0159082    -0.3534 -0.0126003  -0.431967 -0.0264763  -0.410639
-0.0387914  -0.333151  0.0183704  -0.347915 -0.0143907  -0.437338 -0.0270389  -0.419747
-0.0365615  -0.321308  0.0225006  -0.343727 -0.0180085  -0.437368 -0.0299934  -0.427876
 -0.035463  -0.309258  0.0253127  -0.336625 -0.0202655  -0.437133 -0.0314783  -0.432638
-0.0332665  -0.294768  0.0288359  -0.328444 -0.0235099  -0.433856 -0.0335748  -0.436375
-0.0321919  -0.280086   0.031048  -0.317336  -0.025425  -0.430491 -0.0341429   -0.43705
 -0.029833  -0.263089  0.0341199  -0.305582 -0.0284719   -0.42385 -0.0355436  -0.436848
-0.0277667  -0.245604  0.0367872  -0.292222 -0.0309195  -0.415926 -0.0363638   -0.43427
-0.0247468  -0.225577  0.0401444  -0.277557 -0.0342926  -0.405516 -0.0378911  -0.430953
-0.0236362  -0.207349  0.0409058  -0.260127 -0.0352634  -0.395303 -0.0370918  -0.422667
-0.0216237  -0.187417  0.0422924  -0.242189 -0.0369845  -0.382336 -0.0370516  -0.413224
-0.0212064  -0.169292   0.041368  -0.222232 -0.0366434  -0.369039 -0.0349651  -0.399186
 -0.020704  -0.149691  0.0404343  -0.200526 -0.0363395  -0.354581 -0.0327558  -0.383959
-0.0210059  -0.130232   0.038418  -0.176721 -0.0348955  -0.339616 -0.0292879  -0.366044
-0.0214395  -0.110115   0.036081  -0.151634 -0.0332128  -0.323521 -0.0255395  -0.346498
-0.0222802 -0.0897602  0.0330637  -0.124953 -0.0309105  -0.306407 -0.0209004  -0.324876
-0.0230967 -0.0686745  0.0298888 -0.0972344 -0.0284854  -0.288049 -0.0161198  -0.301887
-0.0247216 -0.0482854  0.0255024  -0.068037 -0.0249506  -0.268999 -0.0100644  -0.276131
 -0.0263224  -0.0270705   0.0210035  -0.0377563  -0.0213105   -0.248896 -0.00384999   -0.249283
 -0.0284938  -0.0059179    0.015686 -0.00590589  -0.0168763   -0.228232  0.00335084   -0.220437
-0.0300248  0.0166879  0.0108955   0.026292 -0.0130507  -0.205871  0.0100941  -0.191363
 -0.0320308   0.0392415  0.00538478   0.0597945 -0.00850204   -0.182987   0.0176787   -0.160492
   -0.033794    0.0622531 -0.000128235    0.0936236  -0.00395773    -0.158678     0.025253    -0.128565
 -0.0358001   0.0852592 -0.00614231    0.128315  0.00108745   -0.133563   0.0333828  -0.0950348
-0.0376787   0.108859 -0.0121677   0.163564 0.00612872  -0.107578  0.0416032  -0.060818
-0.0394049   0.132876 -0.0182868   0.199181  0.0112351 -0.0805159  0.0499044 -0.0256069
-0.0410381   0.157073 -0.0245005   0.235062  0.0164445 -0.0525288  0.0582959   0.010584
-0.0427288    0.18111 -0.0310048   0.271239  0.0219737 -0.0236939  0.0669322  0.0481339
-0.0444926   0.205093 -0.0376931   0.307796  0.0277372  0.0057841  0.0757509  0.0868074
 -0.045682   0.229903 -0.0440591   0.344103  0.0330796  0.0365066  0.0841018   0.125754
-0.0468375   0.254596 -0.0505115    0.38055  0.0385806  0.0680036   0.092475   0.165887
-0.0468276   0.280769 -0.0561382   0.416072  0.0430529   0.101353  0.0997544   0.205549
-0.0466564   0.306418  -0.061772   0.451189  0.0476426   0.135853   0.106907   0.246491
-0.0453499    0.33345 -0.0665941   0.485336  0.0512011   0.171979   0.112982   0.286739
-0.0441612    0.35948 -0.0716237   0.519205  0.0550855   0.208936   0.119166   0.328423
-0.0417769   0.387143 -0.0758379   0.552142  0.0578347   0.247224   0.124238   0.368956
-0.0396816   0.413333 -0.0804003   0.584829  0.0610814   0.286255   0.129629   0.411148
-0.0362469   0.441777 -0.0840466    0.61677  0.0629433   0.326228    0.13368     0.4517
-0.0333368   0.468561 -0.0881105   0.648684  0.0653861   0.366705   0.138166   0.494031
-0.0288142   0.497561 -0.0910654   0.679213  0.0662045   0.408672   0.141036   0.534429
-0.0250523    0.52445 -0.0945923   0.709856  0.0678003   0.450834   0.144517   0.576981
-0.0197121   0.553786 -0.0971699    0.73948  0.0678369   0.493955   0.146562   0.617181
-0.0148318   0.580872   -0.10002   0.768567  0.0683352   0.537803   0.148934   0.659307
-0.008503  0.610668 -0.102341  0.797011 0.0673755   0.58173  0.149879  0.698931
-0.00269268    0.638121   -0.104705    0.824707   0.0667269    0.626567    0.151117    0.740227
0.00436318   0.668466  -0.106485   0.852435  0.0647688   0.670732   0.150987   0.778828
0.0106624  0.696243 -0.108596  0.879763 0.0633169  0.715428  0.151559  0.819207
0.0185977  0.726917 -0.110074  0.906493 0.0603823   0.76025  0.150647  0.856616
0.0254774  0.755159 -0.111958  0.933668 0.0581668  0.804567  0.150548  0.895939
0.0342925  0.787266 -0.112755  0.960496 0.0541325  0.848566  0.148355  0.931329
0.0421423  0.817009 -0.113771  0.987925 0.0507888  0.891998   0.14725   0.96812
0.0515131  0.850402 -0.113833   1.01592 0.0460548  0.934531  0.144805   1.00083
0.0594832  0.882014 -0.114121   1.04528 0.0422038  0.975097  0.143258   1.03471
0.0692571   0.91759 -0.113361   1.07485 0.0368146    1.0149  0.139909   1.06405
0.0777551  0.950973 -0.112878   1.10546 0.0324475   1.05304  0.137796   1.09452
0.0876563  0.987576 -0.112105   1.13615 0.0264546   1.09083  0.134544   1.12104
0.0954384   1.02078 -0.112366   1.16797 0.0222408    1.1262   0.13297   1.15021
 0.105033   1.05699  -0.11259   1.19886 0.0161303   1.16232  0.129863   1.17569
 0.112188   1.08979 -0.114202   1.23186 0.0124834   1.19468    0.1289   1.20388
  0.120385    1.12546  -0.115917    1.26417 0.00698626    1.22745    0.12642     1.2291
  0.127678    1.15789  -0.117151    1.29611 0.00272637    1.25959   0.124927    1.25612
  0.136209    1.19309  -0.118832    1.32729 -0.0031785    1.29227    0.12212    1.28002
   0.143469     1.22389   -0.120861     1.35971 -0.00664443     1.32228    0.121291      1.3066
  0.151473    1.25689  -0.123967    1.39142 -0.0112348    1.35232   0.119156    1.33101
  0.157663    1.28619  -0.127629    1.42357 -0.0137944    1.38007   0.119088    1.35768
  0.165106    1.31842  -0.131853    1.45526 -0.0179732    1.40789   0.117399    1.38115
   0.16918    1.34678  -0.137109    1.48808 -0.0197377    1.43202   0.118412     1.4081
  0.175102    1.37744  -0.143403    1.51975 -0.0227058    1.45682   0.117569    1.43222
  0.177883    1.40394  -0.150899    1.55249 -0.0230044    1.47811   0.120221    1.45965
 0.181432   1.43391 -0.160208   1.58487 -0.024394   1.49875  0.121647   1.48393
  0.183737    1.46016  -0.168783    1.61653 -0.0239112    1.51806   0.124098    1.51034
  0.186942    1.48828  -0.179607    1.64706 -0.0253876    1.53791   0.125801    1.53529
  0.189383    1.51246  -0.189036    1.67695 -0.0245606    1.55661   0.128095    1.56232
  0.192281     1.5387  -0.201028    1.70603 -0.0246838    1.57476   0.129381    1.58823
   0.19295    1.56052  -0.211503    1.73347 -0.0224318    1.59208   0.132152    1.61677
 0.195726   1.58475 -0.223353   1.75813  -0.02231   1.61165  0.133001   1.64253
  0.197942    1.60538  -0.232037    1.78323 -0.0204806    1.62932   0.134116    1.66884
  0.201487    1.62793  -0.242558    1.80553 -0.0215265    1.64912   0.134222    1.69303
  0.202084    1.64767  -0.250738    1.82809 -0.0202639    1.66607   0.134856    1.71895
 0.206612   1.66458 -0.266539   1.85792 -0.017915   1.67609  0.140168   1.74736
  0.209479    1.67722  -0.277904     1.8837 -0.0120445    1.68725   0.143484    1.77736
   0.21323    1.69333   -0.28906    1.90296 -0.0115596    1.70433   0.143823    1.80348
   0.214164     1.70649   -0.296608     1.92144 -0.00983472     1.72074    0.145017     1.83034
   0.219145     1.71959   -0.306117     1.93944 -0.00942141      1.7379    0.144426     1.85612
   0.220979      1.7286   -0.311897     1.95761 -0.00761665     1.75353    0.144181     1.88434
   0.224244     1.73834   -0.316662     1.97124 -0.00835445     1.77296    0.140527     1.91025
   0.226487     1.74333   -0.317833     1.98806 -0.00647708     1.78934    0.138723     1.93741
   0.230355     1.74954   -0.319275     2.00032 -0.00687419     1.80899    0.133885     1.96204
   0.231301     1.75257   -0.316858     2.01546 -0.00491192     1.82523    0.131511     1.98728
   0.236249     1.75261   -0.315138     2.03122 -0.00243536     1.84127    0.128318     2.01242
   0.240773     1.74839   -0.306847     2.04343 0.000855657     1.86198    0.122058     2.03845
   0.24638    1.74601  -0.299374    2.05653 0.00368556    1.87961   0.116234    2.06019
  0.25295   1.73892 -0.283855   2.06611 0.0094237   1.90156   0.10651   2.08171
 0.259451   1.73622 -0.270821    2.0772 0.0150367   1.91784 0.0977737   2.09792
 0.264773   1.72672 -0.253262   2.08611 0.0207487   1.93717 0.0884889   2.11928
 0.270689   1.72153 -0.236576   2.09707 0.0268789   1.95074  0.080182   2.13425
 0.272735   1.71059 -0.216597   2.10652 0.0326927   1.96561 0.0733687   2.15633
 0.276099    1.7044 -0.197628   2.11806  0.038671   1.97497 0.0662932    2.1721
 0.277299   1.69284 -0.175055   2.12661 0.0438184   1.98792 0.0599694   2.19402
 0.280411   1.68671 -0.151367   2.13665 0.0484562   1.99588 0.0533735   2.20765
 0.281027   1.67633 -0.123692   2.14395 0.0525841   2.00699 0.0475318   2.22808
  0.282967    1.67256 -0.0960004    2.15355  0.0565603    2.01127  0.0421539    2.24034
  0.283624    1.66694 -0.0644251    2.15971  0.0594995    2.01938  0.0364427    2.25772
  0.285438     1.6693 -0.0312085    2.16718  0.0620066      2.021   0.033178     2.2658
  0.286007    1.67185 0.00616267    2.17287  0.0623419    2.02513  0.0311091    2.27903
 0.289477   1.68237 0.0467083   2.17653 0.0582416   2.02699 0.0275691   2.28347
  0.29479   1.69702 0.0930425   2.17212 0.0551469   2.03414 0.0230268    2.2887
 0.302654   1.71906   0.14205   2.16623 0.0504362   2.03544 0.0179994   2.28707
 0.311413   1.74943  0.191298   2.15806 0.0435858   2.03832 0.0122803   2.28451
  0.323414    1.78669   0.244419    2.14151  0.0322382    2.03969 0.00675496    2.27326
   0.339384     1.83556      0.2908     2.13338   0.0176272     2.03643 0.000845866     2.25094
    0.35852      1.8899    0.341106     2.11174 -0.00233657     2.03479 -0.00601888     2.21841
  0.381633     1.9495   0.380149    2.10709 -0.0250043    2.02671  -0.013353    2.17454
  0.406079    2.01186   0.421093    2.09213 -0.0498526    2.01965 -0.0228624    2.12281
  0.435288    2.06765   0.453475     2.0992 -0.0740031    2.00578 -0.0291166    2.07042
  0.464257    2.12414   0.486116     2.0989 -0.0991143    1.99298 -0.0378892    2.01203
 0.495718   2.16933  0.511167   2.10818 -0.123583   1.98355 -0.046036   1.95674
  0.524541    2.21875    0.53603    2.11761   -0.14734    1.97011 -0.0542324    1.89616
  0.551507    2.26443   0.548305    2.14508  -0.173243    1.95693 -0.0633091    1.83262
  0.573594    2.31785   0.559887    2.16638  -0.199364    1.94522 -0.0734202    1.76186
  0.588569    2.36403   0.566962     2.1905  -0.221326     1.9345 -0.0819582    1.70806
   0.58878    2.43587   0.571752    2.20489  -0.242728    1.92465 -0.0940601    1.64089
 0.574753   2.49873  0.576145   2.20839 -0.256717   1.91418 -0.101702   1.60483
 0.550822   2.57598  0.576425   2.21341 -0.271935   1.90069 -0.110734    1.5583
 0.513371   2.63987   0.57951   2.19949  -0.27686   1.89192 -0.116339   1.54456
 0.477886   2.69805   0.57834   2.20537 -0.278065   1.87497 -0.118581   1.52745
  0.43211   2.73723   0.57463   2.19949 -0.270335   1.86675 -0.120665   1.53812
0.398472   2.7603 0.566786  2.22126 -0.25914  1.84527 -0.11669  1.54791
 0.361152   2.76286  0.555873   2.23246 -0.239359   1.83636 -0.114449   1.57956
 0.324216   2.76444  0.541049   2.25415  -0.21908   1.82208 -0.111409   1.60442
 0.279364     2.749   0.52238   2.27558 -0.194414   1.80719 -0.107481   1.65317
  0.23621   2.73522  0.501609   2.30223 -0.171454   1.79129 -0.104173   1.69216
 0.186886   2.70152  0.477446   2.32674 -0.143423   1.77825 -0.101215   1.75467
  0.147232    2.66442    0.45067    2.36105  -0.116275    1.76113 -0.0977975    1.81008
  0.104286    2.60879   0.421914     2.3891 -0.0829386    1.75173 -0.0965351    1.88598
 0.0738646    2.55297   0.391282    2.42772 -0.0516802    1.73313 -0.0929644    1.95355
 0.0423103    2.48858   0.343236    2.48037 -0.0197124    1.71126 -0.0890851    2.01986
 0.0193126    2.42633   0.293315    2.52884 0.00919075    1.69123 -0.0863622    2.08016
-0.00586858      2.3584    0.245305     2.56982   0.0454702     1.67252  -0.0853938     2.15176
-0.0225733    2.29429   0.196161    2.60493  0.0769611    1.65518 -0.0856271    2.21578
-0.0452177    2.22028   0.154466    2.63509   0.111347    1.63885 -0.0853085    2.29948
-0.0598857     2.1527   0.113745    2.65561   0.140905    1.62981 -0.0891657    2.37158
-0.0809223    2.07198  0.0818806    2.67455   0.171874    1.62726 -0.0940341     2.4653
-0.0954388    1.99171  0.0500057    2.67996   0.199742    1.63659  -0.103555    2.54834
-0.111291   1.91224 0.0218515   2.68888  0.222607   1.65399 -0.113494   2.63522
 -0.120535    1.83509 -0.0048877    2.68291   0.240048    1.68413  -0.126475    2.70752
 -0.128847    1.76629 -0.0278365    2.67635   0.251871    1.72189  -0.143037      2.772
 -0.130017    1.70074 -0.0487271    2.65574   0.256539    1.77076  -0.162137    2.82097
 -0.128503    1.64659 -0.0636808    2.63647   0.257969    1.82175  -0.187839     2.8605
 -0.120462    1.59657 -0.0755263    2.60295   0.250921    1.88102  -0.214271     2.8821
 -0.105121    1.55621 -0.0806421    2.56004   0.243325    1.93981  -0.240111    2.88944
-0.0851403    1.52799  -0.076105    2.51298   0.226906    1.99869  -0.272827    2.87514
-0.0544074    1.50841 -0.0723806    2.45049   0.206769    2.05876  -0.303026    2.84131
-0.0227072     1.5029 -0.0599062    2.39235   0.179729    2.11091  -0.337095    2.78828
 0.0163831    1.51858 -0.0548229    2.33405   0.145815    2.14821  -0.366704    2.70723
 0.0591361    1.53513 -0.0423491    2.27061   0.107265    2.18766  -0.395853    2.61584
  0.101593    1.56502 -0.0332163    2.21815  0.0630203     2.2137   -0.42071    2.51197
   0.14855    1.59186 -0.0175815    2.16163  0.0157903    2.24139  -0.445262    2.40082
  0.194556    1.61986  0.0026583    2.11357 -0.0329775    2.26159  -0.466934    2.28962
  0.241756    1.64643  0.0251696    2.06484 -0.0821864    2.28012  -0.489022     2.1718
 0.286224   1.67423 0.0526721   2.02841 -0.128596   2.28559 -0.505028   2.06046
 0.331627   1.69485 0.0798671   1.98646 -0.175799   2.29308 -0.520342   1.94864
 0.373669   1.70344  0.107946   1.94057 -0.220559     2.298  -0.52267   1.86736
 0.416895   1.70582  0.135649   1.88885 -0.264801     2.305 -0.525528   1.78612
 0.455005   1.70462  0.162879   1.83943 -0.304535   2.30672 -0.521173   1.72663
 0.493776   1.70165  0.191473   1.78259 -0.343154   2.31045 -0.516696   1.66583
  0.52169   1.69536  0.211977   1.73892 -0.381559   2.29831 -0.505814   1.63624
 0.549744   1.70176  0.236723   1.68968 -0.418852    2.2839 -0.493501    1.5964
 0.567756   1.71058  0.255101   1.65368 -0.447548   2.26236 -0.479965   1.57085
 0.584202   1.73593  0.276004   1.61319 -0.478707   2.23641 -0.465333   1.53633
 0.585651   1.76682  0.291076   1.59015 -0.497042   2.20115 -0.452798   1.51147
 0.586632   1.80846  0.308363   1.57033 -0.517121   2.15455 -0.435872   1.48124
 0.573249   1.86056  0.316813   1.57575 -0.525098   2.09858 -0.421877   1.44861
 0.561438   1.91316  0.326395   1.58831 -0.532613   2.03318 -0.402527   1.41395
 0.537691   1.96955   0.32859   1.61598 -0.529379   1.96706 -0.385028   1.38109
 0.519425   2.01574  0.331807   1.65468 -0.523322   1.89229 -0.360782   1.34921
 0.494804   2.06106  0.329168   1.69683 -0.507072   1.83262 -0.340066   1.31673
 0.474774   2.09671  0.324372   1.75569 -0.485981   1.76274 -0.311428   1.28623
 0.444807   2.12189  0.316581   1.80566  -0.45255    1.7079 -0.283878   1.27335
 0.418033   2.14569   0.30793    1.8665 -0.417543   1.64314 -0.250962   1.25846
 0.383586   2.15821  0.295454   1.91864 -0.373941   1.59109 -0.220538   1.26133
 0.353115   2.17082  0.282243    1.9797 -0.330596   1.52802 -0.186151   1.26052
 0.314579   2.16577  0.265153   2.03304 -0.281047   1.46962 -0.153418   1.28915
 0.280047   2.16532  0.250462   2.08786 -0.234759   1.40268 -0.119384   1.30878
  0.238787    2.14367   0.223248    2.13836  -0.188276    1.34101 -0.0898591      1.356
  0.200003    2.13026   0.199866      2.193  -0.144275    1.26841 -0.0582748    1.39455
  0.155019     2.0951   0.163246    2.24262   -0.10016     1.2036 -0.0311513     1.4596
   0.114143     2.06751    0.130857     2.29505  -0.0586191     1.13057 -0.00256944     1.51593
 0.0680578    2.01916  0.0922414     2.3377 -0.0141898    1.06919  0.0203049    1.59724
 0.028495   1.97998   0.05596   2.38147 0.0256987   1.00418 0.0427024   1.66618
-0.00979418     1.92396   0.0169583     2.40763   0.0650359    0.959104   0.0588483     1.74549
-0.0397984    1.88342 -0.0276308    2.43608  0.0974712   0.911512   0.074075    1.80793
-0.0667381    1.83413 -0.0690796    2.44995   0.129744   0.878058  0.0787552    1.87834
-0.0908105    1.79255  -0.109004    2.46336   0.159461    0.84375  0.0844869    1.94298
 -0.10807   1.74274 -0.144891   2.45649  0.185486  0.830407  0.081005   2.00471
-0.122418   1.69794 -0.176098   2.44947  0.209653  0.819108 0.0766418   2.06331
-0.130208     1.644 -0.199989    2.4194  0.228009  0.831649 0.0617283    2.1105
-0.135708   1.59414 -0.218369   2.39168  0.244583  0.845358 0.0463061   2.15367
-0.134746    1.5379 -0.230503   2.34881  0.256543  0.875936 0.0231394    2.1864
  -0.129354     1.48575    -0.24097     2.30216    0.264187     0.91318 -0.00413879     2.20981
 -0.120375    1.42938   -0.24587    2.24648   0.267585   0.963072 -0.0357307    2.22295
 -0.10586   1.38633  -0.25115   2.19214  0.265161   1.01191 -0.067795   2.22134
-0.0855178    1.33527  -0.249654    2.12398   0.257708    1.07686  -0.104603    2.20624
-0.0645466    1.28888  -0.240459    2.06451    0.24864    1.13724  -0.139418    2.18466
-0.0399884    1.23753  -0.224625    1.99714    0.23454    1.20808  -0.178144     2.1501
-0.0104592    1.20097  -0.208336    1.93396   0.214847    1.27024  -0.213542    2.09843
0.0233884   1.15628  -0.18616   1.86017  0.190016   1.34483 -0.251268   2.03561
0.0622938   1.12381 -0.164344     1.792  0.160245   1.41027 -0.286084   1.95824
 0.103966     1.084 -0.137435   1.71544  0.125863   1.48377 -0.322678   1.87035
 0.149913   1.05278 -0.109405    1.6446 0.0874082   1.54747 -0.355028   1.76972
  0.196736    1.01602 -0.0774755     1.5677  0.0450491    1.61378  -0.386624    1.66188
    0.244348     0.988514   -0.0448714      1.49983 -0.000190005      1.66676    -0.413752      1.54526
   0.293632    0.956296 -0.00885935     1.42794  -0.0479651     1.71767   -0.438148     1.42433
  0.341633   0.933785  0.0265942    1.36761 -0.0978227    1.75285  -0.458295    1.29806
 0.389832  0.908069 0.0636754   1.30736 -0.147968   1.78268 -0.476705    1.1687
 0.435101  0.885089  0.100029   1.25258 -0.196887   1.80127   -0.4903   1.04464
 0.479431  0.862051  0.136703   1.20083 -0.244212   1.81229 -0.501392  0.919653
 0.521849  0.844569  0.171217   1.15915 -0.290753   1.80998  -0.50703  0.798898
 0.561966  0.826405  0.204874   1.12037 -0.334893   1.80055 -0.510517  0.679464
 0.597551  0.811489  0.235193   1.09002  -0.37625   1.77927 -0.509464  0.573937
 0.630148  0.795333  0.263576   1.06401 -0.413978   1.75105 -0.506454  0.471559
 0.656585  0.780838  0.287189    1.0432 -0.447147   1.71564  -0.50074  0.390058
 0.678877   0.76333   0.30734   1.02646 -0.474403   1.67734 -0.493659  0.316788
 0.693593  0.751077  0.321933   1.01677 -0.495173   1.63234 -0.484424  0.264504
 0.705948  0.739788  0.334242    1.0109 -0.509991   1.59026 -0.473859   0.21238
 0.707446  0.730618  0.339157   1.00845 -0.517348   1.53976 -0.462492  0.190741
 0.707362  0.722904  0.342533   1.00894 -0.519785   1.49331 -0.450033  0.167988
 0.698527  0.718741  0.338291   1.01782 -0.516281   1.43862 -0.436556  0.169604
 0.688446  0.718789  0.332858   1.02646 -0.509283   1.39089 -0.422905  0.168091
 0.668284  0.719296  0.319398   1.04233 -0.493621    1.3367 -0.408078  0.195877
 0.648437  0.726301  0.306769   1.05402 -0.476994   1.29025 -0.393657  0.214569
 0.621843  0.729428  0.287053   1.07641 -0.453166   1.23772 -0.377355   0.25664
 0.595584  0.738893  0.268736   1.09134 -0.429152   1.19356 -0.362173   0.28772
 0.562988  0.741093  0.243835   1.11356 -0.397701   1.14608 -0.345753  0.342397
 0.531789   0.74863  0.221075   1.12971 -0.367057   1.10475 -0.330364  0.385237
 0.494724  0.753252  0.192139   1.15512 -0.329502   1.05742 -0.312941  0.450521
 0.459331  0.760545  0.165327    1.1719 -0.294065   1.01672 -0.297938  0.502765
 0.420417  0.763101  0.133987    1.1918 -0.254944  0.974303 -0.282781  0.570303
 0.384123  0.767739  0.105977   1.20408 -0.218707  0.936152 -0.270042  0.623687
 0.340039  0.771647 0.0759375   1.21435 -0.176236  0.898636 -0.257968  0.697838
 0.299433   0.77922  0.049861   1.22325 -0.137314  0.860216 -0.247701  0.756555
  0.258971   0.780281  0.0204762    1.23507 -0.0974572   0.821603  -0.237639   0.823645
    0.22154    0.780632 -0.00563208     1.24173   -0.060955    0.786456   -0.230377    0.879522
  0.187303   0.778656  -0.031838    1.24372 -0.0291156   0.754547  -0.224007    0.92861
   0.155921    0.773403   -0.054733     1.24118 0.000170841    0.726163   -0.220626    0.969169
  0.128779   0.766436 -0.0783664    1.23387  0.0244286   0.700433  -0.217449    1.00167
  0.104568   0.755773 -0.0983244    1.22062  0.0455472   0.679195  -0.216828    1.02497
 0.082813  0.742335 -0.120022   1.20341 0.0645362  0.661748  -0.21611   1.04768
0.0644867  0.726667 -0.136995   1.18099 0.0794671  0.647452  -0.21768   1.05805
0.0472876  0.707821 -0.155032   1.15399 0.0930064  0.638174 -0.219777    1.0685
0.0331407  0.683566 -0.168408   1.12068  0.103002   0.63446 -0.224379   1.06789
0.0212141   0.65654 -0.180836   1.08255  0.109947  0.635679 -0.228613   1.06367
 0.012213  0.626348 -0.189359    1.0413   0.11408  0.639328 -0.235016   1.04902
0.00575533   0.596493  -0.195864   0.998786   0.114853   0.644547  -0.240228     1.0296
0.00208122   0.562535  -0.199002     0.9524   0.112711   0.652878  -0.246646    1.00106
-0.00052867    0.528126   -0.200878    0.905745    0.108623    0.663244   -0.252121    0.971597
-0.000805521     0.490567    -0.199843      0.85649     0.101835     0.675221    -0.258277     0.934009
-0.000277651     0.451713      -0.1968     0.807497    0.0934112     0.688608    -0.263426      0.89554
0.00320805   0.412033  -0.189953   0.758524  0.0818387   0.699494  -0.268447   0.846387
0.00735102   0.372132  -0.181566   0.711115  0.0691361   0.710207  -0.272615   0.796711
0.0131863  0.329075 -0.171362  0.661115 0.0543331  0.721454 -0.276899  0.741148
0.0212598  0.284973 -0.159281  0.610068 0.0368109  0.731794 -0.279798  0.682318
0.0305246  0.240503 -0.145656  0.558961 0.0179262  0.738874 -0.282202  0.617987
  0.041628   0.194421  -0.130596   0.506161 -0.0031932   0.744534   -0.28363   0.550337
 0.0532578   0.148201  -0.114727   0.453733 -0.0251154   0.747326  -0.284333   0.480813
 0.0646556   0.102132 -0.0986293   0.401786 -0.0473444   0.747451  -0.284163   0.412478
 0.0762707  0.0548834 -0.0825763   0.348794 -0.0700305   0.746337   -0.28377   0.344381
 0.0879092 0.00938189  -0.066446   0.297189 -0.0921081   0.741397  -0.282246   0.277653
 0.0976719 -0.0341456 -0.0522973   0.247273  -0.113032   0.733817  -0.280352   0.218108
  0.108317 -0.0763465 -0.0374824   0.198236  -0.134272   0.722717  -0.277689    0.15834
  0.116948  -0.116282 -0.0246641   0.151243  -0.153703   0.709005   -0.27489   0.105622
  0.125921  -0.154519 -0.0116966   0.105515  -0.172826   0.691802  -0.271496  0.0539484
    0.133185    -0.189176 -0.000284644    0.0632167    -0.189643     0.671019    -0.267501   0.00869379
  0.140346  -0.221007  0.0110038  0.0232663  -0.205618   0.646261  -0.262852 -0.0342869
  0.145537  -0.248736  0.0206066 -0.0128843  -0.218635   0.618943  -0.257657 -0.0705217
  0.150789  -0.273756  0.0303512 -0.0466948  -0.230665   0.587696  -0.251587  -0.105777
  0.153272  -0.293141  0.0377572 -0.0754714  -0.239137   0.553066  -0.244769  -0.132417
 0.156164  -0.31015  0.045586 -0.102307 -0.246681   0.51558 -0.237114 -0.159607
 0.157845 -0.322511 0.0525789 -0.124874 -0.251389  0.475609 -0.228224 -0.183207
 0.158628 -0.331478 0.0588899 -0.144671 -0.254066    0.4334 -0.218601 -0.203506
 0.158216 -0.335756 0.0643485 -0.160382 -0.253903  0.389473 -0.207764 -0.220312
 0.156151 -0.335225  0.068559 -0.172249 -0.250321  0.345452 -0.195718 -0.232589
 0.152345 -0.328691 0.0715664 -0.178923 -0.243277  0.299005 -0.181969 -0.239985
 0.146286 -0.318269  0.072664 -0.182322 -0.233102  0.253689 -0.167772 -0.241454
 0.139046 -0.299645 0.0731611 -0.178956 -0.218971  0.204589  -0.15057 -0.239803
  0.13169 -0.279705 0.0735102 -0.174847 -0.203595   0.15856 -0.133092 -0.238249
 0.123337 -0.251209 0.0734638 -0.163792 -0.184289  0.107919 -0.112319 -0.233914
  0.114063  -0.221312  0.0725949  -0.151312  -0.163396  0.0609283 -0.0915095  -0.227536
 0.104133 -0.183571 0.0716974 -0.132367 -0.138811 0.0105532 -0.067265 -0.219639
 0.0933441  -0.144724   0.070123  -0.112307  -0.112773 -0.0367466 -0.0428369  -0.210151
  0.081408   -0.10065  0.0679832 -0.0880232 -0.0835788 -0.0840179 -0.0162547  -0.198153
  0.069113 -0.0556125  0.0657472 -0.0630224 -0.0532277  -0.129316  0.0109264  -0.186153
  0.0562676 -0.00968188   0.0632044  -0.0371605  -0.0217426   -0.172043    0.038671   -0.173293
 0.0423581  0.0368707  0.0598477 -0.0106722  0.0111871  -0.210946  0.0665087  -0.158389
0.0277591 0.0793504 0.0556286 0.0125109 0.0431874 -0.243208 0.0925969 -0.142864
0.0140888  0.118577 0.0521503 0.0329775 0.0738965 -0.273086  0.117793 -0.130049
7.13665e-05    0.151148   0.0477677   0.0481179    0.102204   -0.295437    0.139887   -0.117455
-0.0134548   0.182186   0.043984  0.0618712   0.130419  -0.315984   0.161941  -0.106357
-0.0275275   0.207099  0.0391712  0.0703981   0.156554  -0.329817   0.181282 -0.0942844
-0.0408722   0.228938  0.0350107  0.0764966   0.181653  -0.341086   0.199842 -0.0837791
-0.0550207    0.24324  0.0293754  0.0759015   0.204275  -0.343593   0.214841 -0.0722753
 -0.068499   0.254502  0.0243097  0.0729714   0.225764  -0.343665   0.229046 -0.0618817
-0.0826554   0.259279  0.0179219   0.064032   0.244861  -0.336398   0.240083 -0.0501205
-0.0961606   0.262054  0.0121072    0.05358   0.263129  -0.327296   0.250673 -0.0390989
 -0.110839   0.260262 0.00463025  0.0389012   0.279984  -0.309416   0.258558 -0.0261572
   -0.12457    0.253146 -0.00247458   0.0202218    0.294016   -0.287871    0.264239  -0.0155382
  -0.138928    0.240012  -0.0109458 -0.00445919    0.305162   -0.259572    0.266575 -0.00414584
 -0.151749   0.217693 -0.0189098 -0.0356724   0.310884  -0.230888   0.265062 0.00211506
 -0.165578   0.192651 -0.0281853 -0.0705004   0.315403  -0.196257   0.261685 0.00959091
 -0.179144   0.162689 -0.0377588   -0.10892   0.317042  -0.159179   0.255951  0.0144754
 -0.193298   0.130303 -0.0482621   -0.15052   0.316937  -0.118742   0.248422  0.0195945
 -0.207125  0.0944315 -0.0588119   -0.19474   0.314617 -0.0756078   0.239347  0.0219018
 -0.220253   0.056152 -0.0690188   -0.24154   0.310031  -0.035233   0.229131  0.0217948
 -0.233136  0.0166093 -0.0791443  -0.288539   0.304523  0.0071238   0.218706  0.0194025
 -0.244935 -0.0271935 -0.0888098  -0.339073   0.296008  0.0464234   0.206719  0.0129795
 -0.257195 -0.0714227 -0.0990406  -0.390169   0.286743  0.0862758   0.194322 0.00528892
  -0.268344   -0.118561   -0.108642   -0.444018    0.275065    0.121428    0.180876 -0.00656832
-0.279859 -0.163955  -0.11841 -0.497707  0.263186  0.157197  0.167775 -0.019624
 -0.289564  -0.210972  -0.126738  -0.552053   0.249982   0.186876   0.155115 -0.0371568
 -0.299417  -0.256249  -0.134875  -0.606511   0.236709   0.215344   0.143141 -0.0564821
 -0.307564  -0.304035  -0.142376  -0.660234   0.222499   0.237607   0.131636 -0.0794641
 -0.31613 -0.347367 -0.149742  -0.71214  0.209209  0.258712  0.121447 -0.102562
-0.324634 -0.390713 -0.157899 -0.762669  0.195751  0.277002  0.111512 -0.126709
-0.333327  -0.42641 -0.165226 -0.809358  0.184544  0.292681  0.104159 -0.149894
-0.338188 -0.464898 -0.170632 -0.852934  0.173383  0.298577 0.0986793 -0.177794
-0.340498 -0.501533 -0.173621 -0.894182  0.163283  0.297883 0.0956257 -0.208478
-0.344561 -0.536377 -0.178886 -0.934936   0.15362  0.297732 0.0925325 -0.238448
-0.347098 -0.567155 -0.182089 -0.973422  0.146019  0.292161 0.0922052 -0.269726
-0.351659 -0.594272 -0.187678  -1.00915  0.140078  0.288548  0.092612 -0.298036
-0.354641 -0.617124 -0.190858  -1.04315  0.135963  0.280338 0.0956176 -0.327602
-0.358778 -0.634832 -0.195225  -1.07373  0.134333  0.272384  0.100527 -0.354714
-0.362508 -0.647052 -0.197615  -1.10368  0.134543  0.261572  0.107457  -0.38201
-0.368877 -0.657235 -0.203511  -1.13113  0.135053  0.255706  0.113266 -0.405953
-0.366202 -0.668187 -0.201436  -1.15474  0.138737    0.2336  0.125117 -0.435822
-0.366332 -0.678196 -0.203317  -1.17602  0.142929  0.217697  0.135946  -0.46159
-0.360788  -0.68501 -0.199137  -1.19393  0.150704  0.192369  0.151488 -0.489158
-0.357836 -0.689035 -0.198122  -1.20969  0.159405  0.172957  0.166739 -0.512952
-0.351972 -0.688753 -0.192987  -1.22436  0.170805  0.148778  0.185348 -0.537099
-0.350306 -0.688191 -0.192696  -1.23908  0.181342  0.131971  0.201423 -0.557874
-0.341649 -0.686934 -0.185043  -1.25279  0.194947  0.105019  0.222208 -0.581823
-0.337578 -0.684933 -0.182622  -1.26574  0.207628 0.0862849  0.240336 -0.601196
-0.326494 -0.680366  -0.17168  -1.27772  0.223687 0.0581404   0.26306 -0.623084
-0.320204  -0.67437 -0.166183  -1.28767  0.238765 0.0402355  0.282865 -0.639635
-0.310194 -0.665433 -0.154887  -1.29795  0.256061 0.0173751  0.305503 -0.656873
  -0.30455  -0.654911  -0.148739   -1.30548   0.272709 0.00572089   0.325785  -0.668545
 -0.295204  -0.643024  -0.136871   -1.31388   0.290881 -0.0108098   0.348176  -0.681443
 -0.290733   -0.63005  -0.130282   -1.32055   0.307529 -0.0167178   0.367547  -0.689106
 -0.282497   -0.61511  -0.117508   -1.32755   0.325947 -0.0264406   0.389294  -0.697445
 -0.277789  -0.598821  -0.108585   -1.33208    0.34358 -0.0257831    0.40921  -0.699981
 -0.270205   -0.57972  -0.094023   -1.33675   0.363223 -0.0270029   0.431939  -0.701146
  -0.26524  -0.557798 -0.0822304    -1.3399   0.383755 -0.0193053   0.455862  -0.693802
 -0.258499  -0.534026 -0.0662732   -1.34237   0.405412 -0.0102021   0.481436  -0.682953
 -0.253245  -0.511031 -0.0524373   -1.34507   0.426755 0.00646132   0.507571   -0.66402
  -0.24699   -0.48788 -0.0372112   -1.34526   0.448415  0.0288047   0.534168  -0.639459
 -0.242177  -0.465328 -0.0237819   -1.34603   0.469212  0.0587819   0.560858  -0.605671
 -0.238276  -0.444479 -0.0119477   -1.34441   0.488023  0.0970309   0.585508  -0.563939
  -0.234282   -0.426881 -0.00104219    -1.34417    0.505287     0.13961    0.609696    -0.51506
-0.231409 -0.409388 0.0102946  -1.34265  0.520293  0.190076  0.631655 -0.459387
-0.231066 -0.394395  0.018158  -1.34279  0.531384  0.248448  0.650372  -0.39614
-0.233468 -0.377542 0.0253764  -1.34084  0.539012  0.315684  0.665416 -0.324883
-0.237775  -0.36225 0.0293585  -1.33948  0.542594  0.387312  0.676899 -0.246012
-0.240177 -0.344617 0.0383075  -1.33526   0.54511  0.461179  0.687708  -0.16125
 -0.245265   -0.32936  0.0430752   -1.33274   0.541952   0.540115   0.693382 -0.0735276
-0.249843   -0.3114 0.0507061  -1.32573  0.536211  0.622334  0.696382 0.0187336
 -0.25738 -0.295414 0.0532201  -1.32073  0.523939  0.707013  0.693442   0.11476
 -0.26743 -0.276438 0.0542059  -1.31119  0.506652  0.795621  0.684793  0.214105
-0.281027 -0.260081 0.0499162  -1.30612  0.481907   0.88166   0.66945  0.311407
-0.299881 -0.236817 0.0412342  -1.29482  0.450897  0.971259   0.64633  0.406624
-0.322493 -0.215642 0.0274555   -1.2902  0.412567   1.05365  0.617111  0.494256
 -0.354744   -0.18535 0.00541575   -1.28124   0.370559    1.12924   0.577556   0.575174
-0.389889 -0.156012 -0.021015     -1.28  0.323044    1.1961  0.533565   0.64391
 -0.439298  -0.106128 -0.0595679   -1.27633   0.271498    1.26502    0.47825   0.694776
 -0.490261 -0.0539417  -0.101413   -1.28117   0.216628    1.32725   0.421006   0.731663
-0.549194 0.0162305  -0.15033  -1.28587  0.158205   1.39859  0.360126  0.746958
-0.608608  0.089721 -0.201419    -1.301  0.098176   1.46107  0.299368  0.749339
-0.669239  0.169288 -0.253377  -1.32182 0.0439803   1.52295  0.238466  0.741127
 -0.729771   0.253616  -0.307051   -1.35211 -0.0112909    1.57833   0.178996   0.718708
 -0.785162   0.340277  -0.354923   -1.38737 -0.0602108    1.63208   0.125798   0.690452
-0.839645  0.434281 -0.404054  -1.43192 -0.109497   1.67622 0.0756263  0.647625
-0.885109   0.52465 -0.443967  -1.47527 -0.153212   1.71617 0.0348903  0.610351
  -0.929405    0.623232   -0.485203    -1.52712   -0.196002     1.74406 -0.00226619    0.559874
 -0.964694    0.72353  -0.517521   -1.57877  -0.232243    1.76673 -0.0311319   0.517387
   -0.9982   0.836242  -0.552662   -1.63247  -0.268297    1.77807 -0.0572112    0.46442
  -1.02023   0.944201  -0.577022   -1.68224  -0.294675    1.78286 -0.0742816   0.422804
  -1.04068    1.06826  -0.607235   -1.72832  -0.320599    1.77826 -0.0895618    0.36963
  -1.04979    1.18506  -0.628076   -1.76799  -0.337682    1.76473 -0.0959224   0.326594
 -1.05606   1.32017 -0.655406    -1.801 -0.353967   1.74178 -0.100409  0.271797
  -1.05096    1.45491  -0.675592   -1.82622  -0.358899    1.71884 -0.0990668   0.223158
   -1.0406    1.60819  -0.702523   -1.83711    -0.3627    1.69037 -0.0962663   0.167123
  -1.01279    1.74939  -0.716273   -1.83809  -0.356492    1.64658 -0.0827026   0.124729
 -0.978569    1.89903  -0.735459   -1.82302  -0.347513     1.5994 -0.0675312  0.0769132
 -0.927976    2.02604  -0.740973   -1.80001  -0.329834    1.53698 -0.0423392  0.0447682
 -0.873529    2.15597  -0.753992   -1.76137     -0.311    1.47376 -0.0170587 0.00602557
 -0.801851    2.25303  -0.751487   -1.71517  -0.282265    1.39631  0.0189233 -0.0133173
  -0.742152     2.29973   -0.752787    -1.63866   -0.247381     1.34818   0.0547719 -0.00896298
 -0.672446    2.31284  -0.740766   -1.57226  -0.204319    1.27976    0.10255 0.00393091
-0.613145   2.27444 -0.722112  -1.49399 -0.152361    1.2411  0.151718 0.0465997
 -0.552457     2.2128    -0.6995   -1.42841 -0.0961854    1.18665   0.211132  0.0891383
 -0.503809    2.11421  -0.672042   -1.35317 -0.0343463     1.1679   0.269013   0.159655
-0.455396   1.99841  -0.64313  -1.29459 0.0313337   1.13869  0.335266  0.228236
-0.415393   1.85221 -0.607156  -1.23337  0.101242   1.14209  0.399252  0.320653
-0.375977   1.69872 -0.572848  -1.19158  0.172892   1.13925  0.468268  0.406778
-0.340423   1.52913 -0.532858  -1.15388  0.244669   1.16195  0.533455    0.5071
-0.306035   1.35872 -0.497561  -1.13671  0.315938   1.17917   0.60081  0.601507
-0.268875   1.18442 -0.455549   -1.1306  0.384835   1.21494  0.663073   0.70264
-0.233308   1.02055 -0.421438  -1.13596  0.449738   1.25163  0.724726  0.790453
-0.188115  0.845982 -0.368884  -1.16453   0.51358   1.30801  0.781453  0.890702
-0.146442  0.686515 -0.326036  -1.19969  0.572094   1.36536  0.836421  0.976801
-0.0967111   0.515637  -0.264387   -1.25691   0.628827    1.43748   0.885775    1.08167
-0.0512585   0.359003  -0.210881   -1.31633   0.679042    1.51131   0.930639    1.18364
-0.00573329    0.206102   -0.151768    -1.38015    0.721378     1.59338    0.967329     1.29363
0.0354618 0.0662761 -0.100283   -1.4403   0.75687   1.67469  0.994729   1.41838
  0.072154 -0.0627496 -0.0499791   -1.49734   0.781184    1.75786    1.01181    1.54356
   0.105615   -0.153807 -0.00866003    -1.52694    0.800728     1.82237     1.01416     1.67303
 0.133858 -0.232341 0.0314367  -1.54827  0.808234   1.88499   1.00383   1.80274
 0.162102 -0.272465 0.0666002  -1.53744   0.80783   1.94896  0.983152   1.92154
  0.17991 -0.290505 0.0904236  -1.51668  0.792774   2.00519  0.951232   2.02328
 0.197527 -0.264048  0.108473  -1.46033   0.77299   2.05466   0.91121   2.10624
 0.203169 -0.214227   0.11248  -1.39563   0.73837   2.09353  0.860038   2.16984
 0.210001 -0.122784  0.113083  -1.29752  0.701421    2.1309  0.807394   2.20679
  0.205104 -0.0125562    0.10143   -1.19503   0.651499    2.15666   0.746072    2.22369
 0.200485  0.135125 0.0850936  -1.06512  0.599769   2.18621  0.689095   2.21061
 0.182774  0.296257 0.0549661 -0.939808  0.539527   2.19915  0.629416   2.17437
 0.159855  0.474131 0.0179251 -0.807948  0.478032   2.20412  0.566768   2.12729
  0.127657   0.649717 -0.0271249  -0.689357   0.411813    2.19712   0.498357    2.07565
0.0907072  0.838884 -0.077959 -0.567427  0.347087   2.18409  0.428734   2.01114
0.0456036   1.02078  -0.13516  -0.46258  0.280567   2.16257   0.35833   1.93842
-0.00300222     1.20888   -0.196522   -0.360594    0.216334     2.13969    0.290212     1.85202
-0.0583981    1.38752  -0.262751  -0.277818   0.152164    2.11088   0.227674    1.75403
-0.116429   1.56612 -0.331551 -0.202757 0.0913111   2.08311  0.170087   1.64555
 -0.18036   1.72972 -0.402954 -0.148239 0.0328846   2.05084  0.122149   1.53033
 -0.245558    1.88585  -0.474405   -0.10628 -0.0206683    2.02065  0.0810977    1.41046
 -0.309832    2.02774   -0.54269 -0.0746702 -0.0717749    1.99411  0.0522939    1.29286
 -0.372741    2.16148  -0.610535 -0.0567635   -0.11933    1.96574  0.0288866    1.17462
 -0.436032    2.27549  -0.674335 -0.0464482  -0.161629    1.93998  0.0163858    1.06482
 -0.496075    2.37155  -0.733244 -0.0520068  -0.199812    1.91374 0.00811128    0.96459
 -0.557454    2.44898   -0.78982 -0.0643321  -0.234202    1.88501 0.00718579   0.871362
 -0.613471    2.50701  -0.839438 -0.0909508  -0.262418     1.8585 0.00858259   0.791782
 -0.66855   2.53954 -0.885364 -0.136904 -0.282146   1.82493 0.0165302  0.720351
-0.714982   2.55243 -0.922259 -0.193774  -0.29591   1.79084 0.0272864  0.666482
-0.760707   2.53958 -0.954947 -0.261139 -0.301199   1.75268 0.0439831  0.622438
-0.798295   2.50989 -0.979472 -0.342517 -0.301248   1.71114  0.063867  0.593759
-0.834374   2.45085 -0.997677 -0.430163 -0.293477   1.66867  0.087961  0.578488
-0.861138   2.38339  -1.00883 -0.528521 -0.280587   1.62225  0.114955  0.574939
-0.889078   2.29336   -1.0188 -0.621196 -0.259735   1.57501  0.147024  0.579144
-0.909769   2.18768  -1.02224 -0.717299 -0.236979   1.52005  0.182617  0.600084
-0.930381   2.07203  -1.02814 -0.801848 -0.208846   1.46143  0.223204  0.623903
-0.943957   1.94835  -1.02858 -0.886716 -0.176823   1.40591  0.264182  0.659784
-0.958225   1.81861  -1.03391 -0.956707 -0.141034   1.34676  0.309587  0.696743
-0.963732   1.68062  -1.03154  -1.03121 -0.101336   1.29343  0.353579  0.748426
 -0.970346    1.53801   -1.03517   -1.09336 -0.0587223    1.23583   0.401154   0.802417
  -0.96566    1.41428   -1.03241   -1.16416 -0.0145596    1.17981   0.446119   0.864828
-0.964221   1.25498  -1.03214   -1.2087 0.0329095   1.13691  0.489892  0.943624
-0.950198   1.11224  -1.02194  -1.27395 0.0823752   1.09412  0.529938   1.03277
-0.936702   0.96214  -1.01706  -1.31712  0.133662   1.05696  0.570665   1.12697
-0.918291   0.84604  -1.01056  -1.36178  0.183671   1.01961  0.604953   1.22158
-0.899143  0.715607  -1.00673   -1.3811   0.23407  0.995022  0.637879   1.32418
-0.878627  0.615243  -1.00344  -1.40143  0.280269  0.968161  0.664616   1.42574
-0.856326  0.507579  -1.00326  -1.39124  0.327038  0.956586  0.691473   1.52898
-0.830607  0.429996 -0.997854  -1.38901   0.36944  0.947217  0.709076   1.63344
-0.804054  0.344432 -0.996473   -1.3589  0.412656  0.948988  0.725144   1.74542
-0.772566   0.28794 -0.984234  -1.34873  0.450944  0.956081  0.730025   1.85626
-0.739963  0.226991 -0.975215  -1.31182  0.489838  0.974834  0.734166   1.96945
-0.701502   0.19512 -0.951554  -1.30203  0.523149   1.00174  0.725001   2.07983
-0.661437  0.157464 -0.930286  -1.27133  0.556532   1.04263  0.716754   2.19027
-0.614034  0.150836 -0.888797   -1.2762   0.58361   1.09426  0.690196   2.29766
-0.564505  0.139236 -0.848138  -1.26354  0.609236   1.16456  0.666869    2.3979
-0.511456  0.156681 -0.792086  -1.27425  0.628808   1.23975  0.627102   2.49053
-0.458744  0.175342 -0.739543  -1.26432   0.64578   1.32928  0.592597   2.57178
-0.409866  0.221267 -0.684505   -1.2486  0.656512   1.41573  0.546541   2.63966
-0.362208  0.269163 -0.633518  -1.21452  0.666114      1.51   0.50626   2.69744
-0.319295  0.335924 -0.582782  -1.17336  0.666873   1.60636  0.457517   2.73956
-0.274657  0.401859 -0.529619  -1.12349  0.666235   1.71361  0.413096   2.77349
-0.237763  0.478514 -0.483988  -1.06239  0.656405   1.82041  0.365782   2.79331
-0.201621  0.553408 -0.438976 -0.998522  0.645815   1.93046  0.322317   2.81048
-0.173123  0.635132 -0.401159 -0.926078  0.618795   2.04834  0.277116   2.80961
-0.149582  0.717612 -0.368675 -0.844329  0.589716   2.16232  0.240487   2.80144
-0.133154  0.805759 -0.342428 -0.757526  0.544425   2.27874  0.205051   2.77736
-0.126322  0.893985 -0.326602 -0.666336  0.493897   2.38327  0.169238   2.74963
-0.124405  0.989036 -0.315527 -0.570909   0.42686   2.48865  0.132764   2.71227
-0.129087   1.08352 -0.309931 -0.472052  0.355473    2.5817  0.104116   2.67302
-0.140903   1.19609 -0.310631 -0.358236   0.27542   2.66003 0.0730893   2.62118
-0.160148   1.30585 -0.318643 -0.243904   0.19283   2.71708 0.0504483   2.56798
-0.185043    1.4311 -0.330387 -0.114722  0.110908   2.75732 0.0270279   2.50611
 -0.221868    1.54824  -0.352798  0.0153651  0.0304753    2.76691 0.00957825    2.43618
   -0.26102     1.67728   -0.375526    0.159928  -0.0363242     2.76652 -0.00982746     2.35709
 -0.308504    1.80094  -0.413759   0.303232  -0.100268    2.73051 -0.0250713    2.26254
 -0.356305    1.93016  -0.449739   0.458576  -0.149239    2.69454 -0.0411765    2.15931
 -0.404635     2.0564  -0.496739   0.609097  -0.193046    2.62939 -0.0486433    2.04413
 -0.450281     2.1839  -0.541081   0.765265  -0.229559      2.563 -0.0540417    1.92556
 -0.489446    2.31733  -0.589651   0.921536  -0.261652    2.47438 -0.0480358    1.79967
 -0.522225    2.44824  -0.634636    1.08014   -0.28948    2.37861 -0.0373374    1.67758
 -0.545553    2.58618  -0.676915    1.23932  -0.312458    2.27245 -0.0177554    1.55195
 -0.561415    2.71015  -0.714254    1.39506  -0.330649      2.156 0.00785881    1.43906
 -0.57622   2.81497 -0.738358    1.5565 -0.342452   2.05371 0.0352445   1.33436
-0.578083   2.90447 -0.756123   1.70319 -0.349706   1.93937 0.0676732   1.24412
-0.608035   2.93276 -0.758838   1.85677 -0.352263   1.86235 0.0920785   1.17586
-0.628478    2.9379 -0.756422   1.99786 -0.348352   1.76794  0.124867   1.12441
-0.659734   2.90481 -0.740069   2.14291  -0.33935   1.69572  0.152911   1.08514
-0.677695   2.85881 -0.723292   2.25641 -0.327167    1.6115  0.186012   1.06265
-0.700659   2.77973 -0.692973   2.36853 -0.309951   1.54749  0.214735   1.05118
-0.709359   2.71485 -0.672387   2.43233 -0.291775   1.49089  0.240233   1.04392
-0.716045   2.62533 -0.639241   2.48924 -0.269206   1.45087   0.26244   1.04806
-0.707166   2.56222 -0.629041   2.47441  -0.25092   1.42722  0.278364   1.06583
-0.701104   2.46636 -0.609413    2.4548 -0.227085   1.41961  0.291844   1.09789
-0.684158   2.39272  -0.60885   2.38182 -0.207236   1.42675  0.300483    1.1406
 -0.66743     2.299 -0.601296   2.30898 -0.182264   1.44118  0.307931   1.19238
-0.639674   2.22049 -0.603357   2.20225 -0.159069   1.46147  0.314691   1.25128
-0.614808   2.11992 -0.597982   2.09861 -0.133394   1.49046  0.318619   1.32197
-0.581793   2.03506  -0.59604   1.97311 -0.107915   1.52773  0.320053   1.39025
 -0.550658    1.93319  -0.589902    1.85272 -0.0780206    1.56525   0.321111    1.46598
 -0.514261    1.84111  -0.586381    1.72125 -0.0508913    1.60366   0.323477    1.54141
 -0.482427    1.72999  -0.577915    1.59573 -0.0209081    1.64818   0.323002    1.62534
 -0.446629    1.62674  -0.570489    1.46269 0.00639944    1.69513   0.324157    1.70717
-0.414054   1.51468 -0.563692   1.34066 0.0371124   1.73457  0.326455   1.79032
-0.375929    1.4218 -0.553934   1.20865 0.0621432   1.78352  0.325613   1.86529
-0.340577   1.33805 -0.548749   1.09942 0.0893599    1.8113  0.328151   1.93007
-0.299294   1.26939 -0.538135  0.976363  0.108457   1.85408  0.328529   1.98732
-0.264307   1.20458  -0.53028  0.877295  0.127413   1.88167  0.329515   2.03619
-0.228778    1.1457  -0.52154  0.773897  0.142347   1.91455  0.326963   2.08496
-0.199592   1.08288 -0.512372  0.686159  0.157537   1.94211   0.32352   2.12966
-0.175183   1.01983 -0.509107  0.598525  0.171341   1.96741  0.311265    2.1873
-0.156145   0.96681 -0.506932   0.53476  0.183795   1.97941  0.298655   2.23112
-0.138091  0.914407 -0.507131  0.464947  0.192595   1.99952  0.278285   2.28741
-0.125561  0.874632 -0.507424   0.42061  0.198966   2.00681  0.256032   2.32721
-0.109688  0.838771 -0.504398  0.369486  0.203609   2.02368  0.230417   2.36724
-0.0973071   0.818301  -0.499212   0.342015   0.202209    2.03426   0.200553      2.391
-0.0754001   0.801391  -0.484068   0.301957   0.196456     2.0617   0.174631    2.40627
-0.058404  0.799837 -0.469056  0.288442  0.185771   2.07609  0.147621   2.40305
-0.0338682   0.798213  -0.447016   0.262443   0.172729    2.10451   0.121561    2.39841
-0.0141689   0.815628  -0.424866   0.264758   0.152238    2.11869  0.0944514    2.37279
0.0109129  0.834158 -0.396902  0.260012  0.133988   2.13819 0.0680185   2.34254
0.0322773  0.865459 -0.368818  0.274957  0.111706    2.1467 0.0408266    2.2973
0.0566169  0.894008 -0.338887  0.281118  0.086969     2.165 0.0146897   2.25781
 0.0755208   0.939312   -0.30913   0.308024  0.0565246    2.16973 -0.0115646    2.20118
 0.0933273   0.984015  -0.280552   0.333145  0.0288774    2.17217 -0.0351294    2.14503
    0.106591      1.04064    -0.255581     0.378139 -0.000209729      2.15617   -0.0550136       2.0744
  0.119196    1.09557   -0.23191   0.419317 -0.0281944    2.14017 -0.0730792    2.00646
  0.127166    1.15869  -0.210981   0.474646 -0.0577573    2.10939 -0.0864984    1.92872
   0.13283    1.22026  -0.192988    0.52813 -0.0846566    2.07675 -0.0988027    1.85353
   0.1345   1.28652 -0.177889  0.591565 -0.110843   2.03289 -0.106742    1.7727
 0.133682   1.35348 -0.164968  0.656732 -0.136078   1.98359 -0.112713   1.69018
 0.129096   1.42658 -0.155274  0.732628 -0.161303   1.92259  -0.11525   1.60101
 0.121816   1.49041 -0.149482   0.80194 -0.182017   1.86069 -0.113937   1.52016
 0.112418    1.5586 -0.148652  0.883884 -0.201444   1.78178  -0.10737   1.43025
  0.100141    1.61742   -0.15159   0.961492  -0.215295    1.70076 -0.0970033    1.34729
 0.0856162    1.68018  -0.155344    1.04353    -0.2293     1.6149 -0.0857245    1.26048
 0.0708053    1.73324  -0.162458     1.1151  -0.238721    1.53323 -0.0734188    1.18167
 0.0572639    1.78929  -0.166866    1.18867  -0.245415    1.45669 -0.0624768    1.09714
 0.0431954    1.84231  -0.176475    1.25376  -0.250152    1.38331 -0.0519774    1.01484
 0.0303981    1.88932  -0.189021    1.31683  -0.252744    1.30619 -0.0380072   0.937782
 0.0174114    1.93013  -0.205755    1.36951  -0.252027    1.23307 -0.0230856   0.864822
0.000269686      1.9638    -0.22548     1.41748     -0.2523     1.15386 -0.00486905    0.803228
-0.0151269    1.98743  -0.247941    1.45156  -0.248831    1.08038  0.0139658   0.749776
-0.0338392    2.00482  -0.269077     1.4805  -0.245978    1.00879  0.0325666   0.704635
-0.0553336    2.00718  -0.292562    1.49967  -0.236349   0.936863    0.05524   0.668315
-0.0777029    2.00701  -0.314465    1.51905   -0.22575   0.866275  0.0779855   0.633796
-0.0973721     1.9919  -0.336308    1.52208  -0.211668   0.802215   0.101109   0.609761
-0.119815   1.97408 -0.355524   1.52648 -0.197527  0.742037  0.123179  0.587579
-0.136714   1.94436 -0.374951    1.5095 -0.181655  0.693568  0.142709  0.574731
-0.156533   1.90685 -0.390517   1.49161 -0.165712  0.651631  0.160479  0.568384
 -0.17114   1.85768 -0.405534   1.45515 -0.148062  0.619128  0.176287  0.571252
-0.187448   1.80049 -0.414142   1.41943 -0.131519  0.597298  0.188285   0.57959
-0.197568   1.73321 -0.422017   1.36225 -0.114511  0.587412  0.196795  0.596659
 -0.206218    1.66744  -0.431157    1.31115 -0.0945501   0.569152   0.208991   0.613669
 -0.208787    1.59142  -0.437011    1.24442 -0.0734849   0.560988   0.218989   0.637196
  -0.21099    1.51065  -0.438998    1.17728 -0.0532137   0.559466    0.22603   0.665291
-0.213743   1.42436     -0.44   1.11423 -0.030259   0.55551  0.235405  0.695562
  -0.215118     1.33694   -0.439325     1.05398 -0.00697194    0.552371    0.244171    0.727742
-0.212115   1.24935 -0.437112  0.983261 0.0146648  0.556169  0.249442  0.761241
-0.208828   1.15807 -0.432725  0.914648 0.0362449  0.562742  0.253232  0.798205
-0.199433   1.06714 -0.424342  0.835456 0.0550692  0.580047   0.25291  0.833915
-0.189618  0.973747  -0.41389  0.759082 0.0734847  0.598746  0.250657  0.871826
-0.175784   0.88632 -0.400746  0.678033 0.0883007  0.622488  0.243805  0.906426
 -0.16238  0.796609 -0.387542   0.59916  0.103809  0.645597   0.23686  0.943337
-0.145055  0.712377 -0.370425  0.517596  0.114999  0.675112  0.225817  0.974757
-0.128779  0.627738 -0.353924  0.439723  0.126694  0.702641  0.214489   1.00773
-0.109472  0.548452 -0.333989  0.360127   0.13441  0.734631  0.199415   1.03498
-0.0910505   0.470441  -0.314089   0.285422   0.141748   0.764744   0.183517    1.06121
-0.0697878   0.397897  -0.290717   0.210306   0.144959   0.798684   0.164731    1.08068
-0.049736   0.32704 -0.267604  0.140198  0.147549  0.830487  0.145053   1.09849
-0.0267774    0.26248  -0.240917  0.0712835   0.146439   0.864666   0.122365    1.10928
-0.00458985    0.201266   -0.214594   0.0073757    0.144321    0.896567    0.099669     1.11685
 0.0183055   0.145784   -0.18696 -0.0533363   0.139637   0.927272  0.0753298    1.11857
0.0396362 0.0967299 -0.160487 -0.106394  0.133837  0.952199 0.0520858   1.11405
0.0588403 0.0494241  -0.13624 -0.157112  0.125567  0.975511 0.0310911     1.108
 0.0760003 0.00956192  -0.113415  -0.199187   0.116509   0.990312  0.0115767    1.09418
  0.0924212  -0.0247697  -0.0908339   -0.236095    0.105731     1.00108 -0.00749167     1.07506
  0.106635 -0.0517687 -0.0697898  -0.264649   0.094496    1.00289 -0.0250069    1.04829
  0.119649 -0.0764081  -0.049687  -0.290731  0.0810885     1.0023 -0.0411615    1.01949
  0.130596 -0.0938579  -0.030969  -0.308486  0.0670327   0.992904  -0.055671   0.983384
  0.140718  -0.105515 -0.0126266  -0.320373  0.0518211   0.978569 -0.0695181   0.942402
  0.148873  -0.110205 0.00457764  -0.324372  0.0362426   0.955085 -0.0818235   0.893951
     0.156  -0.110087  0.0210158  -0.323527  0.0197649   0.926725 -0.0933496   0.841687
  0.162229  -0.103909  0.0372834  -0.316906 0.00291993   0.891719  -0.104348    0.78333
  0.167321 -0.0952916   0.052422  -0.307733 -0.0136665   0.852746  -0.114175   0.723535
  0.169182 -0.0806512  0.0651666  -0.290523 -0.0289502     0.8029  -0.121801    0.65622
  0.172481 -0.0619419  0.0798427  -0.271343 -0.0448202   0.752686  -0.130536   0.586187
  0.172148 -0.0375668  0.0916477   -0.24393  -0.058861   0.692405  -0.136418    0.50976
   0.170965 -0.00880432    0.102878   -0.212304  -0.0727095    0.629333   -0.141199    0.432077
  0.167387  0.0234082   0.112031  -0.175269 -0.0852425   0.561222  -0.144017   0.351935
  0.163231  0.0583596   0.120693  -0.135938 -0.0974878   0.492285  -0.146227   0.272247
  0.156474  0.0954467    0.12697 -0.0913647  -0.108206   0.418606   -0.14619   0.190894
  0.148723   0.133222   0.132158 -0.0458191  -0.118041   0.344564   -0.14529   0.111356
  0.139428   0.172356    0.13587 0.00287912  -0.126906   0.268622  -0.143245    0.03143
  0.129101   0.211161   0.138325  0.0522447  -0.134776   0.193068  -0.140435 -0.0465786
 0.117314  0.249699  0.139005  0.103565  -0.14153  0.116679  -0.13639 -0.123641
 0.104166  0.285679  0.137745  0.153536 -0.146636 0.0409934 -0.131111 -0.196649
 0.0904111   0.319696   0.135222   0.203147  -0.150779 -0.0332575  -0.125289  -0.267078
0.0747455  0.350144  0.129983  0.251168 -0.152631 -0.106863 -0.117366 -0.333651
0.0594902  0.377666  0.124508  0.296071 -0.154062 -0.176059  -0.10988 -0.396139
 0.0417069   0.401262   0.115649   0.339699  -0.152867  -0.245416 -0.0991339  -0.455477
 0.0240905   0.420968   0.106103   0.379713  -0.150922  -0.310766 -0.0880879  -0.510317
0.00494531   0.435068  0.0939865    0.41594  -0.146446  -0.374779 -0.0748293  -0.559591
-0.0139282   0.444288  0.0812318   0.447246  -0.140916  -0.434211 -0.0612171  -0.603136
-0.0326587   0.448937    0.06774   0.474066  -0.134455  -0.489245 -0.0470363  -0.641262
-0.0506869   0.447767  0.0539505   0.494739  -0.126905  -0.538749 -0.0328723  -0.672602
-0.0674609   0.441937   0.040495    0.50989  -0.119148  -0.582402  -0.019093  -0.698345
 -0.082715   0.430582  0.0274435   0.518356  -0.110633  -0.619743 -0.0057803  -0.717207
-0.0948856   0.415351  0.0165925   0.520062  -0.103346  -0.648091 0.00467845  -0.730008
 -0.106023   0.393798 0.00564883   0.514736 -0.0945141  -0.671067  0.0153523  -0.735614
  -0.115111     0.36808 -0.00397989    0.503377  -0.0861057    -0.68702   0.0248219   -0.735355
  -0.12301   0.336309 -0.0134446   0.485128 -0.0761443  -0.698047   0.034502  -0.728311
 -0.128245   0.300709 -0.0209342   0.460556 -0.0668244  -0.701567  0.0420653    -0.7156
 -0.131891   0.259381 -0.0277611   0.429026 -0.0560908   -0.69957  0.0491874  -0.696177
 -0.132742   0.216411 -0.0323526   0.392848 -0.0467076  -0.690619  0.0541209  -0.672388
 -0.132513   0.168681 -0.0366234   0.351037 -0.0356339  -0.677669  0.0589763  -0.642925
 -0.129844   0.120651 -0.0386997    0.30623 -0.0259669   -0.65912  0.0617357  -0.610438
 -0.126426  0.0695691 -0.0406493   0.257471 -0.0147911  -0.637674  0.0645392  -0.573591
   -0.12225   0.0192272  -0.0419246    0.208209 -0.00423935   -0.614415   0.0669732   -0.535186
 -0.117428 -0.0335669 -0.0429481   0.155697 0.00756856  -0.588521  0.0691238  -0.493289
 -0.112259 -0.0849943 -0.0435022   0.103979  0.0186773  -0.562134  0.0714178  -0.450517
  -0.10651  -0.138231 -0.0437944  0.0495456  0.0308861   -0.53299  0.0732179  -0.404598
 -0.0994516   -0.189936  -0.0425746 -0.00487447   0.0418844   -0.501544   0.0736805   -0.358012
-0.0925595  -0.242496 -0.0417149 -0.0603696  0.0539613  -0.468665  0.0741069   -0.30935
-0.0839915  -0.292863 -0.0389435    -0.1154  0.0644646  -0.432983  0.0725519  -0.260824
-0.0753817  -0.342508 -0.0359815  -0.170329  0.0752143  -0.395984  0.0704023  -0.211991
-0.0652908  -0.389678 -0.0313179  -0.224198  0.0844866  -0.356626  0.0663347  -0.164206
-0.0553126  -0.434523 -0.0263167  -0.276228  0.0933117  -0.316989  0.0616596  -0.117884
-0.0440133  -0.476419 -0.0198253  -0.326466   0.100678  -0.275448  0.0552739  -0.073376
-0.0324247  -0.514391 -0.0121663  -0.373691   0.106615  -0.233721  0.0476863 -0.0319089
 -0.0192912    -0.54867 -0.00282225    -0.41848    0.110734    -0.19038   0.0382504  0.00690298
-0.00613909   -0.578486  0.00762205   -0.459306    0.113294   -0.147783   0.0278219   0.0418363
0.00891238  -0.602985  0.0201002  -0.496425   0.113468  -0.103681  0.0152494  0.0725445
 0.0232241  -0.622756  0.0324171  -0.528522   0.112564 -0.0619962 0.00271295  0.0992108
 0.0383128  -0.637374    0.04588  -0.556343   0.109778  -0.020599 -0.0109496   0.121461
 0.0521316  -0.647869  0.0582922  -0.579292   0.106476   0.017521 -0.0237511   0.140381
 0.0651447  -0.653125  0.0705841  -0.596483     0.1019  0.0525763 -0.0362671    0.15443
 0.0766516  -0.654551  0.0812349  -0.609191   0.097032  0.0840124 -0.0475721   0.165739
  0.087914  -0.648425  0.0925513  -0.614469  0.0899485   0.112042 -0.0592475   0.170573
 0.0972109  -0.638911   0.101097  -0.615898  0.0832062   0.135396 -0.0689077   0.173421
  0.103836  -0.622266   0.108332  -0.608211  0.0752391   0.151732 -0.0771063   0.169666
  0.110333  -0.597707   0.115921  -0.593108  0.0652623   0.164625 -0.0854711    0.15991
  0.114574  -0.567203   0.121886  -0.570556   0.054603   0.171228 -0.0922245   0.145072
  0.119653  -0.532697   0.129277  -0.544363  0.0424743   0.176798 -0.0998321   0.126657
 0.124231 -0.493894  0.136538 -0.513596  0.029445  0.179148 -0.107152    0.1045
 0.130459 -0.454321   0.14502  -0.48392 0.0158971  0.182755 -0.115484 0.0822057
   0.136448   -0.408769    0.154087   -0.448285 0.000640318    0.183901   -0.124232   0.0558064
  0.139945   -0.36122   0.160547  -0.409318 -0.0137731   0.179774  -0.130748  0.0280774
   0.142125   -0.310006    0.166107   -0.365701  -0.0284647    0.171744   -0.136361 -0.00273365
  0.142495  -0.257414   0.169591  -0.320304 -0.0422727   0.160018  -0.140225 -0.0337364
  0.141502  -0.203089   0.172113  -0.271728 -0.0558821   0.145091  -0.143112 -0.0665177
  0.137324  -0.149094   0.171306  -0.221136 -0.0677837   0.124876  -0.143126 -0.0990971
  0.131412 -0.0935921    0.16902  -0.167268 -0.0791563   0.100925  -0.141667  -0.133683
  0.123411 -0.0378887   0.164566  -0.111836 -0.0894429  0.0735539  -0.138372  -0.168033
  0.114066  0.0168044   0.158797 -0.0556718 -0.0987764  0.0441453  -0.133786   -0.20252
   0.103204   0.0701302    0.151406 0.000948866   -0.107047   0.0126815   -0.127825   -0.236297
 0.0912927   0.121087   0.142762  0.0566222  -0.114158 -0.0199115  -0.120767  -0.268786
 0.0778477   0.170127   0.132318   0.111682  -0.119969 -0.0542041  -0.112224  -0.299845
   0.06326   0.215989   0.120471   0.164751  -0.124357 -0.0893017  -0.102418  -0.329027
 0.0486977    0.25892    0.10839   0.215263  -0.128069   -0.12279 -0.0926015  -0.355915
0.0328972  0.297515 0.0947572  0.262794 -0.130042 -0.156915  -0.08122 -0.380365
 0.0169058   0.332187  0.0804656   0.307278  -0.130948  -0.189796 -0.0693063  -0.402132
0.000518534    0.361136    0.065244    0.346971   -0.130038   -0.221748  -0.0565259   -0.419821
-0.0153439   0.385959  0.0501328   0.382658  -0.128397  -0.251326 -0.0439109  -0.434699
-0.0311473   0.405002  0.0344673    0.41316  -0.125138  -0.279068 -0.0308016  -0.445352
-0.0461056   0.420391  0.0191307   0.439723  -0.121352  -0.304217 -0.0180623  -0.453417
 -0.0604871    0.430265  0.00376309    0.460769   -0.116219   -0.326849 -0.00529628   -0.457355
-0.0741271   0.435594  -0.011373   0.476957  -0.110073  -0.346631 0.00740045   -0.45754
 -0.086458   0.436393 -0.0257486    0.48778  -0.103225  -0.362588  0.0194011  -0.453911
-0.0974714   0.432956 -0.0393176   0.493465 -0.0956765  -0.374792  0.0308037   -0.44649
 -0.107179   0.425316 -0.0519397   0.494161 -0.0874909  -0.383315  0.0415537  -0.435456
-0.114797  0.413341 -0.062928  0.488939 -0.079065 -0.386783 0.0508968 -0.420612
 -0.121122   0.397705 -0.0731129   0.479082 -0.0699677  -0.386987  0.0597194  -0.402337
 -0.125601   0.378913  -0.081768   0.464556 -0.0607789  -0.383063  0.0672503  -0.381181
 -0.128543   0.357649 -0.0893023   0.446034 -0.0514158  -0.375622  0.0738546  -0.357278
 -0.129951   0.333944  -0.095475   0.423824 -0.0419791  -0.364665  0.0794238  -0.330828
 -0.130038   0.306643  -0.100546   0.397168 -0.0321018  -0.350594  0.0842394  -0.301474
 -0.128394   0.277659  -0.103901   0.367401 -0.0225892  -0.332742  0.0876221  -0.270111
  -0.12587   0.246588  -0.106446    0.33505 -0.0127747   -0.31279  0.0904495  -0.236889
  -0.121345    0.212996   -0.106833    0.299133 -0.00346682   -0.288178   0.0914379   -0.201315
 -0.116743    0.17863  -0.107116   0.262773 0.00612745  -0.263307  0.0925295  -0.164973
-0.110269  0.141879 -0.105514  0.223056 0.0153701 -0.234174 0.0919408 -0.126461
-0.103611  0.105134 -0.103747  0.183222 0.0246161 -0.204977 0.0912635 -0.087736
-0.0956622  0.0676598  -0.100693   0.141727  0.0333665  -0.173195  0.0893281 -0.0482053
