-6.47625e-12  3.49807e-39  5.68436e-38
0.0279498 0.0191174  -2.14148
0.0239934 0.0281264  -2.16325
0.0193945 0.0366886  -2.17349
0.0165296 0.0453218   -2.1736
0.00977259  0.0538213   -2.16371
0.00554402  0.0614464   -2.14364
-0.000188361    0.0693837     -2.11323
-0.00337594    0.076568    -2.07339
-0.00838974   0.0840013    -2.02399
-0.0125137  0.0906982   -1.96619
-0.0179605  0.0980553   -1.89886
-0.0190634   0.103178   -1.82258
-0.0214643   0.108279   -1.73806
-0.0201942   0.111048   -1.64556
-0.0187241   0.114053   -1.54524
-0.0152693     0.1161   -1.43719
-0.0112518   0.117785   -1.32246
-0.0061034   0.118719   -1.20057
-0.000744257     0.119359     -1.07245
0.00659514   0.118633  -0.937943
0.0141025  0.117768 -0.797638
0.0230335  0.116143 -0.651289
0.0308184  0.114763 -0.499875
0.0398011  0.112685  -0.34315
0.0485018  0.110171 -0.181745
 0.0579136    0.10698 -0.0155599
0.067216 0.103667 0.154475
0.076378 0.100019 0.328523
0.0855217 0.0959521  0.505909
0.0950282 0.0912052  0.686608
 0.104849 0.0859862  0.870235
 0.113647 0.0808425   1.05653
 0.122611 0.0751633   1.24547
 0.129307 0.0699771   1.43664
0.135959 0.063907  1.62977
 0.140381 0.0583959   1.82438
 0.145335 0.0517859   2.02023
 0.147923 0.0460685   2.21694
 0.151508 0.0389363   2.41446
 0.152439 0.0333509   2.61257
0.154733 0.026296  2.81141
 0.153592 0.0206775   3.01044
0.154479 0.013339  3.20974
  0.152109 0.00779911     3.4088
   0.151199 0.000368237     3.60734
   0.147359 -0.00472183     3.80501
  0.144725 -0.0118213    4.00181
   0.13956 -0.0161687    4.19764
  0.136304 -0.0226304    4.39241
  0.129579 -0.0265458    4.58621
 0.125701 -0.032139   4.77896
    0.1175 -0.0341473    4.97041
 0.112094 -0.037734   5.16052
  0.103217 -0.0377666    5.34949
 0.0977448 -0.0384941    5.53685
 0.0879675 -0.0353251    5.72247
 0.0815442 -0.0332305    5.90603
 0.0715337 -0.0281069    6.08752
 0.0667766 -0.0248902    6.26652
 0.0573624 -0.0191311    6.44323
 0.0544366 -0.0147746    6.61729
  0.0477682 -0.00824287     6.78953
  0.0439767 -0.00381162     6.95947
 0.0361261 0.00276675    7.12719
 0.0341296 0.00746018    7.29179
 0.029092 0.0139579   7.45383
0.0289646 0.0183734   7.61242
0.0249689 0.0253243   7.76827
0.0283176 0.0297927   7.92124
0.0272615 0.0364814   8.07075
0.0334827 0.0404557   8.21705
0.0360578 0.0472232   8.35994
0.0422622 0.0518347   8.49961
0.0460865 0.0574794   8.63593
0.0532047 0.0612106   8.76954
0.0586335 0.0664706   8.89973
0.0676927 0.0683695   9.02711
0.0711244 0.0715037   9.15079
0.0776596 0.0737447   9.27111
0.0800407 0.0762922   9.38729
0.0866173 0.0774818   9.50145
 0.104431 0.0816778   9.60828
  0.12095 0.0828058   9.71263
 0.128017 0.0830875   9.81383
 0.137038 0.0809272   9.91381
 0.144335 0.0805203    10.009
 0.156039 0.0775349   10.1028
 0.161432 0.0742424   10.1931
 0.172402 0.0699095   10.2816
 0.177103 0.0656982   10.3656
 0.186935 0.0603113   10.4491
 0.197408 0.0557236   10.5269
 0.204626 0.0475012   10.6078
 0.210782 0.0423561   10.6812
 0.212346 0.0345629   10.7579
 0.213357 0.0316654   10.8253
 0.219047 0.0229991   10.8949
 0.223307 0.0197232   10.9557
  0.236108 0.00951592    11.0194
   0.24701 0.00542171    11.0744
   0.263576 -0.00584157     11.1326
  0.276629 -0.0106441    11.1818
  0.296282 -0.0226062    11.2353
  0.313516 -0.0272292    11.2782
  0.334716 -0.0374761    11.3253
  0.352198 -0.0409438    11.3631
  0.375624 -0.0492912    11.4051
   0.39473 -0.0512087    11.4392
 0.408916 -0.055468   11.4802
  0.421918 -0.0524759    11.5099
  0.431972 -0.0461775    11.5491
  0.436406 -0.0350495    11.5769
   0.433103 -0.00868453     11.6179
 0.420226 0.0208194   11.6477
0.402001 0.066174  11.6903
0.375856 0.113755  11.7219
0.355894 0.169046   11.762
0.329533  0.22534  11.7912
0.303483 0.279382  11.8264
0.275528 0.336903  11.8532
0.244099 0.397208  11.8908
0.203737 0.458023  11.9218
0.174305 0.507241  11.9574
0.129059 0.560367  11.9898
0.104614 0.590043  12.0211
0.0702143  0.624464   12.0496
0.0546187  0.632387    12.074
0.0435671  0.648905   12.0932
0.0452834   0.64202   12.1097
0.060198 0.646991  12.1175
0.082392 0.632447  12.1233
0.102205 0.624899  12.1232
0.138082 0.601583   12.122
0.166249 0.584956   12.119
0.208901 0.551675  12.1131
0.250964 0.527712  12.1045
0.302491 0.487493  12.0943
0.356887 0.459678  12.0785
0.408427 0.435477  12.0632
0.455286 0.415728  12.0475
0.506297 0.389066  12.0296
0.552488 0.366776  12.0077
0.616146 0.330901  11.9818
0.668325 0.298655  11.9538
0.741315 0.250028  11.9223
0.800138 0.199413  11.8839
0.866539 0.146111  11.8514
 0.916833 0.0914754   11.8111
 0.961452 0.0408055   11.7788
    0.99182 -0.00982687     11.7365
   1.01634 -0.0527407    11.7015
   1.02554 -0.0947975    11.6555
  1.01717 -0.133626   11.6213
 0.998765 -0.162328   11.5731
 0.956471 -0.185842   11.5348
 0.909677 -0.195368    11.486
 0.842452 -0.180482   11.4436
 0.767695 -0.166046   11.3968
 0.689027 -0.135453   11.3532
 0.604761 -0.107149   11.3031
  0.525716 -0.0761006    11.2527
  0.442043 -0.0446707    11.1975
   0.369731 -0.00947511     11.1442
   0.2934 0.0206925   11.0848
 0.226563 0.0374831   11.0361
  0.15483 0.0505818   10.9811
0.0926298 0.0584411   10.9348
 0.023559 0.0640744   10.8821
-0.0228106  0.0650868    10.8349
-0.0818235  0.0714801    10.7849
-0.124138 0.0780094   10.7384
-0.178407  0.089692   10.6891
-0.204435  0.104002   10.6397
-0.234299  0.126111   10.5854
-0.242886  0.157847   10.5322
-0.250932  0.196095   10.4741
-0.244269  0.236896   10.4182
-0.231075  0.284264   10.3565
-0.216731  0.328692   10.2996
-0.19307 0.381509  10.2372
-0.156044  0.419231   10.1769
-0.116083  0.464821   10.1126
-0.067309  0.495181   10.0526
-0.0179012   0.533326    9.98759
0.0497644  0.551765   9.92757
0.111458 0.576784  9.86064
0.184444 0.581312  9.79505
0.254992 0.594829  9.72623
0.335921 0.588105  9.65869
0.414525  0.58989  9.58811
0.503526 0.571455  9.51717
0.584603 0.562483  9.44428
0.661776 0.535199   9.3706
0.725326 0.523016  9.29973
0.786763 0.501187  9.22358
0.844746 0.483647  9.15118
0.890356 0.455016  9.07461
0.934832 0.427905  9.00252
0.958508 0.389907  8.92777
 0.98194 0.353742  8.85659
0.991317 0.310534  8.77973
0.992497 0.270149  8.70426
0.983131 0.225207   8.6282
0.964768  0.19158  8.55681
0.932248 0.150247  8.48171
0.901534 0.113428  8.41049
 0.861145 0.0730274   8.33362
 0.812003 0.0472384   8.26022
  0.75287 0.0146304   8.18327
   0.687293 -0.00394396     8.10948
   0.61336 -0.0273474    8.03167
  0.533413 -0.0388092     7.9574
  0.448056 -0.0534058     7.8789
  0.361565 -0.0559764    7.80246
0.271273 -0.05969  7.72151
  0.183852 -0.0516946    7.64151
  0.096409 -0.0429838    7.55648
 0.0144184 -0.0309024    7.47222
 -0.065407 -0.0159729    7.38499
 -0.141073 0.00608901    7.30021
-0.212749 0.0294203   7.21003
-0.275075 0.0552215   7.12243
-0.331624 0.0819652   7.02869
-0.377037  0.106654   6.93933
-0.414944  0.129878   6.84486
-0.439216  0.151889    6.7546
-0.461719  0.174476   6.66015
-0.462864  0.190955    6.5662
-0.463107  0.208197   6.46918
-0.446311  0.222554   6.37398
-0.431626  0.236594   6.27749
-0.395294    0.2459   6.18167
-0.36535 0.255379  6.08496
-0.317793  0.262795   5.98778
-0.277865   0.26932   5.88831
-0.220357   0.27145   5.78705
-0.170893  0.274086   5.68452
-0.104011  0.274838   5.58224
-0.0468053   0.274272     5.4771
0.0209814  0.269589   5.37168
0.078789 0.265256  5.26318
0.152312 0.252769   5.1563
0.216354 0.245109    5.047
0.285084 0.234453  4.93581
0.344798 0.223892  4.82429
0.396063 0.212779  4.71489
0.441069 0.200639  4.60363
0.476882 0.189566  4.49404
0.505241 0.176951   4.3839
0.530487  0.16246  4.27535
 0.54682 0.148451  4.16593
 0.56143 0.131159  4.05682
0.56773 0.11139 3.94602
 0.569264 0.0897122   3.83807
 0.564639 0.0677475    3.7259
0.555529 0.047327   3.6184
 0.539908 0.0255956    3.5091
  0.523053 0.00364843    3.40328
  0.500995 -0.0188403    3.29437
 0.477189 -0.041841   3.19072
  0.447547 -0.0620277      3.083
  0.417045 -0.0818261    2.98013
 0.382206 -0.102476   2.87538
 0.343121 -0.122029   2.77453
 0.301383 -0.139885   2.67024
 0.255794 -0.157146   2.56738
 0.209098 -0.173309   2.46412
 0.162743 -0.188875   2.36111
 0.115459 -0.204805   2.25929
0.0685113 -0.218737   2.15876
0.0257243 -0.232261   2.05947
-0.0181962  -0.243667    1.96237
-0.0577741  -0.254543    1.86595
-0.0974067   -0.26338    1.77083
-0.132754 -0.270232   1.67641
-0.166829 -0.274621   1.58306
-0.196013 -0.277146   1.49053
 -0.22437 -0.276946   1.39813
-0.245793 -0.274573   1.30575
-0.267129  -0.26979   1.21391
-0.284646 -0.262256   1.12248
-0.299367 -0.252796   1.03084
-0.310202  -0.24087  0.939513
-0.316415  -0.22692  0.847652
-0.317224 -0.209919   0.75512
-0.312665 -0.192469  0.662795
-0.302621 -0.170024  0.569512
-0.291813 -0.147425   0.47701
-0.275643 -0.119377    0.3831
-0.257206 -0.091672  0.290997
 -0.234288 -0.0586269   0.197767
 -0.209453 -0.0258202   0.105328
 -0.180568 0.00987355  0.0115059
 -0.150853  0.0460254 -0.0831728
-0.119884 0.0823179 -0.177821
-0.0869756   0.117932   -0.27227
-0.0546452   0.149434  -0.366024
-0.0254041   0.179385  -0.459273
0.00173183   0.203215  -0.550304
0.0271193  0.226719 -0.642211
 0.051021  0.244437 -0.733683
0.0722953  0.260785 -0.824612
0.0919793  0.269563 -0.915464
0.109276  0.27697 -1.00592
0.125275 0.277703 -1.09663
0.139478 0.277797 -1.18712
0.154077 0.272076 -1.27726
0.165197 0.262839 -1.36464
 0.17499 0.246907 -1.45195
0.178585 0.225046 -1.53403
0.182562 0.198924  -1.6179
0.184136 0.168789 -1.69915
 0.18527 0.135085 -1.78064
 0.184369 0.0987011  -1.86058
0.180719 0.060646 -1.93929
 0.176249 0.0222302  -2.01778
   0.16763 -0.0187343   -2.09435
  0.158998 -0.0606676   -2.17143
 0.146424 -0.104225  -2.24601
 0.134029 -0.147309  -2.32135
  0.11768 -0.189333  -2.39491
 0.100828 -0.230425  -2.46993
 0.080482 -0.270528  -2.54273
0.0610981 -0.308136  -2.61587
0.0407388 -0.345282  -2.68754
 0.022089 -0.377223  -2.75923
-0.00141741   -0.405268    -2.82674
-0.0272723  -0.428509   -2.89271
-0.0525439   -0.45246   -2.95963
-0.0788365   -0.47128   -3.02703
-0.102451 -0.489133  -3.09631
-0.127151 -0.501933  -3.16545
-0.149748 -0.511551  -3.23701
-0.172517 -0.517259  -3.30822
-0.192067  -0.52428  -3.37887
-0.218698 -0.519882  -3.44469
-0.241463 -0.517238  -3.51241
-0.266899 -0.505166  -3.57741
-0.288721 -0.493512  -3.64487
-0.311746 -0.475615  -3.71094
-0.331127 -0.462257   -3.7787
-0.355025 -0.440047  -3.84297
-0.374199 -0.422498  -3.90863
 -0.39702 -0.395572  -3.96966
 -0.41391 -0.373079  -4.03178
-0.432422 -0.345128  -4.09131
-0.444766 -0.320677  -4.15299
-0.459103 -0.292076  -4.21147
-0.467609 -0.268343  -4.27113
-0.477698 -0.240022  -4.32786
-0.482132 -0.214638  -4.38612
-0.487242 -0.184777   -4.4436
-0.487783 -0.154763  -4.50701
-0.487516 -0.122009  -4.56989
 -0.484813 -0.0903203   -4.63704
 -0.479779 -0.0569701   -4.70437
 -0.472506 -0.0245962   -4.77544
 -0.461459 0.00599798   -4.84549
-0.450682 0.0357902  -4.91748
-0.436717 0.0641544  -4.99029
-0.421006 0.0886047  -5.06479
-0.400127  0.110753  -5.14091
-0.377809  0.130279    -5.217
-0.355111  0.153736  -5.29338
-0.331629  0.172726  -5.37053
-0.305901  0.194022  -5.44702
-0.279681  0.210602  -5.52339
-0.248266  0.225578  -5.59975
-0.217947  0.233392  -5.67527
-0.177872  0.236771  -5.74804
-0.140094  0.231685  -5.81953
-0.0865846   0.214116   -5.88368
-0.0360773   0.188692    -5.9449
0.0396006  0.146269  -5.99608
0.112183 0.098188 -6.04564
 0.202992 0.0414062  -6.08536
 0.289023 -0.020887  -6.12467
  0.379895 -0.0878584   -6.16154
 0.465413 -0.160093  -6.19884
 0.546913 -0.227891  -6.23512
 0.621319 -0.301804  -6.27036
 0.687298 -0.362739  -6.30745
 0.745195 -0.431054  -6.34412
 0.795293 -0.487825  -6.38392
 0.838667 -0.550688   -6.4231
  0.87102 -0.599423  -6.46312
 0.898128 -0.655895  -6.50214
 0.911802 -0.698864  -6.54617
  0.92015 -0.749622  -6.59073
 0.920928 -0.790654  -6.63587
 0.918435 -0.835803   -6.6849
 0.898603 -0.862284  -6.73659
 0.875062 -0.891416  -6.79231
 0.834846 -0.901274  -6.85056
0.792746 -0.91665 -6.91272
0.732765 -0.90885  -6.9755
 0.679218 -0.880566  -7.02837
  0.60305 -0.836967   -7.0799
 0.534802 -0.764839  -7.11808
0.447154 -0.68461 -7.15974
 0.376599 -0.577853  -7.19149
 0.290126 -0.465602  -7.22662
  0.22196 -0.329441  -7.24947
 0.143542 -0.193457  -7.27534
 0.0821324 -0.0431999   -7.29178
0.012409 0.102634 -7.31291
-0.0431273   0.255033   -7.32498
-0.0989442   0.398453   -7.33953
-0.14281 0.554312 -7.33924
-0.185426  0.698195  -7.34366
-0.221823  0.852875  -7.33696
-0.257417  0.996563  -7.33985
-0.289892   1.13632  -7.33748
-0.321842   1.26701  -7.34859
-0.354541   1.38482  -7.35532
-0.366495    1.4813  -7.36917
-0.380166   1.56264   -7.3793
-0.367997   1.62816  -7.39634
-0.359787   1.66859  -7.41084
 -0.3199  1.69003 -7.43129
-0.285292   1.68469   -7.4502
-0.216254   1.66422  -7.47251
-0.154266   1.61951  -7.49141
-0.0593568    1.56228   -7.51306
0.0255106   1.48201  -7.53198
 0.11785  1.38971 -7.55686
0.193191  1.28713 -7.58664
0.27625 1.17457 -7.6212
0.342779  1.05587 -7.65859
0.413739 0.930417 -7.70052
0.471008 0.800536 -7.74425
0.530089 0.667459 -7.79108
0.576546 0.534105 -7.83845
0.622634 0.401671 -7.88646
0.668117 0.278319 -7.93051
0.708775 0.155825 -7.97722
 0.747184 0.0444534  -8.02017
  0.776953 -0.0577305    -8.0626
 0.800538 -0.153456  -8.10209
 0.815374 -0.237018  -8.14318
 0.814164 -0.315509   -8.1823
 0.801708 -0.378887   -8.2227
 0.775543 -0.435389  -8.26056
 0.737584 -0.479279  -8.30169
 0.687495 -0.511867  -8.33697
 0.627783 -0.534902    -8.377
 0.558131 -0.552817  -8.41552
0.475678 -0.55716 -8.45715
0.385697  -0.5603 -8.49941
 0.291804 -0.551812  -8.54331
 0.192381 -0.543221  -8.58774
0.0906059 -0.520164  -8.63147
-0.016741 -0.497752  -8.67725
-0.122369 -0.467004  -8.72444
-0.227991 -0.423872   -8.7692
-0.333525 -0.371566  -8.81059
-0.436678 -0.314123  -8.85332
-0.528996 -0.259255  -8.89268
-0.615394 -0.193945  -8.93325
-0.693825 -0.134421  -8.97034
 -0.762292 -0.0641493   -9.00986
 -0.819974 0.00346789   -9.04319
-0.871267 0.0786087  -9.08071
-0.910006  0.152702  -9.10852
-0.940234  0.233513  -9.14045
-0.956126  0.314107  -9.15968
-0.965733  0.402388  -9.18481
-0.95687 0.490505 -9.19318
-0.939926  0.587202  -9.20783
-0.905279  0.677715  -9.20784
-0.862186  0.771877  -9.21577
-0.803154  0.849849  -9.21574
-0.735535  0.928902  -9.22349
-0.658329  0.992238  -9.22475
-0.571025   1.06099  -9.22637
-0.483081   1.11325  -9.22813
-0.392851   1.16726  -9.23433
-0.306197    1.2066  -9.23905
-0.216469   1.24263  -9.24731
-0.13132  1.26596 -9.25455
-0.0559186    1.27595   -9.26704
0.014084    1.277 -9.28155
0.0804858   1.27319  -9.29802
0.152626  1.25171 -9.31386
0.217023  1.22072 -9.33235
0.292256   1.1757 -9.35265
0.355428  1.11191 -9.36648
0.435096   1.0377 -9.38796
0.493774 0.934483 -9.41365
0.565645 0.826133 -9.44454
0.617818 0.696295 -9.48041
0.671761 0.564466 -9.51557
0.714518 0.419533 -9.55461
0.748626 0.274762 -9.59283
0.780371 0.126714 -9.63123
  0.793159 -0.0163191   -9.66963
 0.809125 -0.143723  -9.70238
 0.803608 -0.262373  -9.73014
 0.800153 -0.350091  -9.74075
 0.768835 -0.430177  -9.75117
 0.737772 -0.491462  -9.75387
 0.684603 -0.540689  -9.75176
 0.631208 -0.572303  -9.74401
  0.57942 -0.592935  -9.72494
 0.526814 -0.596154  -9.70223
 0.482575 -0.579505  -9.66292
 0.434677 -0.545726  -9.61724
 0.395721 -0.496644  -9.56008
 0.352429 -0.438921  -9.50064
 0.310923 -0.371215  -9.43627
  0.26558 -0.294338  -9.36974
0.230009 -0.21215 -9.30025
 0.187515 -0.126641  -9.22909
  0.145865 -0.0388659   -9.15844
 0.101914 0.0548563   -9.0859
0.0604234  0.150756  -9.01464
0.0109568  0.241864  -8.94182
-0.0218152   0.335558   -8.86919
-0.0627335   0.409131   -8.80237
-0.0850154   0.490083   -8.73335
-0.111904   0.55405  -8.66658
-0.133634  0.618374  -8.60093
-0.155088  0.676389  -8.53198
-0.188625  0.728798  -8.46796
-0.219763  0.764441  -8.40328
-0.257463  0.801897  -8.34511
-0.289473  0.821623  -8.28176
-0.313944  0.846295  -8.22387
-0.328427  0.856185  -8.16102
-0.322562  0.880277  -8.10434
-0.309901  0.885708  -8.04222
-0.284061  0.903466  -7.98779
-0.250349  0.900354  -7.92577
-0.203264  0.903524  -7.87023
-0.150708  0.891905  -7.80806
-0.0962324   0.888973   -7.75404
-0.0360222   0.869377   -7.69014
0.0234444  0.849914   -7.6304
0.0818323  0.811386   -7.5689
0.138164 0.774699 -7.50986
0.192966 0.724975 -7.44722
0.243314  0.67506 -7.38727
0.290894 0.615825 -7.32819
0.335809 0.553441  -7.2655
0.377953 0.480416 -7.20351
0.411085 0.412004 -7.14206
0.438337 0.328566 -7.08038
0.455196 0.247709 -7.02101
0.471889 0.162567 -6.95929
 0.481874 0.0846064  -6.89566
  0.498156 0.00546138   -6.83614
  0.512059 -0.0698126    -6.7669
 0.516714 -0.145369  -6.70273
 0.517819 -0.215199  -6.63058
 0.507401 -0.280482  -6.55721
0.491675 -0.33704 -6.47962
 0.472402 -0.386501  -6.40106
  0.44092 -0.429617  -6.31938
 0.408108 -0.471289  -6.24072
 0.369154 -0.500827  -6.15495
 0.331423 -0.527351  -6.07199
 0.292985 -0.539705  -5.97899
 0.254853 -0.545068   -5.8892
0.214876 -0.53792 -5.79125
 0.179682 -0.522533  -5.69719
 0.145771 -0.493463  -5.59323
 0.104215 -0.470597  -5.49642
0.0631713 -0.435456  -5.39291
0.0250697 -0.395057  -5.29069
-0.0181488  -0.354197   -5.19085
-0.0615414  -0.312562   -5.09298
-0.099702 -0.265169  -4.98878
-0.137345 -0.215121  -4.88468
-0.165761 -0.157448  -4.77643
 -0.193089 -0.0986455   -4.66525
 -0.211342 -0.0389359   -4.54969
-0.231494 0.0210874  -4.43305
-0.241044 0.0823635  -4.31328
 -0.2524 0.142079 -4.19328
-0.254313  0.201665  -4.06933
-0.255732  0.258676  -3.94481
-0.248206  0.314857  -3.81651
-0.240086  0.367962  -3.68724
-0.223119  0.419042  -3.55491
-0.205205  0.466508  -3.42256
-0.18307 0.509924 -3.28724
-0.160136  0.546419  -3.15207
-0.141248  0.580276  -3.01528
-0.121513  0.605518   -2.8771
-0.100237  0.625561  -2.73812
-0.0785657   0.636884   -2.59757
-0.0585745   0.645554   -2.45535
-0.038088  0.645783   -2.3117
-0.0160326   0.640517   -2.16886
0.00663934   0.626881   -2.02335
0.0296821  0.608474  -1.87803
0.0544508  0.583857  -1.73058
0.0783438   0.55644  -1.58403
0.100258 0.519997 -1.43458
0.127337 0.481951 -1.28682
0.151667 0.435272 -1.13914
 0.176878  0.385289 -0.997293
 0.200035   0.33054 -0.859866
  0.22357    0.2743 -0.728434
 0.244331  0.213624 -0.601398
 0.263666  0.152533 -0.479483
 0.281336 0.0891546 -0.361699
 0.297055 0.0258637 -0.248688
  0.310219 -0.0385818  -0.140132
  0.319541  -0.101346 -0.0362863
 0.326584 -0.163038 0.0635444
 0.32838 -0.22299 0.158515
 0.329069 -0.279208  0.249889
 0.323467 -0.334221  0.336242
 0.315748 -0.385323  0.418939
 0.302124 -0.433205  0.497026
0.285813 -0.47619 0.570621
 0.266689 -0.514636  0.639563
 0.244969 -0.546996  0.704071
 0.222033 -0.573693  0.765205
 0.197709 -0.593659  0.821896
 0.175203 -0.606301  0.875774
 0.150095 -0.612243  0.925359
 0.125194 -0.611755  0.971428
0.0982531 -0.604757   1.01415
0.0726543 -0.591042   1.05414
0.0459441 -0.570596   1.09068
0.0218265 -0.544689   1.12396
-0.00363036   -0.513418     1.15372
-0.0261086  -0.478169    1.18014
-0.0494679  -0.439046    1.20272
-0.071699 -0.398659   1.22192
-0.0944269  -0.355017    1.23799
-0.115863 -0.311238   1.25098
-0.137466 -0.264558   1.26038
-0.156123 -0.216883   1.26758
-0.175473 -0.167774   1.27089
-0.190901 -0.117962   1.27209
-0.205558 -0.067747   1.27071
 -0.216427 -0.0175302    1.26754
 -0.22573 0.0314988   1.26257
-0.231369 0.0797577   1.25559
-0.233853    0.1259   1.24746
-0.232172  0.170685   1.23756
-0.227385  0.212482   1.22683
-0.217244  0.251896   1.21437
-0.20548 0.287182  1.20023
-0.189882  0.319236   1.18498
-0.174165  0.347025   1.16746
-0.156781  0.369873   1.14897
-0.13994 0.388592  1.12807
-0.119441  0.401155   1.10598
-0.101051  0.409461   1.08137
-0.081882  0.409707   1.05555
-0.0594944   0.403741     1.0268
-0.0372636   0.390923   0.996187
-0.0121688   0.375362   0.965498
0.0141214  0.355748  0.934455
0.0419858  0.336999   0.90468
0.0729931  0.313757  0.873179
0.101042 0.286678 0.840506
0.128963 0.255526 0.806904
0.154262  0.22197 0.771842
0.178633 0.185679 0.736713
0.198224 0.146356 0.700191
0.216069  0.10405  0.66338
 0.230851 0.0596437  0.624974
 0.243342 0.0144714   0.58712
 0.253106 -0.031509  0.549125
  0.260266 -0.0769632   0.512132
 0.264129 -0.122685  0.474484
 0.264755 -0.167346  0.437816
 0.264083 -0.209763  0.401704
 0.259466 -0.250478   0.36678
 0.252588 -0.288725  0.332514
 0.242236 -0.323406  0.299536
 0.230538 -0.354817  0.268161
 0.215976 -0.382132  0.238125
  0.20055 -0.406213  0.209552
 0.183106 -0.425848  0.182558
0.164059 -0.44146 0.155756
 0.144392 -0.452393  0.129972
    0.124 -0.458822  0.104499
 0.103027 -0.460816 0.0797065
0.0826924 -0.457374 0.0567825
0.0617881  -0.44986 0.0343207
0.0416459 -0.438027 0.0134329
  0.0220083   -0.422501 -0.00699789
0.00304132  -0.403369 -0.0268048
-0.0159685  -0.380302 -0.0445085
-0.0332886  -0.353888 -0.0614348
-0.0505269   -0.32497 -0.0776184
-0.0655082  -0.291991 -0.0924289
-0.0808875  -0.258369  -0.107354
-0.0943065  -0.220988  -0.120974
-0.107534 -0.183395  -0.13401
-0.118979 -0.143821  -0.14602
