-8.49962e-14  4.59121e-41  4.59121e-41
4.61798e-09 4.61806e-09 4.03002e-09
 3.6852e-08 3.68521e-08 3.21595e-08
1.24064e-07 1.24064e-07 1.08267e-07
2.93341e-07 2.93341e-07 2.55989e-07
5.71494e-07 5.71494e-07 4.98723e-07
 9.8506e-07  9.8506e-07 8.59627e-07
 1.5603e-06  1.5603e-06 1.36162e-06
2.32322e-06 2.32322e-06 2.02739e-06
3.29952e-06 3.29952e-06 2.87937e-06
4.51466e-06 4.51466e-06 3.93978e-06
5.99382e-06 5.99382e-06  5.2306e-06
7.76192e-06 7.76192e-06 6.77355e-06
9.84359e-06 9.84359e-06 8.59016e-06
1.22632e-05 1.22632e-05 1.07017e-05
1.50449e-05 1.50449e-05 1.31292e-05
1.82125e-05 1.82125e-05 1.58934e-05
2.17896e-05 2.17896e-05 1.90151e-05
2.57996e-05 2.57996e-05 2.25144e-05
3.02654e-05 3.02654e-05 2.64115e-05
3.52099e-05 3.52099e-05 3.07264e-05
4.06556e-05 4.06556e-05 3.54787e-05
4.66248e-05 4.66248e-05 4.06878e-05
5.31395e-05 5.31395e-05 4.63729e-05
6.02214e-05 6.02214e-05 5.25531e-05
6.78922e-05 6.78922e-05 5.92471e-05
 7.6173e-05  7.6173e-05 6.64735e-05
8.50848e-05 8.50848e-05 7.42505e-05
9.46484e-05 9.46484e-05 8.25963e-05
0.000104884 0.000104884 9.15287e-05
0.000115812 0.000115812 0.000101065
0.000127453 0.000127453 0.000111224
0.000139826 0.000139826 0.000122021
0.000152951 0.000152951 0.000133475
0.000166847 0.000166847 0.000145601
0.000181532 0.000181532 0.000158417
0.000197027 0.000197027 0.000171938
0.000213348 0.000213348 0.000186181
0.000230515 0.000230515 0.000201162
0.000248545 0.000248545 0.000216897
0.000267457 0.000267457   0.0002334
0.000287267 0.000287267 0.000250688
0.000307993 0.000307993 0.000268775
0.000329653 0.000329653 0.000287676
0.000352262 0.000352262 0.000307407
0.000375838 0.000375838  0.00032798
0.000400396 0.000400396 0.000349412
0.000425954 0.000425954 0.000371715
0.000452526 0.000452526 0.000394904
0.000480129 0.000480129 0.000418991
0.000508777 0.000508777 0.000443992
0.000538486 0.000538486 0.000469918
0.000569271 0.000569271 0.000496783
0.000601147 0.000601147   0.0005246
0.000634128 0.000634128 0.000553381
0.000668228 0.000668228 0.000583139
0.000703461 0.000703461 0.000613886
0.000739842 0.000739842 0.000645634
0.000777383 0.000777383 0.000678394
0.000816098 0.000816098  0.00071218
   0.000856    0.000856 0.000747001
0.000897102 0.000897102 0.000782869
0.000939417 0.000939417 0.000819796
0.000982957 0.000982957 0.000857792
 0.00102773  0.00102773 0.000896867
 0.00107376  0.00107376 0.000937033
 0.00112105  0.00112105 0.000978299
0.00116961 0.00116961 0.00102068
0.00121945 0.00121945 0.00106417
0.00127059 0.00127059  0.0011088
0.00132304 0.00132304 0.00115457
 0.0013768  0.0013768 0.00120148
0.00143189 0.00143189 0.00124956
0.00148832 0.00148832  0.0012988
0.00154609 0.00154609 0.00134922
0.00160522 0.00160522 0.00140082
0.00166572 0.00166572 0.00145362
 0.0017276  0.0017276 0.00150762
0.00179086 0.00179086 0.00156282
0.00185552 0.00185552 0.00161925
0.00192158 0.00192158  0.0016769
0.00198905 0.00198905 0.00173578
0.00205795 0.00205795  0.0017959
0.00212827 0.00212827 0.00185727
0.00220003 0.00220003 0.00191989
0.00227323 0.00227323 0.00198377
0.00234789 0.00234789 0.00204892
0.00242401 0.00242401 0.00211535
0.00250159 0.00250159 0.00218305
0.00258065 0.00258065 0.00225204
0.00266119 0.00266119 0.00232232
0.00274321 0.00274321 0.00239391
0.00282673 0.00282673 0.00246679
0.00291175 0.00291175 0.00254098
0.00299828 0.00299828 0.00261649
0.00308632 0.00308632 0.00269332
0.00317587 0.00317587 0.00277147
0.00326695 0.00326695 0.00285096
0.00335956 0.00335956 0.00293177
 0.0034537  0.0034537 0.00301392
0.00354938 0.00354938 0.00309742
0.00364661 0.00364661 0.00318226
0.00374538 0.00374538 0.00326846
 0.0038457  0.0038457 0.00335601
0.00394758 0.00394758 0.00344491
0.00405102 0.00405102 0.00353518
0.00415602 0.00415602 0.00362681
0.00426259 0.00426259 0.00371981
0.00437073 0.00437073 0.00381419
0.00448045 0.00448045 0.00390993
0.00459174 0.00459174 0.00400705
0.00470462 0.00470462 0.00410555
0.00481908 0.00481908 0.00420544
0.00493512 0.00493512  0.0043067
0.00505275 0.00505275 0.00440936
0.00517197 0.00517197  0.0045134
0.00529279 0.00529279 0.00461883
0.00541519 0.00541519 0.00472565
 0.0055392  0.0055392 0.00483386
 0.0056648  0.0056648 0.00494347
  0.005792   0.005792 0.00505447
 0.0059208  0.0059208 0.00516687
 0.0060512  0.0060512 0.00528067
 0.0061832  0.0061832 0.00539586
0.00631681 0.00631681 0.00551246
0.00645202 0.00645202 0.00563045
0.00658883 0.00658883 0.00574984
0.00672725 0.00672725 0.00587063
0.00686727 0.00686727 0.00599282
0.00700889 0.00700889 0.00611641
0.00715212 0.00715212  0.0062414
0.00729695 0.00729695 0.00636779
0.00744338 0.00744338 0.00649557
0.00759141 0.00759141 0.00662476
0.00774105 0.00774105 0.00675534
0.00789228 0.00789228 0.00688731
0.00804511 0.00804511 0.00702068
0.00819954 0.00819954 0.00715545
0.00835557 0.00835557 0.00729161
0.00851318 0.00851318 0.00742915
 0.0086724  0.0086724 0.00756809
 0.0088332  0.0088332 0.00770842
0.00899558 0.00899558 0.00785013
0.00915956 0.00915956 0.00799322
0.00932512 0.00932512  0.0081377
0.00949226 0.00949226 0.00828356
0.00966097 0.00966097 0.00843079
0.00983127 0.00983127  0.0085794
 0.0100031  0.0100031 0.00872938
 0.0101766  0.0101766 0.00888073
 0.0103516  0.0103516 0.00903344
 0.0105281  0.0105281 0.00918752
 0.0107062  0.0107062 0.00934296
 0.0108859  0.0108859 0.00949976
 0.0110671  0.0110671 0.00965791
 0.0112499  0.0112499 0.00981741
 0.0114342  0.0114342 0.00997826
0.0116201 0.0116201 0.0101405
0.0118075 0.0118075  0.010304
0.0119964 0.0119964 0.0104688
0.0121869 0.0121869  0.010635
0.0123788 0.0123788 0.0108026
0.0125723 0.0125723 0.0109714
0.0127673 0.0127673 0.0111416
0.0129638 0.0129638 0.0113131
0.0131618 0.0131618 0.0114859
0.0133613 0.0133613   0.01166
0.0135623 0.0135623 0.0118353
0.0137648 0.0137648  0.012012
0.0139687 0.0139687   0.01219
0.0141742 0.0141742 0.0123693
 0.014381  0.014381 0.0125498
0.0145894 0.0145894 0.0127317
0.0147992 0.0147992 0.0129147
0.0150105 0.0150105 0.0130991
0.0152231 0.0152231 0.0132847
0.0154373 0.0154373 0.0134716
0.0156528 0.0156528 0.0136597
0.0158698 0.0158698  0.013849
0.0160882 0.0160882 0.0140396
 0.016308  0.016308 0.0142314
0.0165292 0.0165292 0.0144244
0.0167518 0.0167518 0.0146187
0.0169758 0.0169758 0.0148142
0.0172011 0.0172011 0.0150108
0.0174278 0.0174278 0.0152087
0.0176559 0.0176559 0.0154077
0.0178854 0.0178854 0.0156079
0.0181162 0.0181162 0.0158093
0.0183483 0.0183483 0.0160119
0.0185818 0.0185818 0.0162156
0.0188165 0.0188165 0.0164205
0.0190526 0.0190526 0.0166266
  0.01929   0.01929 0.0168337
0.0195287 0.0195287  0.017042
0.0197687 0.0197687 0.0172515
 0.02001  0.02001 0.017462
0.0202525 0.0202525 0.0176736
0.0204963 0.0204963 0.0178864
0.0207414 0.0207414 0.0181003
0.0209877 0.0209877 0.0183152
0.0212352 0.0212352 0.0185312
0.0214839 0.0214839 0.0187483
0.0217339 0.0217339 0.0189664
0.0219851 0.0219851 0.0191856
0.0222375 0.0222375 0.0194058
 0.022491  0.022491 0.0196271
0.0227458 0.0227458 0.0198494
0.0230017 0.0230017 0.0200727
0.0232587 0.0232587 0.0202971
0.0235169 0.0235169 0.0205224
0.0237763 0.0237763 0.0207487
0.0240368 0.0240368  0.020976
0.0242984 0.0242984 0.0212043
0.0245611 0.0245611 0.0214336
0.0248248 0.0248248 0.0216638
0.0250897 0.0250897 0.0218949
0.0253557 0.0253557  0.022127
0.0256227 0.0256227   0.02236
0.0258908 0.0258908  0.022594
0.0261599 0.0261599 0.0228288
0.0264301 0.0264301 0.0230646
0.0267012 0.0267012 0.0233012
0.0269734 0.0269734 0.0235387
0.0272466 0.0272466 0.0237771
0.0275208 0.0275208 0.0240164
0.0277959 0.0277959 0.0242565
 0.028072  0.028072 0.0244974
0.0283491 0.0283491 0.0247392
0.0286271 0.0286271 0.0249818
 0.028906  0.028906 0.0252253
0.0291859 0.0291859 0.0254695
0.0294666 0.0294666 0.0257145
0.0297483 0.0297483 0.0259603
0.0300308 0.0300308 0.0262068
0.0303143 0.0303143 0.0264542
0.0305985 0.0305985 0.0267023
0.0308837 0.0308837 0.0269511
0.0311696 0.0311696 0.0272006
0.0314564 0.0314564 0.0274509
 0.031744  0.031744 0.0277019
0.0320324 0.0320324 0.0279535
0.0323216 0.0323216 0.0282059
0.0326115 0.0326115 0.0284589
0.0329023 0.0329023 0.0287126
0.0331937 0.0331937  0.028967
0.033486 0.033486 0.029222
0.0337789 0.0337789 0.0294776
0.0340725 0.0340725 0.0297339
0.0343669 0.0343669 0.0299908
0.0346619 0.0346619 0.0302482
0.0349577 0.0349577 0.0305063
 0.035254  0.035254 0.0307649
0.0355511 0.0355511 0.0310242
0.0358487 0.0358487 0.0312839
 0.036147  0.036147 0.0315442
0.0364459 0.0364459 0.0318051
0.0367454 0.0367454 0.0320664
0.0370455 0.0370455 0.0323283
0.0373461 0.0373461 0.0325907
0.0376474 0.0376474 0.0328535
0.0379491 0.0379491 0.0331169
0.0382514 0.0382514 0.0333806
0.0385542 0.0385542 0.0336449
0.0388575 0.0388575 0.0339096
0.0391613 0.0391613 0.0341747
0.0394656 0.0394656 0.0344403
0.0397704 0.0397704 0.0347062
0.0400756 0.0400756 0.0349726
0.0403812 0.0403812 0.0352393
0.0406873 0.0406873 0.0355064
0.0409938 0.0409938 0.0357738
0.0413007 0.0413007 0.0360416
 0.041608  0.041608 0.0363098
0.0419156 0.0419156 0.0365783
0.0422236 0.0422236  0.036847
0.0425319 0.0425319 0.0371161
0.0428406 0.0428406 0.0373855
0.0431496 0.0431496 0.0376551
0.0434589 0.0434589  0.037925
0.0437685 0.0437685 0.0381952
0.0440784 0.0440784 0.0384656
0.0443885 0.0443885 0.0387363
0.0446989 0.0446989 0.0390071
0.0450095 0.0450095 0.0392782
0.0453203 0.0453203 0.0395494
0.0456313 0.0456313 0.0398209
0.0459426 0.0459426 0.0400925
 0.046254  0.046254 0.0403642
0.0465656 0.0465656 0.0406361
0.0468773 0.0468773 0.0409082
0.0471892 0.0471892 0.0411803
0.0475012 0.0475012 0.0414526
0.0478133 0.0478133  0.041725
0.0481255 0.0481255 0.0419974
0.0484378 0.0484378 0.0422699
0.0487501 0.0487501 0.0425425
0.0490626 0.0490626 0.0428152
 0.049375  0.049375 0.0430878
0.0496875 0.0496875 0.0433605
     0.05      0.05 0.0436332
0.0503125 0.0503125 0.0439059
 0.050625  0.050625 0.0441786
0.0509374 0.0509374 0.0444513
0.0512499 0.0512499 0.0447239
0.0515622 0.0515622 0.0449965
0.0518745 0.0518745  0.045269
0.0521867 0.0521867 0.0455415
0.0524988 0.0524988 0.0458139
0.0528108 0.0528108 0.0460861
0.0531227 0.0531227 0.0463583
0.0534344 0.0534344 0.0466303
 0.053746  0.053746 0.0469022
0.0540574 0.0540574  0.047174
0.0543687 0.0543687 0.0474456
0.0546797 0.0546797  0.047717
0.0549905 0.0549905 0.0479883
0.0553011 0.0553011 0.0482593
0.0556115 0.0556115 0.0485302
0.0559216 0.0559216 0.0488008
0.0562315 0.0562315 0.0490712
0.0565411 0.0565411 0.0493414
0.0568504 0.0568504 0.0496113
0.0571594 0.0571594  0.049881
0.0574681 0.0574681 0.0501503
0.0577764 0.0577764 0.0504194
0.0580844 0.0580844 0.0506882
 0.058392  0.058392 0.0509567
0.0586993 0.0586993 0.0512248
0.0590062 0.0590062 0.0514926
0.0593127 0.0593127 0.0517601
0.0596188 0.0596188 0.0520272
0.0599244 0.0599244 0.0522939
0.0602296 0.0602296 0.0525603
0.0605344 0.0605344 0.0528262
0.0608387 0.0608387 0.0530917
0.0611425 0.0611425 0.0533569
0.0614458 0.0614458 0.0536216
0.0617486 0.0617486 0.0538858
0.0620509 0.0620509 0.0541496
0.0623526 0.0623526 0.0544129
0.0626539 0.0626539 0.0546758
0.0629545 0.0629545 0.0549382
0.0632546 0.0632546    0.0552
0.0635541 0.0635541 0.0554614
 0.063853  0.063853 0.0557222
0.0641513 0.0641513 0.0559825
0.0644489 0.0644489 0.0562423
 0.064746  0.064746 0.0565015
0.0650423 0.0650423 0.0567602
0.0653381 0.0653381 0.0570182
0.0656331 0.0656331 0.0572757
0.0659275 0.0659275 0.0575326
0.0662211 0.0662211 0.0577888
 0.066514  0.066514 0.0580445
0.0668063 0.0668063 0.0582995
0.0670977 0.0670977 0.0585538
0.0673885 0.0673885 0.0588075
0.0676784 0.0676784 0.0590606
0.0679676 0.0679676 0.0593129
 0.068256  0.068256 0.0595646
0.0685436 0.0685436 0.0598156
0.0688304 0.0688304 0.0600658
0.0691163 0.0691163 0.0603154
0.0694015 0.0694015 0.0605642
0.0696857 0.0696857 0.0608123
0.0699692 0.0699692 0.0610596
0.0702517 0.0702517 0.0613062
0.0705334 0.0705334  0.061552
0.0708141 0.0708141  0.061797
 0.071094  0.071094 0.0620412
0.0713729 0.0713729 0.0622846
0.0716509 0.0716509 0.0625272
0.071928 0.071928 0.062769
0.0722041 0.0722041   0.06301
0.0724792 0.0724792 0.0632501
0.0727534 0.0727534 0.0634893
0.0730266 0.0730266 0.0637277
0.0732988 0.0732988 0.0639653
0.0735699 0.0735699 0.0642019
0.0738401 0.0738401 0.0644376
0.0741092 0.0741092 0.0646725
0.0743773 0.0743773 0.0649064
0.0746443 0.0746443 0.0651395
0.0749103 0.0749103 0.0653715
0.0751752 0.0751752 0.0656027
0.0754389 0.0754389 0.0658329
0.0757016 0.0757016 0.0660621
0.0759632 0.0759632 0.0662904
0.0762237 0.0762237 0.0665177
0.0764831 0.0764831 0.0667441
0.0767413 0.0767413 0.0669694
0.0769983 0.0769983 0.0671937
0.0772542 0.0772542  0.067417
 0.077509  0.077509 0.0676393
0.0777625 0.0777625 0.0678606
0.0780149 0.0780149 0.0680809
0.0782661 0.0782661    0.0683
0.0785161 0.0785161 0.0685182
0.0787648 0.0787648 0.0687353
0.0790123 0.0790123 0.0689513
0.0792586 0.0792586 0.0691662
0.0795037 0.0795037 0.0693801
0.0797475 0.0797475 0.0695928
  0.07999   0.07999 0.0698045
0.0802313 0.0802313  0.070015
0.0804713 0.0804713 0.0702244
  0.08071   0.08071 0.0704327
0.0809474 0.0809474 0.0706399
0.0811835 0.0811835 0.0708459
0.0814182 0.0814182 0.0710508
0.0816517 0.0816517 0.0712546
0.0818838 0.0818838 0.0714571
0.0821146 0.0821146 0.0716585
0.0823441 0.0823441 0.0718588
0.0825722 0.0825722 0.0720578
0.0827989 0.0827989 0.0722557
0.0830242 0.0830242 0.0724523
0.0832482 0.0832482 0.0726478
0.0834708 0.0834708  0.072842
0.083692 0.083692 0.073035
0.0839118 0.0839118 0.0732269
0.0841302 0.0841302 0.0734174
0.0843472 0.0843472 0.0736068
0.0845627 0.0845627 0.0737949
0.0847769 0.0847769 0.0739818
0.0849895 0.0849895 0.0741674
0.0852008 0.0852008 0.0743517
0.0854106 0.0854106 0.0745348
 0.085619  0.085619 0.0747166
0.0858258 0.0858258 0.0748972
0.0860313 0.0860313 0.0750764
0.0862352 0.0862352 0.0752544
0.0864377 0.0864377 0.0754311
0.0866387 0.0866387 0.0756065
0.0868382 0.0868382 0.0757806
0.0870362 0.0870362 0.0759534
0.0872327 0.0872327 0.0761249
0.0874277 0.0874277  0.076295
0.0876212 0.0876212 0.0764639
0.0878131 0.0878131 0.0766314
0.0880036 0.0880036 0.0767976
0.0881925 0.0881925 0.0769625
0.0883799 0.0883799  0.077126
0.0885658 0.0885658 0.0772882
0.0887501 0.0887501 0.0774491
0.0889329 0.0889329 0.0776086
0.0891141 0.0891141 0.0777667
0.0892938 0.0892938 0.0779235
0.0894719 0.0894719 0.0780789
0.0896484 0.0896484  0.078233
0.0898234 0.0898234 0.0783857
0.0899969 0.0899969 0.0785371
0.0901687 0.0901687 0.0786871
 0.090339  0.090339 0.0788357
0.0905077 0.0905077 0.0789829
0.0906749 0.0906749 0.0791288
0.0908404 0.0908404 0.0792732
0.0910044 0.0910044 0.0794163
0.0911668 0.0911668  0.079558
0.0913276 0.0913276 0.0796984
0.0914868 0.0914868 0.0798373
0.0916444 0.0916444 0.0799749
0.0918005 0.0918005  0.080111
0.0919549 0.0919549 0.0802458
0.0921077 0.0921077 0.0803791
 0.092259  0.092259 0.0805111
0.0924086 0.0924086 0.0806417
0.0925566 0.0925566 0.0807709
0.0927031 0.0927031 0.0808987
0.0928479 0.0928479 0.0810251
0.0929911 0.0929911 0.0811501
0.0931327 0.0931327 0.0812736
0.0932728 0.0932728 0.0813958
0.0934112 0.0934112 0.0815166
0.093548 0.093548 0.081636
0.0936832 0.0936832  0.081754
0.0938168 0.0938168 0.0818706
0.0939488 0.0939488 0.0819858
0.0940792 0.0940792 0.0820996
0.094208 0.094208 0.082212
0.0943352 0.0943352  0.082323
0.0944608 0.0944608 0.0824326
0.0945848 0.0945848 0.0825408
0.0947072 0.0947072 0.0826476
 0.094828  0.094828 0.0827531
0.0949472 0.0949472 0.0828571
0.0950649 0.0950649 0.0829598
0.0951809 0.0951809  0.083061
0.0952954 0.0952954 0.0831609
0.0954083 0.0954083 0.0832594
0.0955195 0.0955195 0.0833565
0.0956293 0.0956293 0.0834523
0.0957374 0.0957374 0.0835466
 0.095844  0.095844 0.0836397
 0.095949  0.095949 0.0837313
0.0960524 0.0960524 0.0838216
0.0961543 0.0961543 0.0839105
0.0962546 0.0962546  0.083998
0.0963534 0.0963534 0.0840842
0.0964506 0.0964506  0.084169
0.0965463 0.0965463 0.0842525
0.0966404 0.0966404 0.0843347
 0.096733  0.096733 0.0844155
0.0968241 0.0968241  0.084495
0.0969137 0.0969137 0.0845731
0.0970017 0.0970017   0.08465
0.0970882 0.0970882 0.0847255
0.0971733 0.0971733 0.0847997
0.0972568 0.0972568 0.0848726
0.0973388 0.0973388 0.0849441
0.0974194 0.0974194 0.0850144
0.0974984 0.0974984 0.0850834
 0.097576  0.097576 0.0851511
0.0976521 0.0976521 0.0852175
0.0977268 0.0977268 0.0852827
   0.0978    0.0978 0.0853466
0.0978717 0.0978717 0.0854092
0.0979421 0.0979421 0.0854706
0.0980109 0.0980109 0.0855307
0.0980784 0.0980784 0.0855896
0.0981445 0.0981445 0.0856472
0.0982091 0.0982091 0.0857036
0.0982724 0.0982724 0.0857588
0.0983343 0.0983343 0.0858128
0.0983948 0.0983948 0.0858656
0.0984539 0.0984539 0.0859172
0.0985117 0.0985117 0.0859677
0.0985681 0.0985681 0.0860169
0.0986232 0.0986232  0.086065
 0.098677  0.098677 0.0861119
0.0987294 0.0987294 0.0861577
0.0987805 0.0987805 0.0862023
0.0988304 0.0988304 0.0862458
 0.098879  0.098879 0.0862882
0.0989262 0.0989262 0.0863294
0.0989723 0.0989723 0.0863696
 0.099017  0.099017 0.0864087
0.0990606 0.0990606 0.0864467
0.0991029 0.0991029 0.0864836
 0.099144  0.099144 0.0865195
0.0991839 0.0991839 0.0865543
0.0992226 0.0992226 0.0865881
0.0992602 0.0992602 0.0866208
0.0992965 0.0992965 0.0866526
0.0993318 0.0993318 0.0866833
0.0993659 0.0993659 0.0867131
0.0993989 0.0993989 0.0867419
0.0994307 0.0994307 0.0867697
0.0994615 0.0994615 0.0867965
0.0994912 0.0994912 0.0868225
0.0995199 0.0995199 0.0868475
0.0995475 0.0995475 0.0868716
 0.099574  0.099574 0.0868947
0.0995996 0.0995996 0.0869171
0.0996242 0.0996242 0.0869385
0.0996477 0.0996477 0.0869591
0.0996703 0.0996703 0.0869788
 0.099692  0.099692 0.0869977
0.0997127 0.0997127 0.0870158
0.0997325 0.0997325 0.0870331
0.0997515 0.0997515 0.0870496
0.0997695 0.0997695 0.0870653
0.0997867 0.0997867 0.0870803
 0.099803  0.099803 0.0870945
0.0998185 0.0998185  0.087108
0.0998332 0.0998332 0.0871209
0.099847 0.099847 0.087133
0.0998602 0.0998602 0.0871444
0.0998725 0.0998725 0.0871552
0.0998842 0.0998842 0.0871654
0.0998951 0.0998951 0.0871749
0.0999054 0.0999054 0.0871839
0.0999149 0.0999149 0.0871922
0.0999238 0.0999238    0.0872
0.0999321 0.0999321 0.0872072
0.0999398 0.0999398 0.0872139
0.0999469 0.0999469 0.0872201
0.0999534 0.0999534 0.0872258
0.0999593 0.0999593  0.087231
0.0999648 0.0999648 0.0872357
0.0999697 0.0999697 0.0872401
0.0999742 0.0999742 0.0872439
0.0999782 0.0999782 0.0872474
0.0999818 0.0999818 0.0872506
 0.099985  0.099985 0.0872533
0.0999877 0.0999877 0.0872558
0.0999902 0.0999902 0.0872579
0.0999922 0.0999922 0.0872597
 0.099994  0.099994 0.0872612
0.0999955 0.0999955 0.0872625
0.0999967 0.0999967 0.0872636
0.0999977 0.0999977 0.0872644
0.0999984 0.0999984 0.0872651
 0.099999  0.099999 0.0872656
0.0999994 0.0999994  0.087266
0.0999997 0.0999997 0.0872662
0.0999999 0.0999999 0.0872664
      0.1       0.1 0.0872664
      0.1       0.1 0.0872665
      0.1       0.1 0.0872665
      0.1       0.1 0.0872665
      0.1       0.1 0.0872665
      0.1       0.1 0.0872665
      0.1       0.1 0.0872665
      0.1       0.1 0.0872665
      0.1       0.1 0.0872665
      0.1       0.1 0.0872665
      0.1       0.1 0.0872665
      0.1       0.1 0.0872665
      0.1       0.1 0.0872665
      0.1       0.1 0.0872665
      0.1       0.1 0.0872665
      0.1       0.1 0.0872665
      0.1       0.1 0.0872665
      0.1       0.1 0.0872665
      0.1       0.1 0.0872665
      0.1       0.1 0.0872665
      0.1       0.1 0.0872665
      0.1       0.1 0.0872665
      0.1       0.1 0.0872665
      0.1       0.1 0.0872665
      0.1       0.1 0.0872665
      0.1       0.1 0.0872665
      0.1       0.1 0.0872665
      0.1       0.1 0.0872665
      0.1       0.1 0.0872665
      0.1       0.1 0.0872665
      0.1       0.1 0.0872665
      0.1       0.1 0.0872665
      0.1       0.1 0.0872665
      0.1       0.1 0.0872665
      0.1       0.1 0.0872665
      0.1       0.1 0.0872665
      0.1       0.1 0.0872665
      0.1       0.1 0.0872665
      0.1       0.1 0.0872665
      0.1       0.1 0.0872665
      0.1       0.1 0.0872665
      0.1       0.1 0.0872665
      0.1       0.1 0.0872665
      0.1       0.1 0.0872665
      0.1       0.1 0.0872665
      0.1       0.1 0.0872665
      0.1       0.1 0.0872665
      0.1       0.1 0.0872665
      0.1       0.1 0.0872665
      0.1       0.1 0.0872665
      0.1       0.1 0.0872665
      0.1       0.1 0.0872665
      0.1       0.1 0.0872665
      0.1       0.1 0.0872665
      0.1       0.1 0.0872665
      0.1       0.1 0.0872665
      0.1       0.1 0.0872665
      0.1       0.1 0.0872665
      0.1       0.1 0.0872665
      0.1       0.1 0.0872665
      0.1       0.1 0.0872665
      0.1       0.1 0.0872665
      0.1       0.1 0.0872665
      0.1       0.1 0.0872665
      0.1       0.1 0.0872665
      0.1       0.1 0.0872665
      0.1       0.1 0.0872665
      0.1       0.1 0.0872665
      0.1       0.1 0.0872665
      0.1       0.1 0.0872665
      0.1       0.1 0.0872665
      0.1       0.1 0.0872665
      0.1       0.1 0.0872665
      0.1       0.1 0.0872665
      0.1       0.1 0.0872665
      0.1       0.1 0.0872665
      0.1       0.1 0.0872665
      0.1       0.1 0.0872665
      0.1       0.1 0.0872665
      0.1       0.1 0.0872665
      0.1       0.1 0.0872665
      0.1       0.1 0.0872665
      0.1       0.1 0.0872665
      0.1       0.1 0.0872665
      0.1       0.1 0.0872665
      0.1       0.1 0.0872665
      0.1       0.1 0.0872665
      0.1       0.1 0.0872665
      0.1       0.1 0.0872665
      0.1       0.1 0.0872665
      0.1       0.1 0.0872665
      0.1       0.1 0.0872665
      0.1       0.1 0.0872665
      0.1       0.1 0.0872665
      0.1       0.1 0.0872665
      0.1       0.1 0.0872665
      0.1       0.1 0.0872665
      0.1       0.1 0.0872665
      0.1       0.1 0.0872665
      0.1       0.1 0.0872665
