-4.04766e-15  2.18629e-42  2.18629e-42
7.19441e-05 -8.8974e-05 2.44281e-05
 0.000139631 -0.000174887  4.85179e-05
 0.000219857 -0.000250222  6.85645e-05
 0.000284328 -0.000321192  8.55796e-05
  0.00039986 -0.000385416  9.96291e-05
 0.00049004 -0.00043415 0.000110534
 0.000602778 -0.000481565  0.000118136
0.000689899 -0.00051505 0.000123088
 0.000803336 -0.000546578  0.000125244
0.000910732 -0.00056449 0.000125447
  0.00103834 -0.000585442  0.000122802
  0.00111877 -0.000575088   0.00011771
  0.00121911 -0.000559819   0.00011067
  0.00128026 -0.000512254   0.00010183
  0.00134348 -0.000463005  9.12829e-05
  0.00138755 -0.000397924  7.90532e-05
  0.00142936 -0.000324178  6.58855e-05
  0.00146212 -0.000237198  5.13848e-05
  0.00149675 -0.000142476  3.62142e-05
   0.0015122 -2.73451e-05  2.02131e-05
 0.00152998 9.35217e-05 3.78538e-06
  0.00153515  0.000227475 -1.32924e-05
  0.00155822  0.000362491 -3.03247e-05
  0.00157126  0.000509735 -4.75348e-05
  0.00159184  0.000666034 -6.44886e-05
  0.00160811  0.000834178 -8.13005e-05
  0.00162979   0.00100752 -9.73112e-05
  0.00165719   0.00118854 -0.000112683
 0.00168881  0.00137817 -0.00012695
  0.00172008   0.00157945 -0.000140132
  0.00175154   0.00178986 -0.000151979
  0.00179901   0.00200283 -0.000162335
  0.00184833   0.00222557 -0.000171229
  0.00192835   0.00244581 -0.000178388
  0.00201254   0.00267987 -0.000183642
  0.00212683   0.00291054 -0.000186676
  0.00223829   0.00315749 -0.000187351
  0.00238132   0.00339697 -0.000185424
  0.00251587   0.00365639 -0.000180888
  0.00268527   0.00390047 -0.000173631
  0.00284171   0.00416505 -0.000163795
  0.00304214   0.00441553 -0.000151013
  0.00322157   0.00468938 -0.000135382
  0.00344277   0.00494473 -0.000116569
  0.00364957   0.00522541 -9.43965e-05
   0.0038941   0.00548106 -6.86436e-05
  0.00412714   0.00576336 -3.93576e-05
  0.00439304   0.00601567 -6.49829e-06
 0.00463897  0.00629581 2.99609e-05
 0.00492881  0.00654834 6.99073e-05
 0.00518739  0.00682345 0.000113368
 0.00549993  0.00705855 0.000160486
  0.0057817  0.00731501 0.000211248
 0.00610717   0.0075318 0.000265468
 0.00639454  0.00775944 0.000323455
 0.00673543  0.00794333 0.000385274
 0.00703871  0.00814258 0.000451117
 0.00738688  0.00830838 0.000520957
 0.00767478   0.0084994 0.000595064
 0.00802025   0.0086627 0.000673247
0.00829073 0.00884516 0.00075575
 0.00860787  0.00900421 0.000841893
 0.00889291  0.00919066 0.000931999
0.00922826 0.00935394 0.00102598
0.00949605 0.00954197 0.00112447
0.00980203 0.00971085 0.00122699
 0.0100516 0.00990673 0.00133418
 0.0103493  0.0100747 0.00144548
 0.0105615  0.0102743 0.00156095
 0.0108282  0.0104497 0.00168098
 0.0110104  0.0106594 0.00180535
 0.0112379   0.010838 0.00193415
 0.0114242  0.0110442 0.00206723
 0.0116408  0.0112401 0.00220463
 0.0118202  0.0114606 0.00234584
 0.0120216  0.0116649 0.00249134
 0.0121817  0.0119109 0.00264065
 0.0124106  0.0121439 0.00279439
 0.0126043  0.0123893 0.00295227
 0.0128491  0.0126326 0.00311485
 0.0130457  0.0128937 0.00328048
 0.0131105  0.0131207 0.00345311
 0.0131927  0.0133856 0.00362908
 0.0133891  0.0136621 0.00380884
0.0135638 0.0139689 0.0039909
 0.0137606  0.0142563 0.00417796
 0.0139066  0.0145756 0.00436728
 0.0141292  0.0148997 0.00456057
0.0142869 0.0152373 0.0047565
 0.0145205  0.0155746 0.00495693
 0.0146946  0.0159268 0.00515901
 0.0148624  0.0162706 0.00536646
 0.0150703  0.0166585 0.00557268
  0.015292  0.0170107 0.00578559
0.0155695 0.0173953 0.0059971
0.0158546 0.0177224 0.0062165
 0.0160851   0.018119 0.00643532
 0.0163336  0.0184522 0.00666164
0.0164818 0.0188685 0.0068867
 0.0166536  0.0192128 0.00711915
 0.0167593   0.019643 0.00735001
  0.016908  0.0199969 0.00758842
 0.0169794  0.0204364 0.00782439
 0.0170808  0.0207892 0.00806898
0.0171363 0.0212093 0.0083112
 0.0172371  0.0215493 0.00856098
 0.0172684  0.0219477 0.00880831
0.0173523 0.0222702 0.0090621
 0.0174957  0.0226209 0.00931131
  0.017654  0.0228859 0.00956953
 0.0178481  0.0231123 0.00982114
0.0181097 0.0232819 0.0100817
0.0184638 0.0232713 0.0103329
0.0189318 0.0232245 0.0105928
0.0194632 0.0229907 0.0108436
0.0200886  0.022732  0.011103
  0.02064 0.0223834 0.0113563
0.0212671 0.0220247 0.0116181
  0.02189 0.0216946 0.0118756
0.0225349 0.0213248 0.0121397
0.0232204 0.0209238 0.0123958
0.0240113 0.0205185 0.0126572
0.0246713 0.0202527 0.0129151
0.0255184  0.019942 0.0131757
0.0261172 0.0199112 0.0134371
0.0268335 0.0198249 0.0137008
0.0273255 0.0200543 0.0139675
0.0277631 0.0201817 0.0142382
0.0280486 0.0205874 0.0145108
0.0281773 0.0208519   0.01479
0.0282199 0.0213482 0.0150705
0.0282912 0.0217607 0.0153553
 0.028172 0.0223601 0.0156408
0.0281452 0.0228791 0.0159275
 0.027947 0.0235952 0.0162162
0.0277566 0.0241993 0.0165067
0.0274547 0.0249955 0.0167981
0.0271198 0.0256428 0.0170935
  0.02682 0.0262461 0.0173881
0.0265768 0.0267953 0.0176827
0.0262852 0.0274257 0.0179785
0.0260518 0.0280029  0.018277
0.0256118 0.0287403 0.0185781
0.0253093 0.0294331 0.0188802
0.0247606 0.0303189 0.0191846
0.0243816 0.0312264 0.0194936
0.0239136 0.0321638 0.0197976
0.0236381  0.033115 0.0201069
0.0234308 0.0340168 0.0204097
0.0233932 0.0349161 0.0207193
0.0234252 0.0357216 0.0210228
0.0236391  0.036515  0.021334
 0.024061 0.0372681 0.0216355
0.0246011 0.0378991  0.021947
0.0254235  0.038467 0.0222502
0.0262974 0.0388672 0.0225605
0.0274116 0.0389763 0.0228653
0.0286124 0.0390904 0.0231726
0.0298567 0.0390122 0.0234767
0.0311643  0.038961 0.0237847
0.0324065 0.0388772 0.0240922
0.0337004 0.0387887 0.0244023
 0.034856 0.0386555 0.0247102
0.0360563 0.0385819 0.0250216
0.0371406  0.038667  0.025324
0.0382801 0.0387953 0.0256303
0.0393032 0.0389852 0.0259289
0.0404051 0.0392006 0.0262314
0.0412343   0.03947 0.0265286
0.0422112 0.0396743  0.026827
 0.042987  0.039876 0.0271215
0.0439023 0.0400154 0.0274171
0.0444795 0.0401228 0.0277117
0.0451003 0.0401367 0.0280088
0.0454664 0.0400356 0.0283039
0.0458245 0.0398568 0.0286015
0.0460063 0.0396474 0.0288962
0.0461095 0.0393598  0.029194
0.0461981 0.0391072  0.029487
0.0461751 0.0387547 0.0297829
0.0459927 0.0385816 0.0300759
 0.045775 0.0383147 0.0303705
0.0454524 0.0382285 0.0306607
0.0451222 0.0380492 0.0309532
0.0445751 0.0381036 0.0312406
0.0440993 0.0380787 0.0315318
0.0434896 0.0382964 0.0318207
0.0429094 0.0384059 0.0321105
0.0422064 0.0387546 0.0323979
0.0415317 0.0390004 0.0326861
0.0407341 0.0394847 0.0329732
0.0400315 0.0398545 0.0332602
0.0393758 0.0404399 0.0335462
0.0388825 0.0408435 0.0338287
0.0384143 0.0413596 0.0341135
0.0379872 0.0418224  0.034394
0.0377069 0.0424147  0.034676
0.0374396 0.0429864  0.034953
0.0374188 0.0436849 0.0352305
0.0373997 0.0443588 0.0355036
0.0375464 0.0451135 0.0357793
0.0377888 0.0458316 0.0360523
0.0381547 0.0466008 0.0363241
0.0386253 0.0472326 0.0365907
0.0392616 0.0479531 0.0368584
0.0398736  0.048617 0.0371214
0.0405977 0.0493205 0.0373869
0.0414226 0.0498474 0.0376481
0.0423629 0.0504526 0.0379102
0.0433761 0.0508884 0.0381681
0.0444847  0.051379 0.0384272
0.0456606 0.0517252 0.0386819
0.0468966 0.0521063 0.0389379
0.0481415 0.0523422 0.0391905
0.0494272 0.0525897 0.0394447
0.0506742 0.0526959 0.0396963
0.0519169 0.0527919 0.0399497
0.0530903  0.052846 0.0402007
0.0542337 0.0528646  0.040452
0.0553234 0.0527969 0.0406996
0.0563614 0.0527126 0.0409492
0.0572844 0.0525975  0.041195
0.0581348 0.0524699 0.0414434
0.0588493 0.0523653 0.0416865
0.0594713 0.0522766 0.0419315
0.0599281 0.0522008 0.0421713
0.0603611 0.0521167 0.0424122
0.0605377 0.0521035 0.0426508
0.0607013 0.0520796 0.0428896
0.0606605 0.0520882 0.0431249
 0.060643 0.0520987 0.0433592
0.0603666 0.0521636 0.0435909
0.0601649 0.0522244 0.0438212
0.0597527 0.0523078 0.0440497
0.0594302 0.0523997 0.0442779
0.0588977 0.0525416 0.0445052
0.0584602 0.0526754 0.0447314
0.0578149 0.0528292 0.0449552
0.0572842 0.0529964 0.0451791
 0.056627 0.0532102  0.045401
 0.056088 0.0534173  0.045623
0.0553617 0.0537187 0.0458416
0.0547476 0.0539602 0.0460598
0.0540773 0.0542346 0.0462773
0.0535137 0.0545052 0.0464927
0.0530497 0.0547797 0.0467044
0.0526591 0.0550637 0.0469152
0.0523765 0.0553322 0.0471225
 0.052181 0.0556163  0.047328
0.0520209   0.05592   0.04753
0.0519648  0.056215 0.0477304
0.0519273 0.0565462 0.0479283
0.0519863 0.0569039 0.0481252
0.0520997 0.0572813 0.0483177
0.0522838  0.057659  0.048511
0.0525184 0.0580152 0.0486985
0.0528277  0.058384 0.0488851
0.0531487 0.0587523 0.0490667
0.0535285 0.0591238 0.0492483
0.0539258 0.0594984 0.0494236
0.0543893 0.0598363 0.0495997
0.0548597 0.0601666 0.0497698
0.0553781 0.0605039  0.049939
0.0559435 0.0608251 0.0501028
0.0565367 0.0611231 0.0502669
0.0571719  0.061411 0.0504276
0.0578164 0.0616828 0.0505862
 0.058453 0.0619445 0.0507422
0.0590967 0.0622076  0.050895
0.0597326  0.062444 0.0510444
0.0603152 0.0626726 0.0511905
0.0609075 0.0628731 0.0513326
0.0614443 0.0630644 0.0514718
0.0619782 0.0632287 0.0516076
0.0624574 0.0633666 0.0517404
 0.062918 0.0634724 0.0518701
 0.063317 0.0635534 0.0519968
0.0637027 0.0635995 0.0521209
0.0640027 0.0636171 0.0522426
0.0642985 0.0636036 0.0523616
0.0645458  0.063555 0.0524777
0.0647567 0.0634811 0.0525917
0.0649185 0.0633756 0.0527029
0.0650226 0.0632439 0.0528122
0.0650596 0.0630737 0.0529195
0.0650304  0.062896 0.0530243
0.0649335 0.0626569 0.0531273
0.0648252  0.062414 0.0532273
0.0646509 0.0621043  0.053326
0.0644476  0.061797 0.0534208
0.0641889 0.0614244 0.0535141
0.0639056 0.0610529 0.0536043
0.0635722 0.0606454 0.0536931
0.0632271 0.0602309 0.0537801
0.0628654 0.0598131 0.0538647
0.0624789 0.0594017 0.0539466
0.0620976 0.0590375 0.0540256
0.0617513   0.05869 0.0541018
0.0614281 0.0584134 0.0541738
0.0611239 0.0581387 0.0542441
0.0608354 0.0579307 0.0543115
0.0605761 0.0577368 0.0543762
0.0603337 0.0576307 0.0544383
0.0601175 0.0575384 0.0544977
0.0599146 0.0575229 0.0545548
0.0597309 0.0575124 0.0546094
0.0595402 0.0575684 0.0546612
0.0593886 0.0576632 0.0547085
0.0592505 0.0578347 0.0547533
0.0591836 0.0580735 0.0547918
0.0591096 0.0583596 0.0548292
0.0590616   0.05869 0.0548622
0.0590163 0.0590594 0.0548929
0.0589926 0.0594569   0.05492
0.0589988 0.0598707 0.0549439
0.0590121 0.0602851 0.0549651
0.0590719  0.060726 0.0549824
 0.059129 0.0611746 0.0549978
0.0592301 0.0616388 0.0550088
 0.059326 0.0620935 0.0550181
 0.059466 0.0625319 0.0550236
0.0596089 0.0629553 0.0550278
0.0597902 0.0633633 0.0550279
0.0599569  0.063738 0.0550259
 0.060132 0.0641036 0.0550204
0.0602838 0.0644037 0.0550125
0.0604901 0.0646541 0.0549992
 0.060721 0.0648441 0.0549823
0.0609417 0.0650394 0.0549637
0.0611713 0.0651705 0.0549432
0.0613658 0.0652871 0.0549217
  0.06157 0.0653406 0.0548978
 0.061746 0.0653535 0.0548733
0.0619209 0.0653172 0.0548463
0.0620544 0.0652938 0.0548165
0.0622689 0.0651321 0.0547807
0.0624342 0.0649889  0.054744
0.0626281 0.0647313  0.054703
0.0627759 0.0644765 0.0546615
0.0629349 0.0641454 0.0546167
0.0630476 0.0638663 0.0545708
0.0632108 0.0634801   0.05452
0.0633148 0.0631473  0.054468
0.0634592 0.0627012 0.0544102
  0.06353 0.0623061  0.054351
0.0636172 0.0618444 0.0542876
0.0636282 0.0614226 0.0542236
0.0636601 0.0609498 0.0541549
  0.06362 0.0605332 0.0540848
 0.063596 0.0600604 0.0540103
0.0635023 0.0596209 0.0539348
 0.063414 0.0591266 0.0538565
 0.063269 0.0586289 0.0537804
 0.063112 0.0580971 0.0537017
0.0629238 0.0575765  0.053624
0.0627056 0.0570348 0.0535443
0.0624587 0.0565032 0.0534652
0.0621649 0.0559913 0.0533832
0.0618722 0.0554875 0.0533005
0.0615397 0.0549992 0.0532162
0.0611846 0.0545558 0.0531311
0.0607663 0.0541382  0.053045
0.0603292   0.05375 0.0529568
 0.059886 0.0533134 0.0528667
0.0594319 0.0529282 0.0527751
0.0589495 0.0525139 0.0526809
0.0584598  0.052154 0.0525845
0.0579069 0.0518114  0.052486
0.0573657 0.0515519 0.0523848
0.0567074 0.0513432 0.0522795
0.0560752 0.0512328 0.0521712
0.0552551 0.0512684 0.0520553
  0.05447 0.0513946 0.0519353
0.0533853 0.0517198 0.0518057
0.0523373 0.0521088 0.0516729
0.0510728 0.0525977 0.0515308
0.0498654 0.0531482 0.0513864
0.0486008 0.0537505 0.0512382
0.0474003 0.0544113 0.0510885
0.0462479 0.0550153 0.0509361
0.0451798  0.055688  0.050781
0.0442119 0.0562024 0.0506254
0.0433398 0.0568007 0.0504676
0.0425598  0.057258 0.0503104
0.0418591 0.0577841 0.0501508
0.0412884 0.0581387   0.04999
0.0407789 0.0585818 0.0498267
0.0404277  0.058861 0.0496653
0.0401382 0.0592297 0.0495026
0.0399368 0.0594795 0.0493385
0.0397723 0.0597752 0.0491755
0.0398117  0.059846 0.0490128
0.0398927 0.0599458 0.0488514
0.0401691  0.059814 0.0486901
0.0404648 0.0597457 0.0485301
0.0409699    0.0594 0.0483688
0.0413949 0.0588094 0.0481984
0.0420853  0.058036 0.0480254
0.0426777 0.0569233 0.0478406
0.0434967 0.0557147 0.0476568
0.0441085 0.0541916  0.047464
0.0449056 0.0526046 0.0472722
0.0454811 0.0507351 0.0470695
0.0461747   0.04887 0.0468676
0.0466624 0.0468374  0.046657
0.0472455   0.04486 0.0464485
0.0476565 0.0428072 0.0462316
0.0480677 0.0408636 0.0460152
0.0483337 0.0387747 0.0457861
0.0485821 0.0368309 0.0455592
0.0487539 0.0347613 0.0453225
0.0489136  0.032825 0.0450916
0.0490338 0.0309379 0.0448553
0.0491454 0.0291608 0.0446279
0.0492634 0.0275388 0.0443958
0.0491328  0.026172 0.0441677
0.0490208 0.0249861 0.0439356
0.0486001  0.023989 0.0437073
0.0482255 0.0232901 0.0434758
0.0474735 0.0228164 0.0432475
 0.046784 0.0226599 0.0430169
0.0456853 0.0226815 0.0427875
0.0446709  0.022989 0.0425544
0.0432661 0.0234425 0.0423222
0.0419819 0.0241667 0.0420867
0.0406102 0.0250302 0.0418546
0.0394417 0.0260119  0.041625
0.0381825 0.0271077 0.0413979
0.0371208 0.0282722 0.0411718
0.0360072 0.0295123 0.0409481
 0.035057 0.0308002 0.0407246
0.0340857 0.0321213 0.0405024
 0.033265 0.0334407 0.0402796
0.0324489 0.0347444 0.0400563
0.0316402 0.0359354  0.039829
 0.030889 0.0371116 0.0396027
0.0301646 0.0381514 0.0393727
0.0295429 0.0390779 0.0391413
0.0289946 0.0399239 0.0389069
0.0285498 0.0406218 0.0386727
0.0282951 0.0412562 0.0384363
 0.028173 0.0417081    0.0382
0.0282125 0.0420758  0.037961
0.0283905 0.0422912 0.0377236
0.0287106 0.0423705 0.0374811
0.0291428 0.0423346 0.0372414
0.0296905 0.0422366 0.0369999
0.0303876 0.0419762   0.03676
0.0311711 0.0417008 0.0365199
0.0319978 0.0412865 0.0362804
0.0328869 0.0408707 0.0360407
0.0338004 0.0402828 0.0357998
0.0347768 0.0397026 0.0355599
0.0357291 0.0390235 0.0353205
0.0366778 0.0381978 0.0350788
 0.037622 0.0372638  0.034834
0.0385346 0.0362699 0.0345898
0.0393151 0.0353077 0.0343425
0.0400224 0.0342228 0.0340958
0.0406322  0.033208  0.033846
0.0411212 0.0320668 0.0335977
0.0414799 0.0309589 0.0333444
0.0417608 0.0297633 0.0330939
 0.041891 0.0285819 0.0328358
0.0419189 0.0273226 0.0325805
0.0417754  0.026068 0.0323155
0.0415568 0.0247241 0.0320547
0.0411185 0.0233845 0.0317811
0.0405844 0.0219453 0.0315121
0.0398405 0.0205822  0.031232
0.0389972 0.0191782 0.0309577
 0.037966  0.017969 0.0306774
0.0368344 0.0167492  0.030403
 0.035591 0.0157182 0.0301236
  0.03423 0.0146247 0.0298445
 0.032864  0.013729 0.0295656
0.0314734 0.0128141 0.0292901
0.0301281 0.0120751 0.0290136
0.0287489 0.0113765 0.0287399
0.0274269   0.01083 0.0284656
0.0262233 0.0104426 0.0281954
0.0250863  0.010162 0.0279269
 0.0239943 0.00993935  0.0276602
 0.0228364 0.00992671  0.0273932
0.0217729 0.0100267 0.0271285
0.0205829 0.0102927 0.0268655
0.0195386 0.0107809  0.026598
0.0183008 0.0113913 0.0263367
0.0173149 0.0123446 0.0260789
0.0161746 0.0133565 0.0258254
0.0152707  0.014621 0.0255762
0.0143479  0.015906 0.0253269
0.0135601 0.0173436  0.025081
0.0128768 0.0187758 0.0248351
0.0122233 0.0202436 0.0245898
0.0117965 0.0216483 0.0243452
 0.011333 0.0228642  0.024097
0.0111259 0.0239733 0.0238457
 0.010895 0.0247126 0.0235822
0.0109957 0.0253597 0.0233193
0.0110934 0.0257822 0.0230515
0.0114537 0.0260608 0.0227808
0.0118161 0.0261298 0.0225068
0.0121589 0.0260687 0.0222251
0.0125111 0.0258012 0.0219417
0.0127634 0.0252988 0.0216467
 0.013059 0.0245946 0.0213481
0.0132483 0.0237109 0.0210418
0.0134891 0.0227272 0.0207349
0.0137088 0.0216279 0.0204255
0.0139741 0.0204228 0.0201156
0.0141234 0.0191583 0.0198047
0.0143553  0.017858 0.0194938
0.0145774 0.0165346 0.0191846
 0.014827 0.0151445 0.0188752
0.0150477 0.0137327 0.0185682
0.0153634  0.012382 0.0182613
0.0154811 0.0110048 0.0179561
 0.0156961 0.00987072  0.0176566
 0.0156903 0.00865272   0.017357
 0.0157403 0.00764038  0.0170605
   0.01573 0.00662729  0.0167665
 0.0157176 0.00569267  0.0164716
 0.0158499 0.00482802   0.016182
 0.0159545 0.00416577  0.0158935
 0.0161382 0.00348482  0.0156116
 0.0162551 0.00301737  0.0153276
 0.0162836 0.00249364  0.0150494
 0.0161948 0.00214811  0.0147693
 0.0158659 0.00163618  0.0144957
 0.0154587 0.00134859  0.0142198
  0.0148974 0.000916806   0.0139516
 0.0142455 0.00073549  0.0136796
   0.013438 0.000481633   0.0134145
  0.0125692 0.000405692   0.0131464
  0.0116813 0.000228492   0.0128865
  0.0107291 0.000251388   0.0126212
0.00978992 0.00027447  0.0123612
 0.00886762 0.000525789    0.012102
 0.00797383 0.000756555   0.0118469
0.00710232 0.00114358  0.0115913
0.00628777 0.00153396    0.01134
 0.0055101 0.00203617  0.0110917
0.00476804 0.00257669   0.010843
 0.0040628 0.00324447  0.0105972
0.00346849 0.00385809  0.0103542
0.00294769 0.00465096  0.0101136
0.00255386  0.0054136 0.00987717
 0.0021653  0.0062277 0.00964154
0.00185975 0.00695698 0.00940706
 0.0014826 0.00770107  0.0091783
0.00113711 0.00839992  0.0089449
0.000904861  0.00910304  0.00871801
0.000717941  0.00973911  0.00848788
0.00067098  0.0103223 0.00825962
0.000689906   0.0108033  0.00803102
0.000753698   0.0112016  0.00780458
0.000965167   0.0115264  0.00757871
0.00119481  0.0118362 0.00735807
 0.0014998   0.012004 0.00713509
0.00179253  0.0121387 0.00691727
0.00209602  0.0121079 0.00669498
0.00239826  0.0119971 0.00647826
0.00272485  0.0117413 0.00625858
0.00299707  0.0113913 0.00604503
0.00325668   0.010883 0.00582732
 0.0036098  0.0104529 0.00561828
0.00395938 0.00988142 0.00540757
0.00427663 0.00925229 0.00520122
0.00465739 0.00862267 0.00500009
0.00504286 0.00798891 0.00480392
 0.0053689 0.00729187  0.0046065
0.00569169 0.00656863 0.00441274
0.00590785 0.00576027 0.00421946
0.00611436 0.00494421 0.00402765
0.00621645 0.00412315 0.00383624
0.00634476 0.00330423 0.00364777
 0.0063508 0.00247633 0.00346075
 0.0063823 0.00167296 0.00327739
 0.00630566 0.000877113  0.00309495
 0.00622749 0.000117891  0.00291602
  0.00604746 -0.000625473   0.00273822
 0.00586507 -0.00132627  0.00256372
 0.00558237 -0.00199703  0.00239098
 0.00529349 -0.00261889  0.00222236
  0.0049596 -0.00318673  0.00205566
 0.00462153 -0.00366651  0.00189328
 0.00433689 -0.00410925  0.00173395
 0.00404749 -0.00444398  0.00157787
 0.00374519 -0.00471147  0.00142554
0.00344367   -0.00487 0.00127641
 0.00316764 -0.00499182  0.00113049
 0.00289128 -0.00500822 0.000987972
 0.00260189 -0.00495436 0.000850608
 0.00231088 -0.00479621 0.000715812
 0.00202125 -0.00457669 0.000585802
 0.00171695 -0.00427878 0.000458861
 0.00142899 -0.00394312 0.000337324
 0.00117049 -0.00349579  0.00021838
0.000856605 -0.00302513 0.000105524
 0.000565617  -0.00246356 -5.50657e-06
 0.000264856  -0.00186409 -0.000112032
-1.07968e-05  -0.00120943  -0.00021512
-0.000290283  -0.00053862 -0.000313586
-0.000536166  0.000183268 -0.000408642
-0.000764521  0.000908387 -0.000499741
-0.000972565   0.00165894 -0.000587639
 -0.00115694   0.00240667 -0.000671851
 -0.00131053   0.00316634 -0.000752623
 -0.00141814   0.00390424 -0.000829766
 -0.00149842   0.00462765 -0.000903806
 -0.00151619   0.00532867 -0.000974111
-0.00152076  0.00598368 -0.00104164
-0.00145062  0.00662283 -0.00110532
 -0.0013555  0.00721402 -0.00116618
-0.00119047  0.00776556 -0.00122351
-0.000993926   0.00825762   -0.0012774
-0.000764448   0.00869461  -0.00132774
-0.00050467  0.00905828 -0.00137469
-0.000231079   0.00935383  -0.00141905
5.83636e-05  0.00956874 -0.00146003
0.000325508  0.00969615 -0.00149884
0.000622932  0.00974369  -0.0015344
0.000917192  0.00971475 -0.00156726
 0.00123498  0.00960856 -0.00159758
 0.00153607  0.00942285 -0.00162581
 0.00184964  0.00915764 -0.00165143
 0.00213168  0.00882821 -0.00167455
 0.00242895  0.00843585 -0.00169501
 0.00269015  0.00799717 -0.00171295
 0.00296118  0.00751354 -0.00172797
 0.00321818  0.00701603 -0.00174044
 0.00348046  0.00648106 -0.00175055
 0.00372678  0.00594572 -0.00175833
 0.00397449   0.0053772 -0.00176341
 0.00418664  0.00479821 -0.00176683
 0.00440649  0.00420359 -0.00176732
 0.00457927  0.00360201 -0.00176623
0.00474246 0.00299707 -0.0017632
 0.00486028  0.00239355 -0.00175883
 0.00495922  0.00180557 -0.00175312
0.00501442 0.00122814 -0.0017459
 0.00503201  0.00067721 -0.00173782
 0.00500008 0.000143715 -0.00172843
  0.00493136 -0.000353022  -0.00171843
  0.00479921 -0.000820286  -0.00170712
 0.00464809 -0.00123741 -0.00169459
  0.0044518 -0.00161516 -0.00168123
 0.00425457 -0.00194136 -0.00166617
 0.00403799 -0.00220811  -0.0016504
 0.00382839 -0.00242518 -0.00163284
 0.00357584 -0.00256862 -0.00161442
 0.00334894 -0.00266116 -0.00159411
 0.00311333 -0.00265777 -0.00157293
 0.00284004 -0.00258059 -0.00154956
 0.00256928 -0.00242223 -0.00152483
 0.00226513 -0.00223167 -0.00150006
 0.00194752 -0.00199342 -0.00147506
 0.00161196 -0.00176601 -0.00145104
 0.00123988 -0.00148579 -0.00142574
0.000903814 -0.00116066  -0.0013996
0.000570061 -0.00078792 -0.00137278
 0.000268237 -0.000387521   -0.0013449
-2.18398e-05  4.44038e-05  -0.00131701
-0.000254464  0.000511321  -0.00128809
-0.000465793   0.00101256    -0.001259
-0.000640237   0.00153754  -0.00122873
-0.000787073   0.00207037  -0.00119892
-0.00090116  0.00261154 -0.00116903
-0.000984056   0.00314517  -0.00113994
 -0.0010276  0.00368072 -0.00111038
-0.00103259  0.00420239 -0.00108159
-0.00102216  0.00469618 -0.00105325
-0.000964903   0.00516857  -0.00102583
-0.000880922   0.00561053 -0.000998939
-0.000755881   0.00600909 -0.000973045
-0.000615153   0.00636788 -0.000948385
-0.000440751   0.00667716 -0.000924757
-0.000256489    0.0069473 -0.000902255
-4.87151e-05   0.00716398 -0.000880968
 0.000177619   0.00733239 -0.000859842
 0.000410772   0.00744481 -0.000839509
 0.000651982   0.00750348 -0.000819435
 0.000899516   0.00750934 -0.000799891
  0.00113888   0.00745062 -0.000781775
  0.00138445   0.00734369 -0.000764023
  0.00162038   0.00718572 -0.000747473
  0.00184975   0.00698425 -0.000731284
  0.00207062   0.00674043 -0.000715582
  0.00229147   0.00645047 -0.000701479
  0.00249173   0.00612145 -0.000687977
  0.00269054   0.00576346 -0.000675047
  0.00286208    0.0053581 -0.000663161
  0.00303793   0.00494606 -0.000651203
  0.00319008   0.00449035 -0.000640239
   0.0033396   0.00403321 -0.000629724
   0.0034676   0.00355363 -0.000619994
