8.37982e-41 8.37982e-41 8.37982e-41 8.37982e-41 8.37982e-41 8.37982e-41 8.37982e-41 8.37982e-41
 -3.44476   2.05166  0.359398  0.254284   4.32292   1.89905 -0.535422  0.278346
  -6.37441    1.15028    0.65914 0.00473699    8.19047   0.670517  -0.951676   0.364032
 -8.10437   1.96222 0.0281915 -0.314989   10.9573    1.8623  -1.10489 -0.108974
  -10.1449    1.06256  -0.192107  -0.363903    13.8805   0.789939   -1.08018 -0.0140166
 -11.4219   1.59279 -0.668683 -0.357382     15.79   1.70647  -2.77181  -3.98878
 -13.0993  0.891814 -0.895413 -0.350227   17.8991  0.843704  -4.08248  -3.50898
 -14.0018   1.46133    -1.128 -0.350769   18.9477   1.48655  -5.31071  -4.25401
  -15.179  0.999106  -1.16685 -0.352522   20.2381  0.840461  -6.06075  -3.79384
 -15.4333   1.19299    -1.214 -0.314283   20.4924   1.09693  -6.89334  -4.91976
 -16.0056  0.879433 -0.367399  -5.62591   20.9831  0.719583  -7.53503   -4.4491
-15.8694 0.981965 0.424965 -5.35663  20.7693 0.820099 -8.79075 -6.81905
-15.9354 0.767443 0.343582 -6.72573  20.8936 0.531517 -9.73265 -6.13045
-15.6013 0.738964 0.528353 -6.39507  20.3811 0.448313 -11.3546 -7.85629
 -15.5114  0.597614 -0.380438  -9.72916   19.9135  0.285287  -12.4791  -7.10964
-15.1202 0.558358 -1.00442 -9.17176  19.2758 0.191301 -14.0461 -8.92741
   -14.663   0.536844   -1.36478   -8.63039    19.0423 -0.0329921   -15.1274   -7.99693
 -14.3044  0.549008  -1.65555  -8.13565   18.5817 -0.171928  -16.7085  -9.36074
 -13.8664  0.565017  -1.80959  -7.62716   18.0126 -0.327275  -17.5882  -8.41021
  -13.526  0.620855  -1.74937  -7.14407   17.3457 -0.444261  -18.9507  -9.31624
 -13.1772  0.665967  -2.17671  -8.00166   16.5608 -0.565434  -19.6148  -8.33264
   -12.98  0.758238  -2.34925  -7.49683   15.7822 -0.695668  -20.7497  -9.05047
  -12.643   0.82491  -2.45211  -7.09344   15.1264 -0.922869  -21.2835  -8.12694
  -12.47 0.937974 -2.43045 -6.56129  13.8588 -1.41883 -22.1965 -8.88702
-12.3926  1.05509 -2.28277 -6.08716  12.8741 -1.48787 -22.5641 -8.06931
-12.2257   1.1529 -2.11988  -5.6211  11.8081 -1.82176 -23.1418  -8.7505
-12.0511  1.29243 -1.87758 -4.93379   10.996 -1.91429  -23.234 -8.01786
-11.9302  1.40483 -1.71968 -4.50992  10.0286 -2.17388   -23.27 -8.53621
-11.8578  1.57224 -1.22661 -3.66599  9.27226 -2.27526 -22.9637 -7.97901
 -11.7524   1.71353 -0.904165   -3.2073   8.44758  -2.56827  -22.4637  -8.31375
 -11.7558   1.91217 -0.754624  -2.80056   7.82285  -2.71606  -21.6849  -7.93152
 -11.6264   2.06615 -0.875913  -2.29881   7.34053  -2.87476  -20.5476  -8.03923
 -11.6798   2.27473 -0.446834  -1.54149   7.01388  -3.13155  -19.2665  -7.88655
 -11.7155   2.43116 -0.398691  -1.15158   6.74988  -3.28113  -17.6204  -7.86311
   -11.947    2.65814   0.484411 -0.0888783    6.64481   -3.55356   -16.0275   -7.82785
-12.1385  2.80841 0.827897 0.229747  6.68876 -3.65521 -14.3439 -7.77292
-12.4732  3.05248   1.8599  1.33709  6.73622 -4.07454 -12.8104 -7.78092
-12.6938  3.20336  2.19865  1.60852   7.1829 -4.06811 -11.2201 -7.80876
-13.1534  3.46519  3.41582   2.9751  7.43137 -4.54063 -9.82666 -7.77198
-13.5716   3.6102  3.73992  3.14134  8.21925 -4.42849 -8.49415 -7.75589
-14.2921  3.85473  5.20667  4.80098  8.68364 -5.10891 -6.95072  -7.7911
-14.7055  4.04567  5.64019  4.89014  9.72555 -5.01486  -5.4052 -7.87707
-15.1506  4.30934  7.29285  6.43515   10.342 -5.70782 -3.95831 -7.95933
 -15.463  4.55765  7.70112  6.45524  11.6337 -5.45488 -2.32995  -8.0678
 -16.0603   4.74334   9.46652   8.26024   12.3566   -6.2942 -0.958799  -8.18086
-16.5298  4.95402  9.96474  8.22179  13.8651 -6.07332 0.460702  -8.2372
  -17.43  5.23922  12.3708  10.6523  14.6634 -6.89178  2.07938  -8.2225
-17.7761  5.48853  13.2637  10.4355  16.2746 -6.59703  3.48749 -8.38973
-18.4952   5.6727  15.6387  13.1129  17.0318 -7.52676  5.31037 -8.36113
-18.9129  5.83411  16.5462   12.748  18.7018 -7.23626  6.73609 -8.48982
-19.6476  6.14278  19.2237  15.6951  19.4134  -8.0692  8.09816 -8.44435
-20.2957  6.38081  20.1858  15.1331   20.947 -7.94202   9.5907 -8.66431
-21.0877   6.6347  22.9318  18.2727  21.2561 -8.58498  11.4098 -8.60026
 -21.932  6.84182  23.7875  17.4994  22.3537 -8.41985  12.8409 -8.69811
-22.8938  7.04572  25.9109  19.7389   22.314 -8.93376   14.134 -8.82837
-23.6709  7.30801  26.1761  18.9548  22.8243 -9.19266  15.7978 -8.74812
-24.4627  7.52516  28.0698  21.2566  22.0613 -9.48399  17.4985 -8.91087
-25.2857  7.69378  28.1716  20.4447  21.8283 -9.91821  19.0334 -8.92342
-26.0056  7.94512  30.2018  23.2778  21.2698 -10.2257   20.205 -9.01837
-26.7487  8.00437  30.3352   22.405  21.3584   -10.57  21.6901 -8.91183
-27.3232  8.19929  32.9883  26.0441  21.1166 -10.8962  22.7776 -8.87151
-28.3196  8.39091  33.6327  24.9343  21.1048 -11.2763  24.3243   -8.915
-28.5925  8.48624  36.3123  28.3294  21.2104  -11.623  25.8871 -9.05309
-29.0145  8.77413  36.6201  27.0584  21.3763 -12.0136  27.1279  -9.0588
-28.9847  8.96153  39.3083  30.2606  21.3655 -12.3127  28.1392  -9.1581
 -30.234  9.10677  39.3903  28.9779  21.2319 -12.6336  29.1692 -9.01342
-30.9443  9.39451  41.9153  32.4055   20.908 -12.8865  30.4766 -9.00189
-31.9224  9.47789   42.393  30.8237    20.76 -13.2808  31.3901 -9.01023
-32.5161  9.65319   45.146  33.8015   20.422 -13.5026  32.5395 -8.83044
-32.8575  9.93293  45.3543  32.2437  20.8882 -13.8905  33.6894 -9.05966
-33.3121  10.0393  48.3316  35.7457  20.6058 -14.1901  35.1035 -9.08854
-33.8539  10.2842  48.8992  34.0773   20.939   -14.49  35.7313 -8.99602
-33.9264  10.4466  52.4221  39.2937  20.7791 -14.7335  36.6023 -9.17228
-34.1913  10.7749  53.4591  37.2566  20.3749 -14.9825  37.4149 -9.21641
 -34.416  10.9473  57.2082  41.5021  20.9273  -15.268  38.1969 -9.36396
-35.0864  11.3751  58.1579  39.2513  20.5776  -15.512  39.1295 -9.43025
-35.6423  11.5134  61.7345  43.2607  20.4418 -15.7946  40.6388 -9.29883
-35.5598  11.6763   62.152  41.0486  19.9336 -16.0196  41.5365 -9.43985
-35.3165  12.3295  65.5248  44.9937  19.3881 -16.3691  42.2952 -9.50559
-35.5165  12.5377  65.2269   42.775  18.2288 -16.0831  43.2217 -9.58745
-35.3506   13.067  67.7273  45.9775  18.3254 -16.4382   43.651 -9.47593
-34.1906  13.5481  66.7806  43.8311  17.9556 -16.8633  44.6162 -9.60578
-40.3155  22.9476  68.6168  46.1304  19.2139 -16.8364  45.5866 -9.81362
 -44.286  23.0349   67.063  44.2386  17.5599 -16.5317  47.1305 -9.93025
-45.2985  23.0254   68.337  46.6776  17.8525 -16.9507  47.8747 -9.85165
-44.6367  23.0934  66.0957  44.8463  18.1103 -17.3561  47.9822 -10.0715
-46.4354  23.9474  66.3166  46.7359  18.2783 -17.8056  48.8984 -10.1969
-46.9462  24.1665  62.5314  45.4348  18.9005 -18.0954   50.095 -10.5225
-46.2658   24.135  60.2781  45.7922  19.6291 -18.6323   51.687 -10.6177
-46.5984    24.34  54.0662  45.5101  19.7794 -18.9763  52.8235 -10.9619
-46.0581  24.4064  50.3405  44.9796  19.8756 -19.4405  54.2847 -11.0656
 -45.037  24.6203   42.576  46.2336  19.7586  -19.873  54.8695 -11.3263
-47.2193  25.1092  35.9318  44.8451  18.8797 -20.2235  55.9404  -11.418
-47.5413  25.1074  26.0059  47.2152  16.7727  7.28853  57.2686  -11.537
-48.5526  25.3465  17.7255  45.0597   14.467  5.58778   58.253 -11.8204
-48.4456  25.4194  5.59652  49.1454  8.90958  45.4157  59.7597 -11.7034
-48.5497  25.5291 -3.82621   46.221  3.26653  41.9242  61.1309 -11.9635
 -48.6262   25.8861  -17.0631   51.3456 -0.637687   73.2838   62.7137   -11.809
-49.0928  26.0172 -28.3242  48.1023 -5.53065  68.7771  63.9276 -11.8491
-48.7538  26.1731 -43.6475   56.036 -7.22905  106.191  64.9856 -12.2047
-49.0994  26.5894 -56.4703  52.3568 -10.1794  99.9539  66.4479 -12.1087
-48.9516  26.7847 -72.7137   61.539 -10.5448  142.106  67.4833 -12.4238
-49.2688  27.2123 -87.2489  57.6627 -12.3492  134.024  68.5012 -12.3057
-49.0382  27.4524 -105.583  71.8082 -11.7555  173.941  69.3717 -12.4685
-49.3248  27.7693 -121.527  67.0523 -12.6291  164.268  70.3163 -12.7415
-49.0891  28.2007 -140.273  82.7434 -11.6667  203.786  71.4397 -12.8582
-48.8537  28.3603 -157.359  78.5735 -12.2325   192.63  71.1969  -13.002
-48.6567  28.7086 -177.383   104.11  -9.9565  214.801   70.865 -12.7032
-48.7429  28.9825 -195.909  99.6235 -7.04264  203.094  71.1704 -13.0585
-48.0688  29.3685 -216.201  136.176 -6.31672  240.182  70.9534 -12.3644
-48.7272  29.4278 -235.241    131.3  -6.0448  227.183  71.8056 -12.4578
-48.6142  29.6937  -251.89   182.22 -5.35989  262.107  73.0721 -12.2406
-48.8608  29.7739 -267.756  176.267 -3.86768  248.149  73.7799  -11.728
-49.5783  29.7897 -274.375  235.295 -3.21268  283.277  74.8216 -11.4682
-49.3563  29.8617 -280.829  227.271 -1.79136  268.387  74.9707 -10.9171
 -50.4582   31.1673  -276.184   278.023 -0.938994   302.468    75.778  -9.99123
 -50.1112   30.8474  -271.689   267.559 -0.752082   286.735   76.7859  -9.15033
 -54.4594   48.1783  -260.845   309.825 -0.402861    317.98    77.584  -8.01571
  -56.693   47.0455  -250.158   297.284 -0.841625    301.62    79.085  -7.49415
 -60.579  45.8883   -235.7  316.669 -1.02206  333.495  79.6829 -6.44458
 -62.296  44.5682 -221.515  303.428 -2.20816  316.459   80.899 -5.68612
-62.4373  43.1251  -200.03  332.142 -1.83423  347.492  81.9212 -4.74177
-58.2505    45.54 -179.034  317.294 -2.69947  329.734    82.37 -3.74643
 -53.488  43.6602  -160.42  358.416 -1.63759  360.833   83.146 -3.01446
-38.5817  68.4497 -140.934  343.202 -3.21499  342.433  84.8468 -1.79389
-22.5573  65.2456 -129.673  381.075 -1.22438  360.009  85.9485 -1.20251
 -1.23198   111.592  -115.632   365.621  0.136214   341.403   87.5034 -0.436537
 20.9831  106.716 -111.517  399.175  2.36066  354.252  88.3513 0.172492
 39.2053  174.087   -104.1  382.594  1.92769  335.813  89.4388 0.351425
  58.497  167.102 -101.858  416.907  1.79673  359.294  90.6202 0.513642
   67.7877    236.187   -96.1051     399.31 -0.0809379     340.65    91.2771   0.994747
  76.951  225.902 -93.6071  431.367   -3.526  366.092  91.9333 0.952972
  85.564  262.918 -87.6688  413.181 -8.32892  347.056  92.5691  1.32287
 94.9336  251.678 -84.7688  445.803 -9.58117  356.976    93.67 0.784493
 104.495  308.364 -78.6778  426.942 -12.1754  338.258  94.3369 0.652815
 114.626  295.394 -75.7491  462.328 -12.2074  343.492  95.5763 0.176725
 119.667  354.587 -69.5932  442.646 -13.4629  325.366   96.691 0.140338
 125.249  339.675 -66.7403  478.578 -14.5187    349.5  98.2297 -0.63048
  123.378   391.374  -61.0327   458.057   -15.658   330.997   99.2269 -0.753323
  122.199   374.623  -46.0909   484.702   -16.583   313.753   99.5922 -0.962947
  117.426   421.012  -29.6733   464.125   -17.156    296.91   99.6199 -0.949812
 113.336  402.847 -17.2869  505.606 -21.4897  293.545  100.403 -1.20381
 105.596   438.46 -3.53817  484.307 -24.0779  277.936  100.833  -1.3335
 98.7374  419.645  1.58867  524.604 -23.1425  262.739  101.639 -2.04422
 90.0463  455.845  8.15551  502.331   -22.24  248.228  102.688 -2.16857
 82.1863  436.367  5.25683  538.824  -15.582  246.227  104.708 -3.26267
  74.009  418.334  4.12619  515.653 -10.2382  231.468   106.09 -3.52908
 65.6846  400.792 0.414793  554.618 0.638132  243.582  107.796 -4.14149
 57.4313   384.46 -1.70726  530.796   10.762  228.604  108.127 -4.47287
 50.6982  368.752 -3.99909  573.589  22.0882  246.372  109.593 -4.72303
 43.1896   353.75 -5.04255  549.096  33.7456  231.955  110.022 -4.73698
 35.9408  339.373 -7.13741  592.012  43.7483   261.64  113.322 -4.80511
 28.7092  325.728 -8.18868  566.783  54.4015  246.631   114.88  -5.0254
 21.3185  313.065 -9.73292  607.294  58.7578  278.181  114.053 -3.85042
 14.2884  300.562 -13.2715  581.943  64.2895  262.553   116.64  -3.9205
 5.74883   289.24 -11.8432    575.7  65.1107  293.646   115.62 -2.07355
-1.38185  277.445 -12.3051  551.984  67.3386  277.266  118.249 -1.11577
 -9.4845  266.133  -1.3146  556.324  67.4524  263.272  120.034 0.555856
-16.7471  255.559  6.91105  532.369  67.9075  248.403  120.995  2.15068
-22.7033   245.73  20.7307  555.002  70.0568  234.007  122.353   4.0002
-29.2333   235.64  31.5853  530.751  71.9649  220.416    122.9  5.75775
-35.6209  226.781  39.4311  537.076  75.1336  207.835  123.484  7.36038
-40.8804  217.698   46.707  515.278  77.1904  195.535  124.471   8.8945
-46.8693    209.5  49.4453  550.238  79.1671  184.193  124.719  9.99942
-51.841 201.207 52.4668 527.846 80.9793 173.065 123.625 11.0962
-56.3962  193.874  51.8515  557.061  83.5634  162.338  112.512  29.2784
-60.2886  186.447  51.9706  534.518  84.8767  151.865  100.449  28.8472
-63.1686  179.831   49.813  560.633  85.8421  142.645  83.5227  54.4944
-64.6603  174.587  47.7743  537.981  84.7412  133.676  65.1194  52.9728
-65.1315  168.411  45.8217  562.675  89.8903  126.493  44.1929  89.3518
-62.2955  198.539  44.2176  539.883  91.2339   117.59  21.6873  86.4424
-58.3203  191.051   42.457   561.61  92.4334  109.784  2.14204  134.338
-50.1166  218.309  42.1156  538.956  92.6907  101.752 -19.3894  129.951
-40.8892   209.35  37.8738  551.166  93.0946  95.1527 -30.8555  184.054
-31.1176  244.729  34.5399  528.753  93.6606  88.0279 -44.9778  177.341
-19.467 234.766 32.7787 546.055  93.316 82.6391 -47.362 222.702
-10.4011  274.348  31.8711  523.556  92.6268  76.2702 -52.7861    213.8
0.761425  263.035  32.0237  537.914  90.1995  73.6846 -50.3581  248.513
 5.20434  304.982  32.1337  515.376  86.7101  67.9417 -51.0267  237.978
 12.0012  292.295  34.5289  516.342  77.5859  75.4027 -47.0366  265.545
 12.0156  330.294  38.4024  494.948  66.7286  69.5318 -45.9568  254.027
 14.3991   316.44   37.264  492.482  51.8477  84.4236 -41.9933  277.713
 13.2185  353.686  37.7851  472.084  35.6272  78.2243 -40.6327  265.379
 14.4642  338.768  35.4687  477.616  16.5459  106.119 -37.1466  287.969
 12.5132  376.954  35.1214  457.969 -3.64564  99.3624 -35.9096   274.96
 11.6229   361.07  29.9355  482.314 -21.5495  137.419 -32.9194  296.455
 9.67047  398.626  25.9523  462.443 -40.5262  129.704 -31.8462  282.815
 9.60183  381.949  24.3807  444.408 -51.8325  169.851 -29.0887  303.034
 8.57893  418.257  22.5011  426.329 -64.3414  160.668  -27.202   288.84
 9.26311   400.85  23.5525  409.251 -68.2102  191.349 -23.8835  307.688
 7.98684  435.721   23.916  392.843 -73.2929  180.748 -21.1637  293.065
 8.09568  417.659  22.9282  377.389 -72.9458  201.717 -16.0597  309.686
 6.05154  448.196  23.6964  362.968 -73.6123  190.226 -11.4798  294.763
 4.98103  429.683  24.1848  349.031 -71.2008  205.324 -7.55402  284.778
 1.40862  459.614  32.4402  346.701  -68.976  193.197 -3.65188  271.326
-2.55869  440.654  37.6161  332.961 -66.4104  197.402  4.55263  260.245
-7.50836  422.359   43.049  378.237 -63.6969  185.528  11.0898  248.263
-12.6616  405.039  47.0938  363.671 -60.4107  189.941  18.2016   235.68
-19.1135  389.155   49.064  409.913 -56.7922  178.179  24.8278  224.978
-22.7011  373.988  49.5793  394.271 -54.0524  184.159  31.5854    213.7
-27.4615  359.533  47.5476  438.706 -50.7494  172.408  37.9774  204.271
-31.8891  345.617  44.0639  422.031 -47.6305  161.357  44.6834  194.533
-36.8619  332.722  41.9278  423.697  -43.771  150.489  52.3395  185.718
-40.4548  320.307  38.2467  407.962 -39.3264  140.122  59.4967  177.109
-45.6338  308.799  38.6798  446.567 -34.5385   130.18  67.0749  169.074
-50.0158  297.567  37.1437  429.844 -29.8052  120.531  73.5323  161.838
-54.9309  287.246  31.1651      466  -25.157   111.39  79.5392  155.724
-58.6934  277.247  22.6074  449.097 -19.5207  102.598  85.8078  149.369
 -63.673  267.891  18.4728  483.294 -14.7668   94.327  91.6975  143.161
-68.1406  258.311  11.7649  465.624 -8.90104  86.2837  96.4212  138.435
-74.8765  251.029  9.79451  494.886 -3.66183  78.7251  101.556  133.033
-80.2391  242.275  5.39469  476.613   2.4228  70.9437  106.201  129.297
-87.0024  235.931  4.46884  502.039  7.37218  64.5338  110.353  125.148
-91.7791  228.621  1.37112  483.415  13.3496  57.9162  113.356  121.931
 -96.162  221.288 0.730503  504.481  19.1913  51.6137  116.856  118.571
-100.384  214.707 -1.69524  485.723  24.8846  46.0852  118.342  116.044
-103.657  207.969 -1.80891  503.632  31.5049  40.3921  121.305  112.916
-107.194  201.952 -3.31444  484.748  37.5418  35.3783  124.463  110.465
-109.817  195.842 -5.13232  482.407  43.5718  30.4812  126.301  107.945
-112.557  190.342 -7.52678  464.584  48.4158  26.0979  128.759  106.165
-114.731  184.732 -6.99124  477.346  53.2383   21.918  129.857  104.041
-116.719   179.76 -7.02702  459.445  57.4396  17.8052  131.922  102.368
-118.038  174.778 -6.12208   471.22  62.3951  14.1414  131.656  100.589
-119.659  170.287 -5.45548  453.417  66.6554  10.8655  132.854  99.1122
 -120.15  165.791 -4.46688  463.815  71.5462  7.43976  130.452  98.2197
-121.211  161.763 -3.43107  446.245  74.9044  3.82131  128.712  94.2322
-120.923   157.68 -2.34814  457.195  78.4975    1.296  124.794  93.4683
 -120.314   154.008   0.22498   439.994   78.4142 -0.770084   122.188   86.9654
-119.134  150.379 0.030827  440.323  81.2071 -4.82886  117.484  86.5368
-117.807  147.119  1.04781   423.75  80.5841 -6.52672  114.218  79.6743
-116.018  143.748  2.63198   430.71  82.5968  -9.9158  109.095  79.5046
-112.665  140.686  5.69619  414.611  81.2749 -11.2928  104.882  71.5028
-110.296  137.282   7.1815  426.287   82.052 -14.6186  99.0665  71.5938
-105.323   134.58  9.59694  410.174  79.7429  -15.411  94.6815  63.0583
-103.319  146.219  12.3597  407.984  78.8245 -18.7048  88.8676  63.3809
-98.0721  143.138  15.3374  392.771  74.9337 -18.9686  85.0775  54.9633
-96.7296  155.536  17.4084  387.843  72.1738 -23.2066  79.8974  55.5072
-92.7352  151.976  19.6759  373.614  66.6631 -22.9683   76.969  47.4777
-92.3889  159.852  21.3667  388.174  62.5283 -27.7986  72.6547  48.0711
-89.0943  156.115  23.3871  373.726  56.3911 -27.2899  70.9531  40.9876
 -88.713  156.649  25.1229   375.38  52.1352 -32.2207   67.908  41.8006
-85.9077  153.145  26.6009  361.816  46.0381 -31.2941  67.9192  36.6183
-83.1814  149.835  21.5013  367.963  41.8004 -35.7938  66.4766  37.3105
-78.5403  146.634  16.9661   354.64  36.1098 -34.8638  69.0156  35.1848
-78.3484  154.753  14.1817  342.929  32.3594 -38.8457  69.7639  35.8808
-76.5823  151.368   11.283  331.022  27.4586 -37.7757   72.386  35.0429
-74.0732  148.117  12.0286   321.02  24.4424 -41.5372  73.3562  36.0393
-71.7891  145.123  11.2385  310.016   20.765 -40.5371  76.4304   35.877
-69.5952  142.093  15.6103  305.358  18.9975 -44.0889  78.0606  36.9585
-66.8608  139.622  18.3565   294.68  16.7367 -43.3232  80.8739  36.8836
-66.3413  137.778  24.3219  295.323  16.2008 -46.4593  81.6047  38.1645
-64.3913  135.461  28.6395  285.102  15.3638 -45.9254  84.2937  38.3707
-63.9526   133.45  34.4347  285.413  16.4304 -48.4832   85.562  39.6969
-62.8437  131.467  37.7581  275.946  17.0758 -48.2482   87.978  40.1293
-61.9281  129.666  42.2677  280.012  19.5154 -50.4498  88.3384    41.67
 -61.672  127.894    44.86  271.213  21.6354 -50.6347   91.118  42.2591
-60.9909  126.232  48.2893  284.674  25.3689 -52.4241  92.5558  43.6788
-60.6177  124.743  50.5227  275.727  28.6422 -52.7415  94.7654  44.2442
-60.633 123.281 52.3861  290.01 33.8007 -53.894 95.5238 45.7521
-61.3285  122.056  53.1796  280.939  39.0732 -54.5814  97.2184  46.2809
-61.3253   120.85  52.3464  291.129  44.7699 -55.6544  96.9975  47.8545
-61.5957  119.822  50.2106  282.213  50.3669 -56.2426  98.8448  48.6744
-61.5522  118.792  46.4127  293.869  56.1418 -57.2221  99.5885  50.2119
-62.0294  117.927  42.0958  284.867   61.666 -57.6968   100.58  51.2629
 -62.056  117.037  38.3034  284.721  67.3416 -58.5879  99.7693  52.8441
-62.4544  116.302  33.9417  276.186  72.8732 -58.8703  100.467  53.9893
-62.8785  115.578  30.2707  270.083  78.4261 -59.6125  100.014   55.337
-63.5034  115.025   25.937  262.406  84.0443  -59.731  99.8407   57.535
-63.7821  114.385  20.4165  256.074  90.0974 -60.4089  98.8346  58.6033
-64.4457   113.98  15.1276  249.061  95.8277 -59.7318  97.0963  61.3547
-64.6957   113.34  9.60332  242.664  100.375 -60.0634  94.7886  61.7348
-65.1051  112.747  4.81812  236.313  106.338 -59.5845  90.9944  65.9028
  -64.8436    112.355 -0.0508688    230.553    111.506   -59.7665    86.6444    65.6682
-64.8425  111.891 -4.41873  224.852  117.311 -59.0535  81.2085  70.6006
-64.5442  111.465 -8.25351  219.634   122.48 -58.7817  75.2839  69.6496
-64.5553  111.039 -11.0344  214.583  127.542 -59.0187  68.6455  75.1334
-64.1964   110.59 -13.7923  210.047  132.505 -58.5753   61.653  73.4573
-64.0028  110.204 -16.4669  205.311  136.907 -58.0784  54.1732  79.7736
-63.7947  109.706 -18.8861  201.191  140.961 -57.9559  46.8302  77.4626
-63.5342  109.301 -21.0484   196.56  145.828 -57.1517   39.141  83.8711
-63.0997  108.789 -22.9518  192.897  149.922  -56.935  32.0573  81.4055
-62.7332  108.326 -24.2235  188.728  153.257  -55.991   25.571  87.2191
-62.2244  107.804 -25.4481   185.33  156.648 -55.6102  18.7567  84.2389
-61.5739  107.337   -26.23  181.443  159.476 -54.4464  12.4297  89.9933
-60.7884   106.84 -27.0841  178.573  161.037 -52.6844   6.1726  86.7414
-59.9481  106.291 -27.5186  174.769  162.973 -52.0849 0.189945  92.9007
-59.0595  105.569 -27.9091  171.991  165.346 -50.2593 -6.28641  89.5282
-57.7018  104.662 -27.9233  168.256  167.902    -49.1 -11.2865   96.058
-55.9411  104.366 -27.9477  165.753  168.451 -48.1611 -16.1756  92.9611
-53.4683  103.013 -27.6074  162.056   170.11 -46.3667 -19.5914  99.3035
-51.1297  102.987 -27.2481  159.737  170.861 -45.5773  -23.351  96.4553
-48.2003   101.43 -26.5468  156.043  171.826 -43.6894 -24.7553   102.54
-45.4905  101.594 -25.8264  153.994  172.597 -42.2726 -26.3673  99.8065
-42.3134  99.9195 -24.8948  150.441   173.39  -41.005 -27.0154  104.885
 -39.096  100.329 -23.8969  148.642  173.788 -39.7538 -27.4293  102.043
-35.9049  98.6218 -22.7216  145.159  173.641 -38.0759 -26.5002  105.151
-32.5386  99.2686 -21.4683  143.549  174.589  -36.699 -25.5239  102.328
-29.6703  97.5124  -20.327  140.277  173.884  -34.864 -23.9356  104.865
 -26.477  98.2627 -18.9139  139.034  173.679 -34.3294 -21.9305  102.278
-23.7657  96.6862 -17.5459  135.948  172.274 -32.7472 -20.0472  104.291
-20.4594   97.787 -15.9921  134.995  172.657 -32.0169 -17.5827  101.868
-18.1857  96.2492 -14.6113   132.06  171.833 -30.5134 -14.3002  102.572
-15.0157   97.606  -13.132   131.38  172.296  -29.878 -10.4381  100.416
-13.2353  96.2502 -11.9893  128.764  172.501 -28.9662 -6.39835  100.253
-10.6766  97.3564 -10.5967  128.253  173.586  -27.497 -1.73339  98.2082
-9.49599  96.0909 -9.66593  125.862  174.176 -26.5106  3.42856   97.215
-7.80714  97.0788 -8.50422  125.613  175.577 -25.6877  9.03565  95.5498
-7.14724  96.0886 -7.62999  123.487  177.724  -23.998  14.2595  94.3799
-5.97781  96.9006 -6.55154  123.386  180.347 -23.9324  19.4115  92.9884
-6.21846  96.2987 -5.77605  121.498  182.588 -22.9694  24.9419  91.9363
-5.33224   96.914 -5.05912  121.511  182.899 -22.3531   29.879  90.8637
-5.89047  96.6104 -4.57418   119.96  184.051 -21.5097  35.0686  89.9977
 -6.0486  96.4946 -4.25872  119.911  184.969 -20.4371  39.3812  89.0465
-7.37116  96.4922 -4.26489  118.762  185.928 -20.1657  44.0702  88.3416
-8.33321  96.4219 -4.38393  118.606  188.031 -19.2858  48.0233   87.618
-9.71146  96.4171 -4.56625  117.696   188.62 -18.9872  52.4425  87.0905
-10.3889  96.3778 -5.31778   117.21  191.149 -18.0119  55.9269  86.4812
-11.1576  96.5035 -6.38779  116.773  192.505 -16.9161  59.8023  86.1993
-12.1553  96.5291 -7.71089  116.381  194.067 -15.3867  62.7377  85.7583
-13.4404  97.3122 -9.00757  116.074  193.983  -14.841  65.8774  85.4313
-15.5462  97.2687 -10.2946  115.706  195.306 -13.2126  68.2901  85.1558
-17.0587   99.804 -11.6949  115.312  196.126 -12.0693  71.0254  85.0946
-19.3202   99.692 -12.9818  115.272  197.918 -10.3754  73.0783  84.9474
-20.2818  101.434 -15.6156   113.92  198.639  -9.6749  75.4987  85.0657
-22.3506  101.727 -17.9039   114.38   200.29 -7.99946  77.0485   84.905
-24.2951  94.2286 -21.6521  112.828  201.022 -7.27578  78.7398  84.9901
 -27.497  94.4638  -24.716  113.823  202.422 -5.61577  79.8112  84.8882
-28.1375  94.7823 -28.9846  112.208  202.618 -4.78711  81.0926  85.1026
-28.0656  94.9229 -32.5244   113.46    203.5 -2.92745  81.7214  85.1977
-29.4178  95.8105 -37.6558  110.974  203.423 -1.72989  82.6156  85.4798
 -30.8352   94.5764  -41.8834   112.599   203.447 -0.619865   82.9032   85.5309
-33.1225   95.685 -47.4935  109.309  202.641  1.24261  83.3551  85.7678
-35.6173  94.8343 -51.8319  111.462   202.77  2.62988  83.1457  85.8144
-38.9013  96.8046 -57.2097   109.12  202.171  4.69421  83.1756  86.0563
-43.3056  94.5582 -61.0351  111.666  201.469  5.58231  82.7691  86.0495
-48.2058  95.3978  -66.374  109.046  200.029  7.51015  81.6076  83.3348
-49.2604   94.821 -70.0992  111.685  199.077  8.55694  80.9071  83.6889
-50.4895  95.1357 -75.4878  108.804  197.544  10.0367  79.9013  83.8264
-49.8934  95.1209 -78.8991  111.561  196.106  11.9638  78.6409  84.1458
-50.1535  95.1761 -83.7063  108.511  194.944  13.0087  77.2712  84.3551
-50.4108  94.1641 -86.7612    111.3  194.088  14.4542  76.2338  84.5433
-51.8872  94.4107  -91.208  108.623   191.63  15.8251  74.8348  84.7212
-50.9958  93.2658  -93.259  111.667  190.339  17.4995  73.6585  84.8732
-51.3154  93.3149 -96.7692  109.639   187.25  18.7298  72.3807  84.9768
-49.6832  91.9665 -96.8724  112.194  185.373  20.5497  70.8705  85.0602
-49.1537  91.9383 -98.5539  110.233  182.832  21.6249  69.0021  85.1307
-48.1903  92.2867 -97.2957  111.698  180.594  22.9892  67.3337  85.1772
-47.9642  92.1481 -97.7759   109.85  178.958  24.8638  65.5023  85.1899
-47.0141  92.6105 -95.1846  110.908  177.349    26.49  63.7804  85.1577
-47.2794   92.303 -94.0232   109.74  175.655  27.3584  62.0799  85.1068
-46.8808  91.7807 -89.5707  109.513  174.644  29.1262  60.6286  85.0482
-46.9696  91.1105 -86.2584  108.661  174.414  29.0694   59.601   84.705
-47.0152  92.0848 -79.9077  106.536  174.914   31.601  59.5352  85.0238
-48.0491  91.1381 -75.1556  106.039  176.434  31.3176  61.7345  82.5066
-48.8771  93.4236 -67.7501  102.305  178.659  34.9622  64.7581  83.6428
-49.8079  92.7036 -61.6474  102.079  182.155  33.7136  70.1631  78.7266
-49.4223  94.7513 -54.8116  98.8899  186.773  38.9145  76.0748  80.9266
 -49.506  94.1847 -48.9386  98.7168  192.459  36.7255  84.2545  74.9977
-48.0976  93.4705 -43.3126  95.7051  198.768  42.8981  93.0404  78.7944
-46.0961  92.7739 -38.6103  95.8082  205.974   39.758   103.56  72.3857
-44.1473  91.5361 -32.1103  91.2747   214.03  47.6374  114.364  77.6604
-43.0034   91.143 -26.8795  91.9381   223.15  44.0106  126.526  70.5286
-42.8621  89.3411 -19.6258  86.2808  232.607  53.3068  138.978   77.665
-43.2404   89.315   -13.92  87.1114  242.341  49.2941  152.826   70.023
-44.1068  87.0028 -4.60697  79.0851  252.965  60.9926  167.123  79.3693
-45.7219  87.4536  2.93463  80.7537  264.658  56.9437  181.902  71.5925
-47.3108  84.3019  13.4485  72.2713  276.863  72.8973  196.502  83.2966
-49.6926   85.301  21.4585  74.5926  289.994  68.7207  212.506  75.4115
-51.424 81.8262 30.9448 68.7859 302.892 90.5837  228.19 91.7623
-54.0536   83.174  38.3552  71.4605  316.559  86.2775  245.051  84.0264
-55.6735   79.021  47.1197   65.418  328.573  115.489  260.008  103.343
-58.2243   80.429  53.9823  68.4638  341.341  111.004  275.976  95.9648
-58.9099  76.2275  62.5171  63.4114  344.716  139.063  289.501  123.968
-60.4927  77.7492  68.7744  66.9061  349.147  134.577  303.922  116.881
-62.8504  71.9521  77.0067  62.4355    342.6  149.694  312.309  140.567
-66.3128  74.5728  82.6024  65.6771  337.485  145.184  321.566  134.141
-69.7704  67.7545  89.4883  62.0472  328.335   152.13  321.612  154.601
-74.7187  71.2887  93.6944  65.1632  320.086  147.535  322.961   148.92
-78.9786  64.1932  98.5114  62.6481  304.591  160.938  322.341  172.272
-84.935 68.8556  100.53 64.9967 290.726 155.913 322.654 166.311
-90.4434  59.4882  103.789  62.2786  275.547   166.71  319.374  191.135
-98.5364  65.1739  104.023  64.3247  261.638  161.486  316.319  184.037
-104.881  56.5917  105.238   62.052  250.607  194.602  308.698  203.141
-114.199  63.0978  103.325  63.8314  239.361   188.11  301.224  196.017
-123.368  53.2076   102.68  63.1545  229.306  224.955  290.029  209.035
-135.555  61.4161  98.1312  64.3643   219.45  217.102  279.285  202.089
-147.039  50.8287  94.7854  65.0932  209.616  252.987  265.868  210.125
-161.965  60.9316  86.2685   64.445  198.837  243.881  252.779  203.143
-176.471  49.7938  77.8422  66.7736  189.068  281.063  239.181  207.278
-194.826  64.1284  64.3389  63.3635  178.145  270.674  225.805  200.359
-213.939  52.8426  51.4657  67.3934  163.646  297.903  212.054  201.762
-236.509  74.4247  33.5898  61.3355  148.368  286.659  198.499  195.105
-260.33 65.3958  16.607 67.3438 135.841 307.664 184.712 189.422
-286.687  100.259 -4.75377  58.8927  121.576  296.643  171.562  183.278
-313.763  91.0253 -24.6882  66.6722  111.223  327.833  158.109  177.892
-342.711  134.735 -49.1525   55.753  98.8582  315.876  145.387  172.259
-373.088  126.975 -72.2556  64.8581  91.0366  342.285  132.723  167.193
-390.596  204.761 -98.9845  52.6377   81.217  329.315  120.273  161.509
-411.127  198.301 -124.914   40.119   76.302  327.724   107.88  156.682
-419.088  260.745 -149.316  51.3043  69.6277  315.177  95.7641  151.101
-429.935  251.083 -176.334  38.6843  68.2222  311.804  84.3673    146.2
-427.378  317.412 -201.278  51.6244  65.2461   299.09  72.7196  140.839
-427.956    304.9 -229.055  40.1067  65.6859  306.326  63.4074  135.859
-415.911  358.382 -253.382  56.8138  64.7841  293.234   53.046  130.622
-407.217   343.96 -279.877  48.0647  65.4748  304.555  44.2166  125.939
-388.954    380.4 -302.157  67.5188  65.9132  291.295  34.7739  120.411
-373.979  364.608 -326.176  59.6939  67.3943  299.473  28.2082  115.558
-355.142  389.918 -343.833  83.3278  69.0574  285.937  20.7982   110.99
-339.212  373.397 -363.079  78.9476  71.5243  294.502  13.3552  107.009
-321.897  388.657 -369.198  100.063  74.6869  280.839  5.44111  102.208
-306.964   372.08 -377.087  96.6079  78.0112  290.972 -1.98911  98.2239
-291.295  378.737 -371.633  109.742  82.3886  276.835 -6.89331   93.361
-277.421  362.611  -367.16  105.975  87.3844  294.112 -9.07856  95.8642
-262.746   362.29 -355.694  110.345  94.4261  280.209 -8.15903  90.7582
-249.433  346.954 -345.957  106.752  101.595  310.288  -1.6664  108.581
-235.185  339.966 -331.893  108.065  111.294  295.803  7.67573  102.042
-221.836  325.227 -319.239  104.774   113.44  319.488  18.8063  125.775
 -208.11  311.653 -302.148  102.188  118.797  304.928  33.4232  119.089
-194.828  297.685 -285.906  99.1648  120.689  343.477   45.306  156.118
-181.539  284.596 -269.103  96.3478  126.224  328.072  59.8864  147.679
-168.967  271.401 -253.016  93.1314  125.406  366.979  70.2513   184.64
-156.329  259.032 -237.402  90.1565  128.518  350.783  84.2905  176.429
-144.283  246.517 -221.708  86.6577   125.24   386.92  91.0991  225.099
-131.709  234.655 -205.323  83.5368  125.935  369.979    101.7  215.739
-119.962  222.733 -189.795   79.859  121.317  403.778  103.069  264.891
-107.749  211.487 -174.605   76.703  119.329  385.969  106.949  261.209
-96.3079  200.373 -159.872  73.1473  114.809  413.137  111.198  248.241
-84.7981  190.234 -145.173  70.7839   113.54   395.42  122.563  251.321
-73.4961  180.038 -130.668  67.9659  108.576  425.479  133.981  238.185
-61.6517  170.702 -117.336  65.9375  106.374  407.388  150.989  249.233
-51.1894  161.436 -103.873  62.9828  101.415  441.134  167.498  236.242
-40.6798   153.59 -91.2499  61.3684  98.6812  422.566  186.226  255.865
-31.1855  145.223 -78.7713  58.7395  93.7389  455.827  204.091  243.169
-20.9907  138.232  -67.509  57.1197  90.4167  436.651  221.849  274.214
-11.6135  131.195 -55.6835  55.2369  84.9295  467.227  237.763  260.312
-2.52025  124.211 -44.7485  53.9877  80.5674  447.487  245.234  293.989
 4.06115  118.169 -34.0457  52.7295  75.5625  477.731  252.234   281.58
 11.9296    112.2 -25.1326  51.7626  70.0151  457.461  249.909  315.756
 18.8145  106.425 -15.8608  50.8885  65.4303  486.186   246.76  302.068
 26.3374  101.449 -8.57419  49.6345  60.9817  465.406  237.735  313.133
  32.9187   97.1939 -0.916809   49.2662   56.6028   492.396   228.936    299.65
 38.927 93.0523 5.96189 48.3364 50.8755 471.432 220.007 308.325
43.3536 89.6079 12.2314 48.1051 46.8376 497.606  211.32 294.743
48.1999 85.8035 16.7272 48.0734 41.2229 476.407 201.767 301.298
51.4734 83.2177 21.5159 47.9658 37.5195 499.834 192.194 287.777
 56.434 79.8862 24.8041   47.85 33.1016 478.336 182.068 291.228
58.6992 77.6851 28.1849 48.2479 29.7757 499.516 172.194 277.911
62.3048  75.279 27.6942 48.1146 23.7728 478.569 162.127 280.198
65.0279 73.8817 25.8725 54.2101 23.3683 493.809 152.443 267.109
67.2414 72.1815 19.6305 53.4296 21.1104 472.708 142.528  267.35
68.9013 71.2171 13.3838 61.3048 19.7442 488.678 133.454 254.598
70.1055 69.9574   2.674 59.5262 16.9851 467.799 124.212 257.116
 71.1327  69.0924 -6.45228   68.853  15.2223   481.34  116.471    244.4
 71.7832  68.6049 -19.3428  66.7095  12.3939  460.741  109.735  250.174
 67.6884  68.2094 -29.4252  78.0208  10.4658  472.068  104.755  237.542
71.2235 95.6366 -43.917 75.2612 7.86579 451.681 100.712 247.687
 69.8959  93.8498 -53.5006  84.5894  6.11195  462.545  98.6896  234.744
70.6441 98.9236 -67.201 80.7971  3.4468  442.62 95.5782 246.745
 66.2738   97.145 -78.0259  91.3891 -2.40249  432.139  94.8388  233.962
 66.4751  106.449 -92.6373  86.5821 -6.88282  413.726  92.4165  255.927
 62.2545  104.144 -104.679  98.5684 -11.3772  395.458  92.7719  242.626
 61.6808  108.949 -121.261  92.8289  -14.866  378.535  89.4225  261.589
 56.9528  106.319 -133.074   107.83 -18.3882  361.787  89.2072  247.996
 55.7156  108.745  -149.51  102.075 -21.3949  346.287  88.2335  276.395
 50.6712  105.935 -158.511  119.082 -24.1748  330.804  89.6059  261.735
  48.758  107.268 -172.102  113.527 -26.6628  316.631  89.0439  289.491
 43.2489  104.295 -176.664  128.415 -28.8612  302.095  90.8372  274.164
 40.5644   100.78 -185.764   123.75  -28.976   289.16  90.1649  310.046
 34.8791  97.7632 -182.927  129.651 -30.2143  274.994  92.8685  294.154
 32.1838  95.6696 -184.203  124.937 -28.1205  263.067  91.3355  335.277
 27.0296  92.7466 -175.142  121.203 -28.6677  249.361  93.1424  318.221
 23.3725  86.7843 -170.649  116.471 -26.5538  238.084  90.5838  353.546
 17.8121  83.9887 -161.578  112.197 -27.7932  226.626  91.1614  335.838
 14.0822  77.1456 -156.704  107.558 -28.4689  215.861  87.6499  381.412
 8.87228  74.2911 -148.312  103.088 -28.3171   205.46  87.0779  362.576
 7.58094  71.1684   -141.1  98.7353 -27.5445  195.277  82.1591  389.156
 4.77055   68.266 -134.023  94.4355 -24.2197  187.496  79.8792  370.068
 4.35947  64.6848 -127.931  90.2612 -20.7095  177.404  75.4486   418.65
 2.54004  61.8879 -121.474  86.3559 -10.0182  176.042  73.3504  398.256
  3.99811   60.8085  -118.126   81.7554 -0.338353   165.584   67.3312   427.791
 4.24286  57.7779 -113.721  79.1493  15.5645   172.13  62.1914  407.113
 5.94295  55.2558 -111.765  74.3921  31.8641  162.106  60.3464  425.556
 5.99264   52.635 -108.998  73.1462  54.3927  188.032  59.8493  405.209
8.81894 51.7469 -108.33 68.2372 76.7979 177.449 56.5641 452.247
 9.90125  49.0165 -107.201  67.9625  98.3502  215.559  54.5948  430.884
11.7461 46.4454 -107.68  62.649 119.595 204.807 50.7676 475.159
 13.0979  43.7838 -108.089  63.6872   135.88  268.967  46.7604  453.021
 15.8388  41.3368 -109.629  57.8647  150.613  255.706  43.9975  433.238
 17.4235  38.7124 -111.315  59.9575  154.723  301.606  41.1357  413.522
13.5143 43.9963 -114.07 53.5714 158.806 288.792   44.03 411.253
 9.97293  40.3424 -117.487  57.5035  153.229  343.147   46.619  392.888
-0.186357   52.7922  -121.487   50.9467   147.948   328.543   51.9962   425.415
-10.3993   48.004 -126.435  57.4327  139.291  380.517    57.07  406.722
-26.8315   74.032 -132.362  49.9414  130.884  364.275  60.0481  439.944
-44.2576  68.9332 -140.572  60.0782  123.065  412.732  62.8321  420.776
-64.7664    115.8  -148.51  52.8726   113.98  395.273  60.3204  430.068
-85.7386  108.241  -159.62   67.737  107.863   437.75  58.0071  411.438
-100.641   170.07 -172.518  60.3125  98.8659  419.321  49.8936  428.845
-118.782  162.739 -186.877   80.747  94.3043  453.268  41.7553  410.186
-115.891  227.593 -203.196  73.2154  86.8303  433.725  34.9654   391.85
-117.406  217.206 -222.684   104.63  84.4804  444.397  28.1671  374.518
-109.485   279.49  -244.34  97.4011   79.252  424.972  22.2039  357.502
-107.028  266.776 -263.988  145.465  80.4193  431.425  16.1791  341.416
-97.9972  324.253 -286.148  137.952  78.6951  411.934  10.8943  325.629
-94.4172  309.396 -297.512  209.291  76.8515  402.789  6.36104   310.71
-87.5893  363.074 -312.343   200.17  73.1914  384.584  1.63139  296.095
-86.2035  346.482 -309.106  266.119  72.6913  399.008 -1.80876  282.134
-79.4272  385.597 -310.303  254.592  69.7084  380.459 -4.11593  268.577
-76.6135  367.871 -297.294  305.013  69.0874  395.778 -5.88267  255.511
-71.5412  408.804 -288.969  291.241  66.1358  377.012 -6.00175  242.865
-71.6871  390.389 -273.642  335.001  66.1617  387.978 -7.12857  230.218
-67.5707  426.951 -263.266   319.88  65.5353  369.328 -5.73056  219.469
-67.0903  407.508 -247.742  352.636  62.7781  381.082 -6.14063  207.279
-64.7312  418.896 -237.009  336.718  58.8405  362.596 -4.26121  197.397
-66.0717  400.224 -224.101  366.406  57.8644  369.747  -4.4415  185.919
-62.1554  425.987 -215.509  350.072  55.1985   351.51 -2.39379  176.723
-60.9507  406.746 -205.439  376.481  54.6228  370.895 -3.02071  166.425
-59.5584  399.808 -199.359  359.944  53.2933  352.496 -1.36056  157.966
-60.1874    381.8 -189.254  374.684  51.7501  369.591 -3.06148  149.407
-67.4202  385.248 -182.707  358.043  49.6809   351.34 -2.20639  141.478
-75.4894   367.24 -171.693   366.78  48.9865  376.281 -6.46172  136.331
-85.2616  381.008 -164.141  350.265  48.0356  357.654 -7.73524  128.709
-95.4533  363.265 -154.042  354.926  48.0174  384.428 -8.29001    121.5
-101.388  362.712 -147.169  338.966  46.8373  365.364 -7.64813  114.598
 -107.78  346.295 -138.248  340.666  48.0366  380.684  1.90417  124.937
-114.806  354.216 -132.268   325.26  48.1129  361.789  11.8759  117.538
-122.226  338.343  -124.13  323.603   51.505  389.667   26.814  152.099
-128.486  348.374  -118.89  308.916  53.5436   370.26  42.0529  143.614
-135.075  332.727 -112.077  306.769  54.9214  375.134  55.7813  194.086
 -138.71  343.964 -107.696  292.743  56.5061  356.804   70.074  184.161
-142.819  328.384 -101.848  291.217  57.0447  389.562  74.8794  217.371
-144.717  335.991  -98.573  277.815  57.7697  370.534  80.5692  206.686
-147.098  320.638 -93.6429   269.95  57.4854  403.221  80.9364  254.786
-146.979  327.149 -91.0082  257.362  58.5974  383.801   82.413   242.61
-146.846  311.447 -87.0409  249.525  55.4316  385.879  79.9326  287.778
 -144.26  300.844 -85.1308  237.735  52.7341  367.282   78.559   274.25
-141.558  286.506 -81.9038  226.524  51.5946  401.344  74.9853  317.602
-134.824  275.861 -80.1215  215.689  51.6534  382.142  72.3695   302.73
-128.171  262.301 -77.4423  204.992   50.229  363.687  68.7363  342.751
-124.035  257.393 -76.2357  194.986  49.0861   346.37  65.8171   326.91
-119.765  244.545 -73.4593  185.047  47.8942  329.966  62.2878  363.317
 -115.57  235.229 -71.9663  175.805  47.5722  314.432  58.0541  346.694
-110.977  223.301 -69.0312  166.679  46.7021  299.743  54.8129  378.303
-106.682  223.376 -67.1687  158.017  45.7942  285.841  50.9443  397.055
-102.076  211.877 -64.4733  149.556   44.914    272.7  47.1468  405.294
-98.2225   228.18 -62.2098  141.443  44.3676  260.386   43.494  387.053
-94.0385  216.374 -59.4598  133.658  43.6919  248.563  39.2978   410.21
-94.0604   223.26 -57.0717  126.159  43.1801  237.692  35.2406   391.76
-93.9818  211.889 -55.8411  126.295  42.0896  227.223  31.4966  410.694
-92.8892   226.37 -54.6343  119.176  41.1012  217.441  27.8597  392.202
-91.9258  214.806 -51.4748   115.48  39.1765  208.076  24.9597  406.807
-90.825 235.841 -49.039 108.846 32.4983 235.249 21.4234 388.625
-89.4487  223.559 -41.5131  120.997  24.8699  225.068  19.4234  388.349
-91.2606  246.722  -35.836  113.715  18.6164  249.662  17.4295  370.845
-92.8529  234.022 -27.1559  131.248  10.5658  239.304  15.3321   378.27
-92.7275  267.726 -20.6847  123.452  8.97187  234.008  13.3786   361.11
-93.6093  254.658 -12.7051  146.309   6.3178   224.02  11.4537  365.251
-91.214 288.719 -7.0517 138.072 7.04688 218.086  9.7953  348.54
-89.0562   274.56 -3.41419  131.335  6.40019  208.697  8.14269  336.101
 -86.363  300.875 -1.82905  124.556  5.39503  199.819  6.84665  320.758
   -84.91   286.464 0.0186776   117.898   4.64088   191.185   4.44333    313.44
  -80.6585    320.013 -0.0224123    112.112    3.41956    183.016    2.46065    298.974
-78.0589  304.755  3.24596  107.342  1.59757  175.039 0.100243  284.966
-71.7626  327.893  3.86808  102.241 0.533006  167.358 -1.30283  271.619
 -67.3944    312.33    6.5268   97.8932 -0.334895    159.88  -2.89058   258.663
-58.4403  337.011  6.23018  93.4287  -1.4981  152.655  -3.7543  246.337
-50.9797   321.12  9.62604  91.5662 -2.51575  145.611 -4.74654  234.302
-48.3358  344.771  10.0865  87.4719 -3.80219  138.983 -4.83653  223.071
-47.7203  328.916  11.2086  83.6437 -5.09789  132.554 -6.92178  212.926
-44.9453  337.373  10.7779  80.0615 -6.23652    126.3 -7.55926  202.378
-43.2674  321.882  6.64733  97.2568 -7.73153    120.4  -8.7975  192.243
-42.7128   342.46 0.530071  93.4277 -9.17316  114.713 -9.26552  182.534
 -43.236  326.818 -2.52114  119.611 -10.6602  109.278 -9.84402  173.222
 -42.948  343.637 -7.75088   114.85 -11.6069  103.926 -9.30734  164.342
-43.7335  328.009 -10.3269  137.187  -12.871  98.7859  -11.405  169.933
-43.9988  317.942 -15.0796  131.754 -13.7387  93.8344 -11.6643  161.137
-45.0484  303.352 -16.7232  148.812 -14.9598  89.0344 -11.5253  152.797
-46.7182  292.143 -20.3691  142.769 -15.6225  84.3465 -10.3001   144.92
-48.2362  278.463  -21.662  155.563 -16.0983   79.875 -10.5755  137.825
-50.3543  268.678 -24.7854   149.18 -16.3567  75.6972 -9.00382   130.61
-52.0111  256.033 -25.4401  157.218 -16.6117  71.5191 -8.33705  123.634
-53.2788  247.066 -27.7507  150.687 -16.9695  67.6097  -6.3146  117.239
-54.1831   235.84 -27.9209  154.201 -16.7571  63.8014 -5.89343  111.175
 -53.152  225.448 -29.5303  147.743 -16.5213  60.2449 -3.94252  105.579
 -52.229   215.27 -29.4432  147.704 -16.5635  56.7658 -3.04106  99.9326
-50.5892  205.534 -30.5491  141.449 -16.1809   53.453 -1.83054  94.5839
 -48.8276   196.266  -30.4795   134.796  -15.4033   50.3011 -0.244827   89.6381
-47.2337  187.277 -31.1976  129.118 -14.5684  47.3282  1.21678  84.8624
-45.8244  178.772 -31.3852  122.585 -8.77197  52.3663  2.33266  80.4231
-44.4283  170.549 -32.0247  117.414 -4.00089  48.8775  3.33191  76.2292
 -43.045   162.69 -32.2931  111.216  1.14834  52.1828    4.111  72.2586
-41.5544  155.152 -32.6406  106.261  5.27887  48.8542  5.01412   68.603
-40.0832  147.911 -32.0761  101.289  12.5831  58.6329  5.48198  65.1186
-38.6181  140.966 -31.7012  96.7314  19.2598  54.8639  5.80879  61.9581
-37.2152  134.248 -31.4137     91.6  25.8817  59.8603  5.83342  59.0267
-35.5533  127.724 -30.9507  87.3444  31.7792  56.2849  5.73452  56.3301
-33.5606  121.613 -30.7659  82.3806  38.3887  63.3267  5.68412  53.8336
-30.7883  114.548 -30.2861   78.355  44.1692  59.7335  5.63188  51.5368
-27.7514  109.057  -30.261  73.5265  50.3175  77.6992   5.3836  49.3922
-24.3774  102.096 -29.7146  69.7985  55.5625  73.7603  6.49035  48.1293
-20.8108  97.0321 -29.5866  65.1377  58.6123  83.4592  6.12072  46.4038
-17.0712  89.7989 -28.8596  61.5604  60.4865  79.6881  6.77059  45.4553
-13.2383  85.3331 -28.2943  57.6748  61.6418  79.5864  5.88759  44.1073
-9.63041   79.152 -27.1909  54.2267  62.1593  76.2139   5.5628  42.9224
-5.80652  74.9767 -26.4709  50.2693  62.1142  75.8422  3.97167  42.1257
-2.99774  69.8193 -25.1901  47.0441  61.3557  72.9196  2.48422  40.7114
  0.13507   66.0626  -24.1228   43.0315   60.3178   72.5779 0.0380693   40.5333
 2.91074  60.9161 -22.5949  40.0443  58.4995  69.9935 -2.42287  39.1141
 5.72697  57.3398 -20.8788  37.3455  56.1993   67.675 -5.11295  39.2251
 7.64457  53.5608 -18.8681   34.501  53.2624  65.5113 -7.87801  37.7387
 9.94239  50.2623 -16.8705  32.0612  50.9871  63.1733  -10.926  38.0996
 11.3275  48.4467 -14.4718  29.3714  48.1812  61.2935 -14.1586  36.6725
 12.9565  45.3393 -12.0669  27.6035  45.4135  58.6008 -16.6146  37.1117
 14.8574  42.5891 -9.41107  25.1186  42.1522  57.0422 -19.0993  36.1408
 16.8362  39.7809 -6.93052  23.5713  38.6193  54.0512 -19.6948  35.4837
 18.6228   39.039 -4.35955  21.5201  34.7392  52.8318 -20.0451  34.8355
 20.1112  36.7053 -2.26005  19.5659  31.2928  50.5723 -20.3874  34.0717
  21.4974   34.4015 -0.464918   17.8696   27.7541   49.6296   -20.687   33.2845
 22.7711  32.4233  1.03527  16.1137  23.7272  46.7209 -20.7699  32.5199
 24.0489  30.4371   2.3029  14.7239  19.8293  46.0621 -21.0867  31.6791
25.0602 28.6686 3.50841 13.3812 15.3393 42.8962 -21.098 30.8246
 25.6986  26.9139  4.61514  12.1301  11.2265  42.4992 -20.9265  29.8898
 26.2373  25.4048  5.98017  11.0643  6.19425  39.2743 -21.7738  28.9295
 26.4248  24.1265   7.0319  10.1456  1.87357  39.2311 -22.2873  27.9866
  26.688  22.8854  7.90086  9.40826 -3.28553  36.0101  -22.582  26.9484
 26.6099  21.7516  8.56021  8.77486 -7.53201  35.8926 -22.2234  25.8866
 26.5758  20.8166  9.18518  8.18788 -12.3388  32.7508 -22.3126  24.8784
 26.4495  19.9034  9.66284  7.79329 -16.0312   32.666 -22.1559  23.7619
 26.0999  19.1484  10.3535  7.54656 -20.8028  29.5215 -21.9593  22.6373
 25.4948  18.5296  10.7295  7.34046  -24.172  29.5655 -21.5952  21.5112
 24.8183  17.8821  11.0425  7.09811 -28.4807  26.6817 -21.2442     20.3
  23.617  17.2542  11.2953  7.00001 -31.3075  26.7165 -20.6709  19.1793
 22.0311   17.357   11.403  6.90554 -34.9016  23.9737 -19.3601  17.4075
 20.0398  16.7018  11.3033  7.04376 -37.0878  23.8465 -18.3395  16.3536
 18.2057  16.9399  10.9752  7.14339 -39.9993  21.5187  -15.233  12.5899
 15.8707  16.2406  10.5703  7.57003 -41.4154   21.294 -12.6122  12.0207
 13.7095  16.6997  10.1293  7.69287 -43.3993  19.3156 -8.89267  8.67057
 11.0595  15.9926  9.26019  8.81071 -44.0071  18.8063 -5.81285  8.24399
 8.91317  16.4251  8.38177  8.87785 -45.0627  17.0671 -2.09851   4.9562
 6.11876  15.6784  7.44917  9.90791 -44.9092   16.253 0.875498  4.90373
 3.98376  16.2111  6.45677  9.98265 -44.8448   14.897  3.92242  2.71171
 1.31115  15.5582  5.65473  10.7086 -43.9381  13.8852  6.63339  2.74771
-0.480266   15.9625   4.82278   10.7644  -42.7611   12.8227   9.32755  0.809047
-2.86305  15.2971  4.71386  11.0776 -41.3925  11.8268  11.8189   1.0462
 -4.15169     15.46   4.49082   11.1911  -40.0871   10.7624    14.285 -0.812318
 -6.12713   14.9069   5.04729   8.42025  -38.8089   9.85958   16.7201 -0.589546
-6.81364  14.7162   5.2885   8.5791 -37.4319  8.85973  18.5138 -1.99793
-7.75215  14.3388   5.5021  6.53836  -35.956   8.0333   20.391 -1.96149
-8.18024  14.0337  5.60905  6.68417 -34.2421  6.90503  21.2644 -2.87727
-8.59283  13.6599   5.5051  2.55151 -32.2831  6.28239  22.0782  -2.7786
 -9.0196  13.3548  5.69556  2.80079 -29.5681   4.4789  22.3361  -3.3163
 -9.4049  12.9272  5.10658 -4.39903 -26.7644  4.12225  22.5587 -3.24014
 -9.6724  12.4851  4.97627 -3.95823  -24.067  2.80574  22.2755 -3.41991
-9.38491  12.0365  3.37229 -16.4567 -21.2534  2.65743  21.9632 -3.36615
-10.5045 0.204027  2.10905 -15.5859 -18.7506   1.5701  21.3038 -3.32437
-10.8191 0.171788  1.21398 -14.7644  -16.171  1.73036  20.6631 -3.20816
 -11.6222 0.0133073  0.296867  -14.1563  -13.6853  0.859173   19.9067  -2.98312
 -11.5767 -0.147478  0.535968  -13.9872  -11.1745   1.12991   19.1884  -2.71884
 -11.1597 -0.333615   1.06109  -13.4428  -8.74478  0.385737   18.5053  -2.32576
-8.65677 -4.97942  1.85172 -22.0103 -6.38566 0.641422    17.65 -2.02435
-6.55934 -4.98993  2.97691 -21.1595 -4.43219 0.329474  15.7346 0.452372
-4.57018 -6.13637  3.42638 -26.8974 -2.51742 0.661084  13.7855 0.666375
 -2.47364  -6.08051   4.26277  -25.9494 -0.883323  0.551544   12.1912   1.96777
0.313882 -7.65109  4.51454 -30.9361 0.705941 0.933595  10.3052  2.12841
 3.06656 -7.58826  5.37704 -29.8985   2.0286 0.881007  8.65428  3.27034
 4.92009 -8.96238  5.36063  -35.427  2.98093  1.27228   6.6534  3.44841
7.02878 -8.7881 5.99394 -34.306 3.77777 1.56492 5.48391 4.22716
 9.02968 -9.83402  6.15365 -33.4686   4.4309   2.0119  3.83696  4.56067
 11.1411 -9.68462  6.92671 -32.4214  4.91333  2.42764  2.96199  5.17652
 12.6505 -10.3414  7.74759 -31.6225  4.98418  2.89443  1.77078  5.63935
 14.2834 -10.1993  8.97257 -30.6834  5.15535  3.26984 0.767442  5.87006
  15.5556  -10.4324   9.66506   -29.894   4.93822   3.80047 -0.649842   6.31031
 17.1079 -10.1134    10.26 -29.0479  4.56725  3.39104 -1.88795  6.33012
 18.6661 -10.5229  11.0394 -28.1868  3.79306  4.01211 -3.39325  6.67336
 20.4764 -10.0314  11.4615 -27.4083    2.925   3.6823 -4.34018  6.94694
 21.8907 -10.4135  12.1361 -26.6251  1.75175  4.28326 -5.16512  7.23245
 23.4566 -9.87786  12.7493 -25.8832  1.25091  4.52208 -5.91936  7.36856
 24.6418 -10.1014  13.3607 -25.1604 0.314741  5.00381  -6.7886  7.57197
  25.9659  -9.57463   14.1488  -24.2533 -0.155852    5.1693  -7.55868   7.67448
 26.6338  -9.4871   15.012 -23.6129 -1.05262  5.54033 -8.41608  7.79108
  27.404 -8.94597  16.0383 -22.7197 -1.40639  5.80393 -9.18725  7.78637
 27.8695  -8.7308   16.686 -22.0212 -1.77492  6.06082 -9.84883  7.79489
 28.1993 -8.31347  17.4288 -21.0967 -2.08083  6.24629 -10.5198  7.66569
 28.1237 -7.89725  17.8783 -20.2901 -2.45049  6.39476 -11.1653  7.55682
 27.8862 -7.43056  17.9166 -19.4007 -2.88034  6.49883 -11.7736  7.31302
 27.5489 -7.06936  18.1255 -18.6212 -3.39758  6.47987 -12.2765  7.03406
  26.693 -6.62163  18.1396 -17.6718 -3.81213  6.47892 -12.6328  6.69875
 25.5426 -5.73853  18.1158  -16.814 -4.33014  6.34727 -13.0874   6.4036
 23.9075 -5.27394  18.2456 -15.8593 -4.86843  6.22482  -13.401   6.0049
  21.9705 -0.247296   18.0536  -14.9237  -5.51516   6.06077  -13.6793   5.66106
    19.9443 -0.00358592     17.7599     -13.974    -6.13597     5.83286    -13.7567     5.22574
  17.913  2.35532  17.3521 -13.1082 -6.89153  5.61384 -13.7013  4.72183
 15.6666  2.62011  16.5374  -11.867 -7.45792  5.28992 -13.7676  4.24033
 14.4203  2.99162  15.5568 -11.0715 -8.06122  5.00231 -13.6247  3.77932
 12.9328  3.33371  13.8148 -7.73127 -8.61621   4.6556 -13.3201  3.18739
  12.237  3.52754  11.8708 -7.20336 -8.98612  4.26192 -13.0793  2.74722
 11.0235  3.94198  9.57069 -4.95842 -9.29977  3.93316 -12.3294  2.05431
 10.1122  3.92017  7.22428 -4.52755 -9.69437  3.42121 -11.7021   1.7626
