-8.49962e-14  4.59121e-41  4.59121e-41
-0.000809453 -0.000266807   0.00704617
-0.000801986 -0.000276273   0.00704882
-0.000792864 -0.000285057   0.00705117
-0.000784996  -0.00029376    0.0070533
-0.000771443  -0.00030211    0.0070552
-0.000759975 -0.000309154   0.00705684
-0.000745687 -0.000316303   0.00705819
-0.000733526 -0.000322227   0.00705931
-0.000718165 -0.000328113   0.00706015
-0.000702872 -0.000332726    0.0070608
-0.000684919 -0.000337749   0.00706115
-0.000671282 -0.000339589   0.00706123
-0.000655153 -0.000340861   0.00706108
-0.000642637 -0.000338666    0.0070607
-0.000629597 -0.000336056   0.00706011
-0.000618253 -0.000331538   0.00705928
-0.000606925 -0.000325784   0.00705829
-0.000596338 -0.000318272    0.0070571
-0.000585391 -0.000309512   0.00705576
-0.000576286 -0.000298136   0.00705426
-0.000566857 -0.000285581   0.00705264
-0.000558665 -0.000271049   0.00705087
-0.000548567 -0.000255735   0.00704901
-0.000539406 -0.000238461   0.00704705
-0.000529389 -0.000219501   0.00704504
-0.000519721 -0.000198516   0.00704295
-0.000509405 -0.000176144   0.00704086
-0.000498379   -0.0001521   0.00703876
-0.000486773 -0.000126246    0.0070367
-0.000475046 -9.82204e-05   0.00703468
-0.000463142 -6.82302e-05   0.00703274
  -0.0004494 -3.69189e-05   0.00703089
-0.000435226 -3.51676e-06   0.00702914
-0.000417582  3.07364e-05   0.00702754
 -0.0003991 6.75416e-05  0.00702609
-0.000377037  0.000105161   0.00702485
 -0.0003547 0.000145643  0.00702385
-0.00032849 0.000186577  0.00702312
-0.000302456    0.0002308   0.00702267
-0.000272089  0.000274711   0.00702252
-0.000242237  0.000321994   0.00702269
-0.000206983  0.000369119   0.00702321
-0.000172933  0.000419952    0.0070241
-0.000133599   0.00047021    0.0070254
-9.46711e-05  0.000524405   0.00702714
-5.07471e-05  0.000577375   0.00702938
-6.80784e-06  0.000634422   0.00703211
4.17481e-05 0.000689731  0.00703536
8.95359e-05 0.000749225  0.00703916
0.000143163  0.00080722   0.0070435
0.000194958 0.000868848  0.00704842
0.000253712  0.00092765  0.00705393
0.000310798 0.000989872  0.00706006
0.00037388 0.00104921 0.00706681
0.00043459 0.00111077 0.00707423
0.000502356  0.00116888  0.00708234
0.000567878  0.00122951  0.00709118
0.000639629  0.00128764  0.00710077
0.000706794  0.00134923  0.00711116
0.000781441  0.00140888  0.00712235
0.000849943  0.00147135  0.00713438
0.000924696  0.00153228   0.0071472
0.000997665  0.00159687  0.00716088
0.00107734 0.00165997 0.00717541
 0.0011516 0.00172649 0.00719088
0.00123121 0.00179193 0.00720727
0.00130643 0.00186105 0.00722466
0.00138794 0.00192822 0.00724302
0.00146197 0.00199955 0.00726238
0.00154278 0.00206934 0.00728279
0.00161605 0.00214361 0.00730425
0.00169499 0.00221566 0.00732681
0.00177075  0.0022915 0.00735045
0.00185061 0.00236729 0.00737522
0.00192765 0.00244665 0.00740107
0.00200789 0.00252539 0.00742808
0.00208481 0.00260955 0.00745622
0.00216975 0.00269357 0.00748556
0.00225215 0.00278005 0.00751611
0.00234087 0.00286755 0.00754795
0.00242576 0.00295813 0.00758091
 0.0024978 0.00304643 0.00761544
0.00257198 0.00313985 0.00765119
0.00265856 0.00323581 0.00768821
0.00274385 0.00333634 0.00772637
0.00283234 0.00343635 0.00776596
0.00291647 0.00354116 0.00780673
0.00300937 0.00364807 0.00784886
0.00309657 0.00375802 0.00789224
0.00319254 0.00386962 0.00793707
0.00328342 0.00398448 0.00798307
0.00337452 0.00410021 0.00803065
0.00347066 0.00422229 0.00807914
0.00356929 0.00434257 0.00812935
0.00367489   0.004468 0.00818049
0.00378267 0.00458932 0.00823351
0.00388614 0.00471957 0.00828757
0.00399267 0.00484516 0.00834351
0.00408989 0.00498113 0.00840045
0.00419034 0.00511163 0.00845929
0.00428471 0.00525286 0.00851912
0.00438412 0.00538823  0.0085809
0.00447616 0.00553437 0.00864362
 0.0045717 0.00567359 0.00870842
0.00466292 0.00582165  0.0087742
0.00475919 0.00596339 0.00884198
0.00484867 0.00611298 0.00891075
0.00494382 0.00625657 0.00898143
0.00504563 0.00640475 0.00905291
0.00514973 0.00654568 0.00912658
0.00525839 0.00668388 0.00920084
 0.0053751 0.00681725  0.0092773
0.00550282 0.00693254 0.00935408
0.00564428 0.00704399 0.00943304
0.00579474 0.00713556 0.00951234
0.00595772 0.00722335 0.00959378
0.00611606 0.00730041  0.0096759
0.00628511 0.00737467 0.00976016
0.00645684 0.00745012 0.00984529
0.00663401 0.00751977 0.00993239
0.00681867 0.00758429    0.01002
0.00701781 0.00764635  0.0101094
0.00720717 0.00772104  0.0101998
0.00741947 0.00778967  0.0102917
0.00760994 0.00788615  0.0103851
0.00781574 0.00797665  0.0104799
0.00800156 0.00809986  0.0105764
0.00818413  0.0082135  0.0106747
0.00835293 0.00835701  0.0107745
0.00850669 0.00848772  0.0108764
0.00865204 0.00864409  0.0109798
0.00880063 0.00879415  0.0110851
0.00892957 0.00896589  0.0111918
0.00906762 0.00913219  0.0113001
0.00918753 0.00932177  0.0114101
0.00930727 0.00950317  0.0115217
0.00941436 0.00970777  0.0116348
0.00951647 0.00990072  0.0117498
0.00962059  0.0100923  0.0118662
0.00972916  0.0102812  0.0119841
0.00983142  0.0104813  0.0121036
0.00993834  0.0106791  0.0122249
0.0100224 0.0108965 0.0123479
0.0101187  0.011113 0.0124725
0.0101876 0.0113531 0.0125988
0.0102716    0.0116 0.0127272
0.0103444 0.0118546 0.0128566
 0.010435 0.0121153 0.0129881
0.0105315 0.0123755 0.0131204
0.0106447   0.01264  0.013255
 0.010765 0.0128992 0.0133905
0.0109046 0.0131611 0.0135282
0.0110671 0.0134228 0.0136666
0.0112441 0.0136754 0.0138074
0.0114535 0.0139245  0.013949
0.0116723 0.0141588 0.0140928
0.0119208 0.0143646 0.0142376
 0.012184 0.0145715 0.0143842
0.0124577 0.0147587  0.014532
0.0127442 0.0149484 0.0146817
0.0130305 0.0151344 0.0148329
0.0133284 0.0153195 0.0149859
0.0136182 0.0154995 0.0151403
0.0139185  0.015685 0.0152965
0.0142127 0.0158869 0.0154534
 0.014518 0.0160937 0.0156121
0.0148169 0.0163076 0.0157716
0.0151291 0.0165251  0.015933
0.0154182 0.0167494 0.0160954
0.0157269 0.0169682 0.0162593
0.0160194 0.0171878 0.0164244
0.0163305 0.0174018  0.016591
0.0166106 0.0176132  0.016759
0.0168982 0.0178152 0.0169287
0.0171621 0.0180053 0.0170998
 0.017427 0.0181867 0.0172725
0.0176752  0.018364 0.0174465
0.0179161  0.018532 0.0176222
 0.018156 0.0187023 0.0177989
0.0183845 0.0188608 0.0179774
0.0185963 0.0190364 0.0181571
0.0188034 0.0192013 0.0183384
0.0189984 0.0193838 0.0185207
 0.019191 0.0195562 0.0187047
0.0193591 0.0197521 0.0188897
 0.019532   0.01994 0.0190765
0.0196885 0.0201533 0.0192644
 0.019845 0.0203562  0.019454
0.0199858 0.0205849 0.0196447
 0.020126 0.0208045  0.019837
0.0202499 0.0210503 0.0200305
0.0203798 0.0212866 0.0202255
0.0205111 0.0215473 0.0204219
0.0206562 0.0217919 0.0206192
0.0208014 0.0220503 0.0208183
0.0209486 0.0223057 0.0210183
0.0211091  0.022577 0.0212199
0.0212696 0.0228491 0.0214224
0.0214546 0.0231374 0.0216263
0.0216397 0.0234266 0.0218311
0.0218421 0.0237276 0.0220376
0.0220553 0.0240286 0.0222451
0.0222827 0.0243385 0.0224539
0.0225229 0.0246378 0.0226636
0.0227828 0.0249497 0.0228746
0.0230434 0.0252591 0.0230865
0.0233188 0.0255761    0.0233
0.0236084  0.025878 0.0235144
0.0239142 0.0261908 0.0237301
0.0242324 0.0264888 0.0239468
0.0245657 0.0267948 0.0241648
0.0249116  0.027088 0.0243837
0.0252697 0.0273867  0.024604
0.0256349  0.027672 0.0248252
0.0260106 0.0279597 0.0250478
0.0263886 0.0282338 0.0252714
0.0267725 0.0285073 0.0254965
0.0271553  0.028777 0.0257226
0.0275408 0.0290431   0.02595
0.0279264 0.0293003 0.0261782
 0.028312 0.0295555 0.0264079
0.0286907  0.029807 0.0266384
0.0290664 0.0300565 0.0268704
0.0294321 0.0303079 0.0271031
0.0297917 0.0305604 0.0273373
 0.030137 0.0308139 0.0275721
0.0304821  0.031066 0.0278082
0.0308024 0.0313252 0.0280452
0.0311223 0.0315832 0.0282835
0.0314215 0.0318445 0.0285226
 0.031723 0.0321061 0.0287628
0.0319972 0.0323734 0.0290038
0.0322779 0.0326406 0.0292459
0.0325354 0.0329105  0.029489
0.0328003 0.0331817 0.0297331
0.0330415 0.0334586 0.0299783
0.0332901 0.0337353 0.0302245
0.0335146 0.0340148 0.0304716
 0.033748 0.0342965 0.0307198
0.0339654  0.034584  0.030969
0.0341919 0.0348718 0.0312192
0.0343961 0.0351705 0.0314703
0.0346084 0.0354644 0.0317223
0.0348118 0.0357631 0.0319754
 0.035023 0.0360627 0.0322294
0.0352419  0.036364  0.032484
0.0354661 0.0366677 0.0327397
0.0356997 0.0369712  0.032996
0.0359411 0.0372777 0.0332531
0.0361852 0.0375877  0.033511
0.0364394 0.0378983 0.0337696
0.0366953 0.0382141 0.0340291
0.0369611 0.0385344 0.0342894
0.0372329 0.0388585 0.0345502
0.0375128 0.0391846 0.0348121
0.0377988 0.0395103 0.0350743
0.0380939 0.0398391 0.0353374
0.0383917 0.0401697  0.035601
0.0386973 0.0405025 0.0358654
0.0390067 0.0408374 0.0361301
 0.039325 0.0411704 0.0363957
0.0396463 0.0415043 0.0366616
0.0399751 0.0418405 0.0369282
0.0403113 0.0421768 0.0371952
0.0406533 0.0425122  0.037463
0.0410027  0.042848 0.0377312
0.0413562 0.0431836 0.0380001
0.0417122 0.0435195 0.0382694
 0.042072 0.0438569 0.0385392
0.0424343 0.0441927 0.0388094
0.0427941 0.0445289 0.0390801
0.0431579 0.0448633  0.039351
0.0435188 0.0451978 0.0396223
0.0438821 0.0455304  0.039894
0.0442423  0.045861 0.0401661
0.0446029 0.0461889 0.0404385
0.0449594 0.0465148 0.0407112
0.0453165 0.0468374 0.0409842
0.0456665 0.0471573 0.0412577
0.0460176 0.0474739 0.0415314
 0.046365 0.0477868 0.0418055
0.0467099 0.0480969 0.0420799
0.0470507 0.0484032 0.0423546
0.0473862 0.0487062 0.0426296
0.0477152 0.0490046  0.042905
0.0480374 0.0493013 0.0431806
0.0483524 0.0495907 0.0434566
0.0486657 0.0498784 0.0437328
0.0489715  0.050158 0.0440093
0.0492734 0.0504363 0.0442859
0.0495685 0.0507061 0.0445628
0.0498597 0.0509742 0.0448399
0.0501442 0.0512367 0.0451172
0.0504259 0.0514964 0.0453948
 0.050704 0.0517537 0.0456726
0.0509778 0.0520096 0.0459506
0.0512501 0.0522683 0.0462286
0.0515242  0.052527 0.0465067
0.0517991 0.0527914 0.0467848
0.0520743 0.0530547  0.047063
0.0523496 0.0533235 0.0473413
0.0526265 0.0535928 0.0476197
 0.052904 0.0538704  0.047898
0.0531829 0.0541488 0.0481765
0.0534622 0.0544349 0.0484549
0.0537425 0.0547214 0.0487334
0.0540211 0.0550148 0.0490119
0.0543029 0.0553126 0.0492902
0.0545854  0.055619 0.0495684
0.0548746 0.0559332 0.0498462
0.0551627 0.0562536 0.0501241
0.0554533 0.0565801 0.0504016
0.0557438 0.0569123 0.0506792
0.0560364 0.0572494 0.0509565
 0.056332 0.0575901 0.0512336
0.0566284  0.057933 0.0515105
0.0569297 0.0582807 0.0517871
0.0572311 0.0586314 0.0520636
0.0575373  0.058986 0.0523398
0.0578436  0.059342 0.0526158
0.0581549 0.0596985 0.0528914
0.0584672 0.0600556  0.053167
0.0587843 0.0604132 0.0534421
0.0591008 0.0607694  0.053717
0.0594189 0.0611264 0.0539916
0.0597355 0.0614785 0.0542658
0.0600586 0.0618268 0.0545395
0.0603853   0.06217 0.0548127
0.0607121 0.0625147 0.0550857
0.0610409 0.0628537 0.0553583
0.0613672 0.0631918 0.0556308
0.0616955 0.0635238 0.0559029
0.0620218 0.0638519 0.0561748
0.0623489 0.0641749 0.0564463
0.0626725  0.064499 0.0567174
0.0630053 0.0648085 0.0569877
 0.063334 0.0651191 0.0572578
0.0636665  0.065417 0.0575272
0.0639952 0.0657139 0.0577963
0.0643258 0.0660015 0.0580649
0.0646523 0.0662929 0.0583332
0.0649846 0.0665717 0.0586007
0.0653116 0.0668542 0.0588679
0.0656434 0.0671231 0.0591342
0.0659681 0.0673951    0.0594
0.0662949 0.0676581 0.0596651
0.0666141 0.0679231 0.0599298
0.0669356 0.0681805 0.0601937
0.0672497 0.0684416 0.0604571
0.0675653 0.0686946 0.0607197
0.0678734 0.0689487 0.0609818
0.0681817 0.0691949 0.0612433
0.0684835 0.0694383 0.0615046
0.0687834 0.0696756 0.0617652
0.0690792 0.0699114 0.0620256
0.0693709 0.0701424 0.0622853
0.0696585 0.0703718 0.0625447
0.0699399 0.0706006 0.0628035
  0.07022 0.0708276 0.0630617
0.0704945 0.0710538 0.0633193
0.0707649 0.0712822 0.0635765
0.0710269 0.0715111 0.0638331
0.0712848 0.0717411 0.0640891
0.0715399  0.071964 0.0643444
0.0717917 0.0721901 0.0645991
0.0720382 0.0724113 0.0648531
0.0722815  0.072636 0.0651064
0.0725158 0.0728608 0.0653589
0.0727485 0.0730926 0.0656108
0.0729662 0.0733285 0.0658616
0.0731833 0.0735736 0.0661116
0.0733776 0.0738335 0.0663603
0.0735715 0.0741031  0.066608
0.0737299 0.0743942 0.0668541
0.0738868 0.0746937 0.0670992
0.0740157 0.0750055 0.0673426
0.0741443 0.0753263 0.0675851
0.0742608 0.0756553 0.0678265
0.0743778 0.0759935  0.068067
0.0744938 0.0763289 0.0683064
0.0746129 0.0766746 0.0685448
0.0747371 0.0770071 0.0687824
0.0748666 0.0773509 0.0690189
0.0750014 0.0776829 0.0692548
0.0751407 0.0780245 0.0694896
  0.07529 0.0783506 0.0697234
 0.075443 0.0786878 0.0699562
  0.07561 0.0790101 0.0701884
0.0757817 0.0793431 0.0704197
0.0759613 0.0796655 0.0706499
0.0761437 0.0799939 0.0708795
0.0763467 0.0803002 0.0711083
0.0765542 0.0806099 0.0713364
0.0767827 0.0808958 0.0715638
0.0770146 0.0811877 0.0717904
  0.07727 0.0814501 0.0720161
0.0775195 0.0816851 0.0722401
0.0777989  0.081898 0.0724629
0.0780716 0.0820713 0.0726836
0.0783709  0.082229 0.0729035
0.0786527 0.0823477 0.0731215
0.0789569  0.082452 0.0733387
0.0792419 0.0825187 0.0735538
0.0795421 0.0825766 0.0737679
0.0798242 0.0826075 0.0739801
0.0801187 0.0826341 0.0741915
0.0803981 0.0826428  0.074401
0.0806796 0.0826528 0.0746094
0.0809478 0.0826378 0.0748154
0.0812156 0.0826275 0.0750205
0.0814765 0.0825944 0.0752234
0.0817371 0.0825649 0.0754258
0.0819943 0.0825309 0.0756264
0.0822511  0.082499 0.0758268
0.0825093 0.0824744 0.0760256
0.0827419 0.0824686 0.0762236
0.0829758  0.082475   0.07642
0.0831767 0.0824952 0.0766158
0.0833804 0.0825418   0.07681
0.0835425 0.0826085 0.0770034
0.0837075 0.0827061 0.0771954
0.0838261 0.0828217 0.0773864
 0.083948 0.0829674 0.0775759
0.0840238 0.0831299 0.0777643
0.0841053 0.0833232 0.0779512
0.0841712 0.0835347 0.0781373
0.0842516 0.0837629 0.0783225
0.0843165 0.0840081 0.0785067
 0.084396 0.0842659   0.07869
0.0844646 0.0845374 0.0788724
0.0845449 0.0848202 0.0790537
0.0846182 0.0851129  0.079234
0.0847025 0.0854121 0.0794131
0.0847831 0.0857162  0.079591
0.0848604 0.0860149 0.0797675
0.0849398 0.0863181 0.0799428
0.0850181 0.0866129 0.0801167
0.0851037 0.0869009 0.0802893
0.0851938 0.0871851 0.0804603
0.0852921  0.087458 0.0806303
0.0854081 0.0877277 0.0807988
0.0855368 0.0879815 0.0809662
0.0856818 0.0882286 0.0811321
0.0858415 0.0884616 0.0812969
0.0860171 0.0886814 0.0814601
 0.086206 0.0888895 0.0816223
0.0864092 0.0890909 0.0817831
0.0866309 0.0892747 0.0819429
0.0868651 0.0894557 0.0821015
0.0871078 0.0896207 0.0822589
0.0873611 0.0897835 0.0824151
0.0876215 0.0899261   0.08257
 0.087893 0.0900666 0.0827237
0.0881668 0.0901938 0.0828764
0.0884451 0.0903022 0.0830275
0.0887276 0.0903951 0.0831772
0.0890116 0.0904771 0.0833257
0.0892862 0.0905574 0.0834726
 0.089557   0.09062 0.0836184
0.0898212 0.0906846 0.0837626
0.0900757 0.0907308 0.0839057
 0.090319 0.0907748  0.084047
0.0905559  0.090804 0.0841874
0.0907783 0.0908288 0.0843258
0.0909907 0.0908395 0.0844631
0.0911852 0.0908444 0.0845981
0.0913712 0.0908336 0.0847323
0.0915329 0.0908166 0.0848638
0.0916824 0.0907824 0.0849944
0.0918072  0.090749 0.0851225
0.0919179 0.0907045 0.0852499
0.0920046 0.0906734 0.0853752
0.0920756 0.0906352 0.0854998
0.0921292 0.0906107 0.0856224
0.0921643 0.0905744 0.0857437
 0.092192 0.0905535 0.0858637
0.0922103 0.0905261 0.0859826
0.0922264 0.0905126    0.0861
0.0922323 0.0904996 0.0862163
0.0922372 0.0904991 0.0863312
0.0922479 0.0905126 0.0864451
0.0922597 0.0905353 0.0865579
0.0922704 0.0905627 0.0866695
0.0922688 0.0906111 0.0867798
0.0922714 0.0906712  0.086889
0.0922553 0.0907493  0.086997
0.0922485  0.090852 0.0871032
0.0922163   0.09097 0.0872088
0.0922042 0.0911271 0.0873134
0.0921711  0.091295 0.0874172
0.0921571 0.0914946 0.0875201
0.0921365 0.0917026 0.0876218
0.0921255 0.0919331 0.0877226
0.0921216 0.0921702 0.0878222
0.0921173 0.0924182 0.0879206
0.0921336 0.0926669 0.0880179
 0.092144 0.0929028 0.0881135
0.0921789 0.0931336 0.0882076
0.0922103 0.0933311 0.0882991
0.0922753 0.0935226 0.0883894
0.0923406 0.0936938 0.0884779
0.0924339 0.0938519 0.0885648
0.0925292 0.0939895 0.0886499
0.0926243 0.0941137 0.0887329
 0.092722  0.094216 0.0888142
0.0928111 0.0942922  0.088893
0.0929059 0.0943448 0.0889698
0.0929911  0.094375 0.0890444
0.0930826 0.0943902 0.0891174
0.0931731 0.0943884 0.0891886
0.0932695 0.0943701 0.0892582
0.0933551 0.0943394 0.0893261
0.0934501 0.0942986 0.0893925
0.0935451  0.094249 0.0894575
0.0936442 0.0941857  0.089521
0.0937416 0.0941132 0.0895831
0.0938499   0.09404 0.0896438
0.0939391 0.0939573  0.089703
0.0940391 0.0938933 0.0897614
 0.094117 0.0938147 0.0898182
0.0942007 0.0937517 0.0898739
0.0942783 0.0936835 0.0899283
0.0943556 0.0936185 0.0899812
0.0944481 0.0935562 0.0900332
0.0945384 0.0935108 0.0900838
0.0946374 0.0934601 0.0901337
0.0947304 0.0934285  0.090182
0.0948146 0.0933886 0.0902294
0.0948867 0.0933648 0.0902753
0.0949332 0.0933217 0.0903204
0.0949697 0.0932997 0.0903639
0.0949881 0.0932611 0.0904069
0.0949942 0.0932467 0.0904481
0.0949806 0.0932237 0.0904887
0.0949565 0.0932181 0.0905276
0.0949262 0.0932016  0.090566
0.0948846 0.0932051 0.0906026
0.0948396 0.0932088 0.0906384
0.0947917 0.0932366  0.090673
0.0947422 0.0932634 0.0907068
0.0946906 0.0933078 0.0907392
0.0946406 0.0933545 0.0907707
0.0945904 0.0934149 0.0908013
  0.09454 0.0934819 0.0908307
0.0944898 0.0935649 0.0908591
0.0944477 0.0936455 0.0908865
0.0944103 0.0937481  0.090913
0.0943837 0.0938514 0.0909388
0.0943557  0.093964 0.0909634
0.0943344 0.0940717 0.0909869
0.0943041 0.0941846 0.0910099
0.0942753 0.0942965 0.0910313
0.0942566 0.0944123 0.0910522
0.0942415 0.0945246 0.0910715
0.0942401 0.0946345   0.09109
0.0942455 0.0947366 0.0911073
0.0942556 0.0948325 0.0911236
0.0942816 0.0949226 0.0911389
0.0943105 0.0950127 0.0911536
0.0943485 0.0950896 0.0911669
0.0943868 0.0951637 0.0911797
0.0944276 0.0952212 0.0911909
0.0944698 0.0952701 0.0912016
0.0945161 0.0953032 0.0912109
0.0945583 0.0953252 0.0912198
0.0946006 0.0953287 0.0912271
0.0946539  0.095338 0.0912343
0.0947087 0.0953303 0.0912402
0.0947618 0.0953136 0.0912455
0.0948231 0.0952938 0.0912504
0.0948869 0.0952703 0.0912548
0.0949463 0.0952371 0.0912581
0.0950071 0.0951976 0.0912607
0.0950582 0.0951456 0.0912625
0.0951095 0.0950887 0.0912634
0.0951508 0.0950272 0.0912634
0.0951953 0.0949618 0.0912628
0.0952277 0.0948914 0.0912614
0.0952627 0.0948194 0.0912594
0.0952866 0.0947442 0.0912567
0.0953099 0.0946689 0.0912533
0.0953221 0.0945914 0.0912492
0.0953332 0.0945147 0.0912446
0.0953329 0.0944377 0.0912393
0.0953305 0.0943624 0.0912335
0.0953219 0.0942897 0.0912271
0.0953112 0.0942234 0.0912204
0.0953044 0.0941585 0.0912131
0.0952957 0.0941029 0.0912054
0.0952842 0.0940525 0.0911973
0.0952712 0.0940123 0.0911887
0.0952595 0.0939752 0.0911798
0.0952463 0.0939485 0.0911705
0.0952304 0.0939291  0.091161
0.0952128  0.093921 0.0911511
0.095194  0.09392 0.091141
0.0951721 0.0939284 0.0911306
0.0951505 0.0939423 0.0911202
0.0951305 0.0939695 0.0911094
0.0951034 0.0940015 0.0910986
0.0950771 0.0940453 0.0910875
0.0950483 0.0940959 0.0910763
0.0950207 0.0941554 0.0910649
0.0949913 0.0942198 0.0910535
0.0949641 0.0942929 0.0910419
0.0949374 0.0943699 0.0910303
0.0949117 0.0944533 0.0910186
0.0948875 0.0945401 0.0910068
0.0948656 0.0946319 0.0909949
0.0948477 0.0947252 0.0909831
0.0948322 0.0948207 0.0909711
0.0948229 0.0949174 0.0909592
0.0948148 0.0950128 0.0909473
0.0948146 0.0951099 0.0909354
0.0948173  0.095205 0.0909235
0.0948279  0.095299 0.0909116
0.0948425 0.0953895 0.0908998
0.0948617 0.0954767 0.0908881
0.0948851 0.0955583 0.0908766
0.0949113 0.0956347  0.090865
0.0949406  0.095704 0.0908536
0.0949689 0.0957652 0.0908422
0.0950018 0.0958187  0.090831
0.0950358 0.0958644 0.0908199
0.0950737 0.0959018 0.0908088
0.0951115 0.0959303 0.0907979
0.0951521 0.0959496  0.090787
 0.095191 0.0959608 0.0907763
0.0952329 0.0959638 0.0907658
0.0952724 0.0959599 0.0907554
0.0953143 0.0959491 0.0907453
0.0953561 0.0959344 0.0907353
0.0953998 0.0959133 0.0907255
 0.095443 0.0958895  0.090716
0.0954877 0.0958595 0.0907066
0.0955298 0.0958256 0.0906975
0.0955738 0.0957872 0.0906886
 0.095614  0.095745 0.0906798
 0.095654 0.0956995 0.0906713
0.0956901 0.0956511 0.0906629
0.0957248 0.0956014 0.0906547
0.0957554 0.0955498 0.0906467
0.0957823 0.0954981 0.0906389
0.0958041 0.0954454 0.0906311
0.0958219  0.095394 0.0906235
0.0958327 0.0953432 0.0906161
0.0958408 0.0952953 0.0906089
0.0958434 0.0952494 0.0906018
 0.095845 0.0952071  0.090595
0.0958435 0.0951694 0.0905883
0.0958417 0.0951355 0.0905819
0.0958343 0.0951084 0.0905757
0.0958284 0.0950858 0.0905697
0.0958204 0.0950729  0.090564
0.0958073 0.0950677 0.0905586
 0.095793 0.0950714 0.0905534
 0.095774 0.0950793 0.0905484
0.0957519 0.0950931 0.0905435
0.0957264 0.0951071 0.0905387
0.0956954 0.0951276 0.0905341
0.0956663 0.0951544 0.0905297
0.0956358 0.0951877 0.0905255
 0.095607 0.0952258 0.0905216
0.0955779 0.0952692 0.0905178
0.0955533 0.0953185 0.0905142
0.0955299 0.0953736 0.0905109
0.0955092 0.0954338 0.0905077
0.0954906 0.0954975 0.0905047
0.0954747 0.0955646 0.0905019
0.0954615 0.0956337 0.0904991
 0.095452 0.0957057 0.0904965
0.0954463 0.0957789  0.090494
0.0954422 0.0958517 0.0904915
0.0954431 0.0959248 0.0904891
0.0954471 0.0959971 0.0904868
0.0954559  0.096067 0.0904845
0.0954669 0.0961347 0.0904823
0.0954821  0.096199   0.09048
0.0954992 0.0962607 0.0904777
0.0955198 0.0963182 0.0904755
0.0955433 0.0963717 0.0904733
0.0955687 0.0964202 0.0904711
 0.095596 0.0964636  0.090469
0.0956253 0.0965017  0.090467
0.0956549 0.0965331 0.0904649
0.0956864 0.0965591 0.0904628
0.0957181 0.0965793 0.0904607
0.0957503  0.096594 0.0904587
0.0957827 0.0966033 0.0904567
0.0958163 0.0966066 0.0904546
0.0958488 0.0966043 0.0904525
0.0958821 0.0965973 0.0904504
0.0959136 0.0965836 0.0904483
0.0959463 0.0965671 0.0904462
0.0959775  0.096544 0.0904441
0.0960091 0.0965184  0.090442
0.0960393 0.0964883 0.0904398
