-8.50008e-14  4.59121e-41  4.59121e-41
2.76853e-06 2.76853e-06 2.41599e-06
1.10372e-05 1.10372e-05 9.63174e-06
2.47506e-05 2.47506e-05  2.1599e-05
4.38538e-05 4.38538e-05 3.82697e-05
6.82919e-05 6.82919e-05 5.95959e-05
  9.801e-05   9.801e-05 8.55299e-05
0.000132954 0.000132954 0.000116024
0.000173069 0.000173069 0.000151031
0.000218301 0.000218301 0.000190503
0.000268596 0.000268596 0.000234394
  0.0003239   0.0003239 0.000282656
 0.00038416  0.00038416 0.000335243
0.000449322 0.000449322 0.000392108
0.000519333 0.000519333 0.000453204
0.000594141 0.000594141 0.000518486
0.000673691 0.000673691 0.000587906
0.000757931 0.000757931  0.00066142
 0.00084681  0.00084681 0.000738981
0.000940274 0.000940274 0.000820544
 0.00103827  0.00103827 0.000906063
 0.00114075  0.00114075 0.000995493
0.00124766 0.00124766 0.00108879
0.00135895 0.00135895  0.0011859
0.00147456 0.00147456  0.0012868
0.00159445 0.00159445 0.00139142
0.00171856 0.00171856 0.00149973
0.00184685 0.00184685 0.00161168
0.00197926 0.00197926 0.00172723
0.00211574 0.00211574 0.00184634
0.00225625 0.00225625 0.00196895
0.00240073 0.00240073 0.00209503
0.00254913 0.00254913 0.00222453
 0.0027014  0.0027014 0.00235742
 0.0028575  0.0028575 0.00249364
0.00301737 0.00301737 0.00263315
0.00318096 0.00318096 0.00277591
0.00334823 0.00334823 0.00292188
0.00351913 0.00351913 0.00307102
 0.0036936  0.0036936 0.00322327
 0.0038716  0.0038716 0.00337861
0.00405309 0.00405309 0.00353699
0.00423801 0.00423801 0.00369836
0.00442631 0.00442631 0.00386269
0.00461796 0.00461796 0.00402993
0.00481289 0.00481289 0.00420004
0.00501107 0.00501107 0.00437298
0.00521244 0.00521244 0.00454871
0.00541696 0.00541696 0.00472719
0.00562458 0.00562458 0.00490837
0.00583526 0.00583526 0.00509223
0.00604895 0.00604895 0.00527871
 0.0062656  0.0062656 0.00546777
0.00648517 0.00648517 0.00565938
0.00670761 0.00670761 0.00585349
0.00693288 0.00693288 0.00605007
0.00716092 0.00716092 0.00624908
 0.0073917  0.0073917 0.00645048
0.00762517 0.00762517 0.00665422
0.00786129 0.00786129 0.00686027
    0.0081     0.0081 0.00706858
0.00834127 0.00834127 0.00727913
0.00858505 0.00858505 0.00749187
 0.0088313  0.0088313 0.00770676
0.00907997 0.00907997 0.00792377
0.00933102 0.00933102 0.00814285
0.00958441 0.00958441 0.00836398
0.00984009 0.00984009  0.0085871
  0.010098   0.010098 0.00881218
 0.0103582  0.0103582 0.00903919
 0.0106204  0.0106204 0.00926809
 0.0108849  0.0108849 0.00949884
0.0111514 0.0111514 0.0097314
 0.0114199  0.0114199 0.00996573
0.0116904 0.0116904 0.0102018
0.0119629 0.0119629 0.0104396
0.0122373 0.0122373  0.010679
0.0125135 0.0125135 0.0109201
0.0127916 0.0127916 0.0111628
0.0130715 0.0130715  0.011407
0.0133531 0.0133531 0.0116528
0.0136364 0.0136364    0.0119
0.0139214 0.0139214 0.0121487
 0.014208  0.014208 0.0123988
0.0144962 0.0144962 0.0126503
0.0147859 0.0147859 0.0129031
0.0150771 0.0150771 0.0131573
0.0153698 0.0153698 0.0134127
0.0156639 0.0156639 0.0136693
0.0159594 0.0159594 0.0139272
0.0162562 0.0162562 0.0141863
0.0165544 0.0165544 0.0144464
0.0168538 0.0168538 0.0147077
0.0171545 0.0171545 0.0149701
0.0174563 0.0174563 0.0152335
0.0177593 0.0177593 0.0154979
0.0180634 0.0180634 0.0157633
0.0183685 0.0183685 0.0160296
0.0186747 0.0186747 0.0162968
 0.018982  0.018982 0.0165649
0.0192901 0.0192901 0.0168338
0.0195992 0.0195992 0.0171035
0.0199092 0.0199092 0.0173741
0.0202201 0.0202201 0.0176453
0.0205317 0.0205317 0.0179173
0.0208441 0.0208441 0.0181899
0.0211573 0.0211573 0.0184632
0.0214712 0.0214712 0.0187372
0.0217858 0.0217858 0.0190117
 0.022101  0.022101 0.0192867
0.0224167 0.0224167 0.0195623
0.0227331 0.0227331 0.0198384
  0.02305   0.02305 0.0201149
0.0233674 0.0233674 0.0203919
0.0236852 0.0236852 0.0206692
0.0240035 0.0240035  0.020947
0.0243221 0.0243221 0.0212251
0.0246412 0.0246412 0.0215035
0.0249605 0.0249605 0.0217821
0.0252801 0.0252801 0.0220611
   0.0256    0.0256 0.0223402
0.0259201 0.0259201 0.0226196
0.0262404 0.0262404 0.0228991
0.0265609 0.0265609 0.0231787
0.0268814 0.0268814 0.0234585
0.0272021 0.0272021 0.0237383
0.0275228 0.0275228 0.0240182
0.0278436 0.0278436 0.0242981
0.0281643 0.0281643  0.024578
 0.028485  0.028485 0.0248579
0.0288056 0.0288056 0.0251377
0.0291262 0.0291262 0.0254174
0.0294466 0.0294466  0.025697
0.0297668 0.0297668 0.0259764
0.0300868 0.0300868 0.0262557
0.0304066 0.0304066 0.0265348
0.0307262 0.0307262 0.0268137
0.0310455 0.0310455 0.0270923
0.0313644 0.0313644 0.0273706
 0.031683  0.031683 0.0276486
0.0320012 0.0320012 0.0279263
0.0323191 0.0323191 0.0282037
0.0326364 0.0326364 0.0284807
0.0329533 0.0329533 0.0287572
0.0332698 0.0332698 0.0290333
0.0335857 0.0335857  0.029309
 0.033901  0.033901 0.0295842
0.0342158 0.0342158 0.0298589
0.0345299 0.0345299  0.030133
0.0348434 0.0348434 0.0304066
0.0351563 0.0351562 0.0306796
0.0354684 0.0354684  0.030952
0.0357798 0.0357798 0.0312238
0.0360905 0.0360905 0.0314949
0.0364004 0.0364004 0.0317653
0.0367095 0.0367095 0.0320351
0.0370178 0.0370178 0.0323041
0.0373252 0.0373252 0.0325724
0.0376317 0.0376317 0.0328398
0.0379373 0.0379373 0.0331065
 0.038242  0.038242 0.0333724
0.0385457 0.0385457 0.0336375
0.0388484 0.0388484 0.0339016
0.0391501 0.0391501 0.0341649
0.0394508 0.0394508 0.0344273
0.0397504 0.0397504 0.0346888
0.0400489 0.0400489 0.0349493
0.0403463 0.0403463 0.0352088
0.0406426 0.0406426 0.0354673
0.0409377 0.0409377 0.0357248
0.0412316 0.0412316 0.0359813
0.0415243 0.0415243 0.0362367
0.0418157 0.0418157 0.0364911
0.0421059 0.0421059 0.0367443
0.0423948 0.0423948 0.0369965
0.0426824 0.0426824 0.0372474
0.0429687 0.0429687 0.0374973
0.0432536 0.0432536 0.0377459
0.0435371 0.0435371 0.0379933
0.0438193 0.0438193 0.0382395
   0.0441    0.0441 0.0384845
0.0443793 0.0443793 0.0387282
0.0446571 0.0446571 0.0389707
0.0449334 0.0449334 0.0392118
0.0452082 0.0452082 0.0394516
0.0454815 0.0454815 0.0396901
0.0457532 0.0457532 0.0399272
0.0460234 0.0460234  0.040163
0.0462919 0.0462919 0.0403973
0.0465589 0.0465589 0.0406303
0.0468242 0.0468242 0.0408618
0.0470878 0.0470878 0.0410919
0.0473498 0.0473498 0.0413205
  0.04761   0.04761 0.0415476
0.0478686 0.0478686 0.0417732
0.0481254 0.0481254 0.0419973
0.0483804 0.0483804 0.0422199
0.0486337 0.0486337 0.0424409
0.0488852 0.0488852 0.0426604
0.0491349 0.0491349 0.0428783
0.0493827 0.0493827 0.0430945
0.0496287 0.0496287 0.0433092
0.0498728 0.0498728 0.0435222
 0.050115  0.050115 0.0437336
0.0503554 0.0503554 0.0439433
0.0505938 0.0505938 0.0441514
0.0508302 0.0508302 0.0443577
0.0510647 0.0510647 0.0445624
0.0512972 0.0512972 0.0447653
0.0515277 0.0515277 0.0449664
0.0517563 0.0517562 0.0451658
0.0519827 0.0519827 0.0453635
0.0522072 0.0522072 0.0455594
0.0524296 0.0524296 0.0457534
0.0526499 0.0526499 0.0459457
0.0528681 0.0528681 0.0461361
0.0530842 0.0530842 0.0463247
0.0532981 0.0532981 0.0465114
  0.05351   0.05351 0.0466963
0.0537197 0.0537197 0.0468792
0.0539272 0.0539272 0.0470603
0.0541325 0.0541325 0.0472395
0.0543356 0.0543356 0.0474168
0.0545365 0.0545365 0.0475921
0.0547352 0.0547352 0.0477655
0.0549316 0.0549316 0.0479369
0.0551258 0.0551258 0.0481064
0.0553177 0.0553177 0.0482738
0.0555074 0.0555074 0.0484393
0.0556947 0.0556947 0.0486028
0.0558797 0.0558797 0.0487642
0.0560624 0.0560624 0.0489237
0.0562428 0.0562428 0.0490811
0.0564208 0.0564208 0.0492364
0.0565964 0.0565964 0.0493897
0.0567697 0.0567697 0.0495409
0.0569406 0.0569406   0.04969
0.0571091 0.0571091  0.049837
0.0572751 0.0572751  0.049982
0.0574388 0.0574388 0.0501248
   0.0576    0.0576 0.0502655
0.0577588 0.0577588  0.050404
0.0579151 0.0579151 0.0505405
 0.058069  0.058069 0.0506747
0.0582203 0.0582203 0.0508068
0.0583692 0.0583692 0.0509368
0.0585156 0.0585156 0.0510645
0.0586595 0.0586595 0.0511901
0.0588009 0.0588009 0.0513134
0.0589397 0.0589397 0.0514346
 0.059076  0.059076 0.0515535
0.0592098 0.0592098 0.0516703
 0.059341  0.059341 0.0517848
0.0594696 0.0594696  0.051897
0.0595957 0.0595957  0.052007
0.0597191 0.0597191 0.0521148
  0.05984   0.05984 0.0522203
0.0599583 0.0599583 0.0523235
 0.060074  0.060074 0.0524245
0.0601871 0.0601871 0.0525231
0.0602975 0.0602975 0.0526195
0.0604054 0.0604054 0.0527136
0.0605105 0.0605105 0.0528054
0.0606131 0.0606131 0.0528949
 0.060713  0.060713 0.0529821
0.0608102 0.0608102 0.0530669
0.0609048 0.0609048 0.0531494
0.0609967 0.0609967 0.0532296
0.0610859 0.0610859 0.0533075
0.0611724 0.0611724  0.053383
0.0612563 0.0612562 0.0534562
0.0613374 0.0613374  0.053527
0.0614159 0.0614159 0.0535954
0.0614916 0.0614916 0.0536615
0.0615646 0.0615646 0.0537253
 0.061635  0.061635 0.0537866
0.0617026 0.0617026 0.0538456
0.0617674 0.0617674 0.0539023
0.0618296 0.0618296 0.0539565
 0.061889  0.061889 0.0540083
0.0619457 0.0619457 0.0540578
0.0619996 0.0619996 0.0541049
0.0620508 0.0620508 0.0541495
0.0620993 0.0620993 0.0541918
 0.062145  0.062145 0.0542317
0.0621879 0.0621879 0.0542692
0.0622281 0.0622281 0.0543042
0.0622655 0.0622655 0.0543369
0.0623002 0.0623002 0.0543671
0.0623321 0.0623321  0.054395
0.0623612 0.0623612 0.0544204
0.0623876 0.0623876 0.0544434
0.0624111 0.0624111  0.054464
 0.062432  0.062432 0.0544822
  0.06245   0.06245 0.0544979
0.0624653 0.0624653 0.0545112
0.0624778 0.0624778 0.0545221
0.0624875 0.0624875 0.0545306
0.0624944 0.0624944 0.0545367
0.0624986 0.0624986 0.0545403
   0.0625    0.0625 0.0545415
0.0624986 0.0624986 0.0545403
0.0624944 0.0624944 0.0545367
0.0624875 0.0624875 0.0545306
0.0624778 0.0624778 0.0545221
0.0624653 0.0624653 0.0545112
  0.06245   0.06245 0.0544979
 0.062432  0.062432 0.0544822
0.0624111 0.0624111  0.054464
0.0623876 0.0623876 0.0544434
0.0623612 0.0623612 0.0544204
0.0623321 0.0623321  0.054395
0.0623002 0.0623002 0.0543671
0.0622655 0.0622655 0.0543369
0.0622281 0.0622281 0.0543042
0.0621879 0.0621879 0.0542692
 0.062145  0.062145 0.0542317
0.0620993 0.0620993 0.0541918
0.0620508 0.0620508 0.0541495
0.0619996 0.0619996 0.0541049
0.0619457 0.0619457 0.0540578
 0.061889  0.061889 0.0540083
0.0618296 0.0618296 0.0539565
0.0617674 0.0617674 0.0539023
0.0617026 0.0617026 0.0538456
 0.061635  0.061635 0.0537866
0.0615646 0.0615646 0.0537253
0.0614916 0.0614916 0.0536615
0.0614159 0.0614159 0.0535954
0.0613374 0.0613374  0.053527
0.0612563 0.0612562 0.0534562
0.0611724 0.0611724  0.053383
0.0610859 0.0610859 0.0533075
0.0609967 0.0609967 0.0532296
0.0609048 0.0609048 0.0531494
0.0608102 0.0608102 0.0530669
 0.060713  0.060713 0.0529821
0.0606131 0.0606131 0.0528949
0.0605105 0.0605105 0.0528054
0.0604054 0.0604054 0.0527136
0.0602975 0.0602975 0.0526195
0.0601871 0.0601871 0.0525231
 0.060074  0.060074 0.0524245
0.0599583 0.0599583 0.0523235
  0.05984   0.05984 0.0522203
0.0597191 0.0597191 0.0521148
0.0595957 0.0595957  0.052007
0.0594696 0.0594696  0.051897
 0.059341  0.059341 0.0517848
0.0592098 0.0592098 0.0516703
 0.059076  0.059076 0.0515535
0.0589397 0.0589397 0.0514346
0.0588009 0.0588009 0.0513134
0.0586595 0.0586595 0.0511901
0.0585156 0.0585156 0.0510645
0.0583692 0.0583692 0.0509368
0.0582203 0.0582203 0.0508068
 0.058069  0.058069 0.0506747
0.0579151 0.0579151 0.0505405
0.0577588 0.0577588  0.050404
   0.0576    0.0576 0.0502655
0.0574388 0.0574388 0.0501248
0.0572751 0.0572751  0.049982
0.0571091 0.0571091  0.049837
0.0569406 0.0569406   0.04969
0.0567697 0.0567697 0.0495409
0.0565964 0.0565964 0.0493897
0.0564208 0.0564208 0.0492364
0.0562428 0.0562428 0.0490811
0.0560624 0.0560624 0.0489237
0.0558797 0.0558797 0.0487642
0.0556947 0.0556947 0.0486028
0.0555074 0.0555074 0.0484393
0.0553177 0.0553177 0.0482738
0.0551258 0.0551258 0.0481064
0.0549316 0.0549316 0.0479369
0.0547352 0.0547352 0.0477655
0.0545365 0.0545365 0.0475921
0.0543356 0.0543356 0.0474168
0.0541325 0.0541325 0.0472395
0.0539272 0.0539272 0.0470603
0.0537197 0.0537197 0.0468792
  0.05351   0.05351 0.0466963
0.0532981 0.0532981 0.0465114
0.0530842 0.0530842 0.0463247
0.0528681 0.0528681 0.0461361
0.0526499 0.0526499 0.0459457
0.0524296 0.0524296 0.0457534
0.0522072 0.0522072 0.0455594
0.0519827 0.0519827 0.0453635
0.0517563 0.0517563 0.0451658
0.0515277 0.0515277 0.0449664
0.0512972 0.0512972 0.0447653
0.0510647 0.0510647 0.0445624
0.0508302 0.0508302 0.0443577
0.0505938 0.0505938 0.0441514
0.0503554 0.0503554 0.0439433
 0.050115  0.050115 0.0437336
0.0498728 0.0498728 0.0435222
0.0496287 0.0496287 0.0433092
0.0493827 0.0493827 0.0430945
0.0491349 0.0491349 0.0428783
0.0488852 0.0488852 0.0426604
0.0486337 0.0486337 0.0424409
0.0483804 0.0483804 0.0422199
0.0481254 0.0481254 0.0419973
0.0478686 0.0478686 0.0417732
  0.04761   0.04761 0.0415476
0.0473498 0.0473498 0.0413205
0.0470878 0.0470878 0.0410919
0.0468242 0.0468242 0.0408618
0.0465589 0.0465589 0.0406303
0.0462919 0.0462919 0.0403973
0.0460234 0.0460234  0.040163
0.0457532 0.0457532 0.0399272
0.0454815 0.0454815 0.0396901
0.0452082 0.0452082 0.0394516
0.0449334 0.0449334 0.0392118
0.0446571 0.0446571 0.0389707
0.0443793 0.0443793 0.0387282
   0.0441    0.0441 0.0384845
0.0438193 0.0438193 0.0382395
0.0435371 0.0435371 0.0379933
0.0432536 0.0432536 0.0377459
0.0429687 0.0429687 0.0374973
0.0426824 0.0426824 0.0372474
0.0423948 0.0423948 0.0369965
0.0421059 0.0421059 0.0367443
0.0418157 0.0418157 0.0364911
0.0415243 0.0415243 0.0362367
0.0412316 0.0412316 0.0359813
0.0409377 0.0409377 0.0357248
0.0406426 0.0406426 0.0354673
0.0403463 0.0403463 0.0352088
0.0400489 0.0400489 0.0349493
0.0397504 0.0397504 0.0346888
0.0394508 0.0394508 0.0344273
0.0391501 0.0391501 0.0341649
0.0388484 0.0388484 0.0339016
0.0385457 0.0385457 0.0336375
 0.038242  0.038242 0.0333724
0.0379373 0.0379373 0.0331065
0.0376317 0.0376317 0.0328398
0.0373252 0.0373252 0.0325724
0.0370178 0.0370178 0.0323041
0.0367095 0.0367095 0.0320351
0.0364004 0.0364004 0.0317653
0.0360905 0.0360905 0.0314949
0.0357798 0.0357798 0.0312238
0.0354684 0.0354684  0.030952
0.0351563 0.0351562 0.0306796
0.0348434 0.0348434 0.0304066
0.0345299 0.0345299  0.030133
0.0342158 0.0342158 0.0298589
 0.033901  0.033901 0.0295842
0.0335857 0.0335857  0.029309
0.0332698 0.0332698 0.0290333
0.0329533 0.0329533 0.0287572
0.0326364 0.0326364 0.0284807
0.0323191 0.0323191 0.0282037
0.0320012 0.0320012 0.0279263
 0.031683  0.031683 0.0276486
0.0313644 0.0313644 0.0273706
0.0310455 0.0310455 0.0270923
0.0307262 0.0307262 0.0268137
0.0304066 0.0304066 0.0265348
0.0300868 0.0300868 0.0262557
0.0297668 0.0297668 0.0259764
0.0294466 0.0294466  0.025697
0.0291262 0.0291262 0.0254174
0.0288056 0.0288056 0.0251377
 0.028485  0.028485 0.0248579
0.0281643 0.0281643  0.024578
0.0278436 0.0278436 0.0242981
0.0275228 0.0275228 0.0240182
0.0272021 0.0272021 0.0237383
0.0268814 0.0268814 0.0234585
0.0265609 0.0265609 0.0231787
0.0262404 0.0262404 0.0228991
0.0259201 0.0259201 0.0226196
   0.0256    0.0256 0.0223402
0.0252801 0.0252801 0.0220611
0.0249605 0.0249605 0.0217821
0.0246412 0.0246412 0.0215035
0.0243221 0.0243221 0.0212251
0.0240035 0.0240035  0.020947
0.0236852 0.0236852 0.0206692
0.0233674 0.0233674 0.0203919
  0.02305   0.02305 0.0201149
0.0227331 0.0227331 0.0198384
0.0224167 0.0224167 0.0195623
 0.022101  0.022101 0.0192867
0.0217858 0.0217858 0.0190117
0.0214712 0.0214712 0.0187372
0.0211573 0.0211573 0.0184632
0.0208441 0.0208441 0.0181899
0.0205317 0.0205317 0.0179173
0.0202201 0.0202201 0.0176453
0.0199092 0.0199092 0.0173741
0.0195992 0.0195992 0.0171035
0.0192901 0.0192901 0.0168338
 0.018982  0.018982 0.0165649
0.0186747 0.0186747 0.0162968
0.0183685 0.0183685 0.0160296
0.0180634 0.0180634 0.0157633
0.0177593 0.0177593 0.0154979
0.0174563 0.0174563 0.0152335
0.0171545 0.0171545 0.0149701
0.0168538 0.0168538 0.0147077
0.0165544 0.0165544 0.0144464
0.0162563 0.0162562 0.0141863
0.0159594 0.0159594 0.0139272
0.0156639 0.0156639 0.0136693
0.0153698 0.0153698 0.0134127
0.0150771 0.0150771 0.0131573
0.0147859 0.0147859 0.0129031
0.0144962 0.0144962 0.0126503
 0.014208  0.014208 0.0123988
0.0139214 0.0139214 0.0121487
0.0136364 0.0136364    0.0119
0.0133531 0.0133531 0.0116528
0.0130715 0.0130715  0.011407
0.0127916 0.0127916 0.0111628
0.0125135 0.0125135 0.0109201
0.0122373 0.0122373  0.010679
0.0119629 0.0119629 0.0104396
0.0116904 0.0116904 0.0102018
 0.0114199  0.0114199 0.00996573
0.0111514 0.0111514 0.0097314
 0.0108849  0.0108849 0.00949884
 0.0106204  0.0106204 0.00926809
 0.0103582  0.0103582 0.00903919
  0.010098   0.010098 0.00881218
0.00984009 0.00984009  0.0085871
0.00958441 0.00958441 0.00836398
0.00933102 0.00933102 0.00814285
0.00907997 0.00907997 0.00792377
 0.0088313  0.0088313 0.00770676
0.00858505 0.00858505 0.00749187
0.00834127 0.00834127 0.00727913
    0.0081     0.0081 0.00706858
0.00786129 0.00786129 0.00686027
0.00762517 0.00762517 0.00665422
 0.0073917  0.0073917 0.00645048
0.00716092 0.00716092 0.00624908
0.00693288 0.00693288 0.00605007
0.00670761 0.00670761 0.00585349
0.00648517 0.00648517 0.00565938
 0.0062656  0.0062656 0.00546777
0.00604895 0.00604895 0.00527871
0.00583526 0.00583526 0.00509223
0.00562458 0.00562458 0.00490837
0.00541696 0.00541696 0.00472719
0.00521244 0.00521244 0.00454871
0.00501107 0.00501107 0.00437298
0.00481289 0.00481289 0.00420004
0.00461796 0.00461796 0.00402993
0.00442631 0.00442631 0.00386269
0.00423801 0.00423801 0.00369836
0.00405309 0.00405309 0.00353699
 0.0038716  0.0038716 0.00337861
 0.0036936  0.0036936 0.00322327
0.00351913 0.00351913 0.00307102
0.00334823 0.00334823 0.00292188
0.00318096 0.00318096 0.00277591
0.00301737 0.00301737 0.00263315
 0.0028575  0.0028575 0.00249364
 0.0027014  0.0027014 0.00235742
0.00254913 0.00254913 0.00222453
0.00240073 0.00240073 0.00209503
0.00225625 0.00225625 0.00196895
0.00211574 0.00211574 0.00184634
0.00197926 0.00197926 0.00172723
0.00184685 0.00184685 0.00161168
0.00171856 0.00171856 0.00149973
0.00159445 0.00159445 0.00139142
0.00147456 0.00147456  0.0012868
0.00135895 0.00135895  0.0011859
0.00124766 0.00124766 0.00108879
 0.00114075  0.00114075 0.000995493
 0.00103827  0.00103827 0.000906063
0.000940274 0.000940274 0.000820544
 0.00084681  0.00084681 0.000738981
0.000757931 0.000757931  0.00066142
0.000673691 0.000673691 0.000587906
0.000594141 0.000594141 0.000518486
0.000519333 0.000519333 0.000453204
0.000449322 0.000449322 0.000392108
 0.00038416  0.00038416 0.000335243
  0.0003239   0.0003239 0.000282656
0.000268596 0.000268596 0.000234394
0.000218301 0.000218301 0.000190503
0.000173069 0.000173069 0.000151031
0.000132954 0.000132954 0.000116024
  9.801e-05   9.801e-05 8.55299e-05
6.82919e-05 6.82919e-05 5.95959e-05
4.38538e-05 4.38538e-05 3.82697e-05
2.47506e-05 2.47506e-05  2.1599e-05
1.10372e-05 1.10372e-05 9.63174e-06
2.76853e-06 2.76853e-06 2.41599e-06
           0            0 -1.11022e-16
0 0 0
0 0 0
0 0 0
0 0 0
0 0 0
0 0 0
0 0 0
0 0 0
0 0 0
0 0 0
0 0 0
0 0 0
0 0 0
0 0 0
0 0 0
0 0 0
0 0 0
0 0 0
0 0 0
0 0 0
0 0 0
0 0 0
0 0 0
0 0 0
0 0 0
0 0 0
0 0 0
0 0 0
0 0 0
0 0 0
0 0 0
0 0 0
0 0 0
0 0 0
0 0 0
0 0 0
0 0 0
0 0 0
0 0 0
0 0 0
0 0 0
0 0 0
0 0 0
0 0 0
0 0 0
0 0 0
0 0 0
0 0 0
0 0 0
0 0 0
0 0 0
0 0 0
0 0 0
0 0 0
0 0 0
0 0 0
0 0 0
0 0 0
0 0 0
0 0 0
0 0 0
0 0 0
0 0 0
0 0 0
0 0 0
0 0 0
0 0 0
0 0 0
0 0 0
0 0 0
0 0 0
0 0 0
0 0 0
0 0 0
0 0 0
0 0 0
0 0 0
0 0 0
0 0 0
0 0 0
0 0 0
0 0 0
0 0 0
0 0 0
0 0 0
0 0 0
0 0 0
0 0 0
0 0 0
0 0 0
0 0 0
0 0 0
0 0 0
0 0 0
0 0 0
0 0 0
0 0 0
