1.75976e-39 1.75976e-39 1.75976e-39 1.75976e-39 1.75976e-39 1.75976e-39 1.75976e-39 1.75976e-39
 103.733 -110.943  60.6149  2.07499 -128.674  -177.65 -78.4708 -77.5397
 103.408 -111.028  60.6482  2.05006 -128.246  -177.77 -78.5172 -77.5293
 103.195 -110.937  60.5853  2.01651 -127.915 -177.641 -78.5381 -77.5771
  102.94 -111.021  60.5623   2.0098 -127.553 -177.744  -78.541 -77.5677
 102.755  -110.96  60.5113  2.00866 -127.283 -177.644  -78.724 -77.9851
 102.522 -111.026  60.4841  2.00763 -126.983 -177.726 -78.8755 -77.9547
 102.361 -110.962  60.4552  2.00582 -126.783 -177.655 -79.0249 -78.0505
 102.168 -111.003  60.4455  2.00388 -126.553 -177.715 -79.1302 -78.0234
 102.065 -110.978  60.4347  2.00613 -126.425 -177.684 -79.2479 -78.1606
 101.928 -111.005  60.5175  1.44684 -126.271 -177.718 -79.3497 -78.1358
 101.862 -110.989  60.5989  1.44699 -126.189 -177.704 -79.5193 -78.4069
 101.776 -111.007  60.5925  1.27645 -126.072  -177.73 -79.6621 -78.3687
 101.731 -111.006  60.6136  1.27754 -126.021 -177.736 -79.8811 -78.5805
 101.663 -111.017  60.5208 0.895484 -125.968 -177.751 -80.0559 -78.5414
 101.626 -111.018  60.4534 0.905365 -125.936 -177.759 -80.2829 -78.7678
 101.599 -111.018  60.4105  0.91635 -125.864 -177.782 -80.4666 -78.7148
 101.563 -111.014  60.3732 0.925146 -125.817 -177.797 -80.7083  -78.898
 101.538 -111.009  60.3487 0.937859 -125.784 -177.814 -80.8842  -78.845
 101.504 -111.001   60.346 0.950448 -125.764 -177.828 -81.1152 -78.9821
 101.473 -110.993  60.2924  0.82468  -125.76 -177.843 -81.2797 -78.9254
 101.428  -110.98  60.2634 0.837679 -125.759 -177.859 -81.4969 -79.0425
 101.398 -110.969  60.2408 0.842551 -125.749 -177.887 -81.6567 -78.9908
 101.353 -110.953  60.2309  0.86296 -125.806 -177.943  -81.859 -79.1112
 101.299 -110.936  60.2342 0.879936  -125.84 -177.958 -82.0086 -79.0698
 101.255 -110.921  60.2399 0.898437 -125.888     -178 -82.1821 -79.1817
 101.212   -110.9  60.2547   0.9425 -125.914 -178.019 -82.3074 -79.1485
 101.164 -110.882  60.2619 0.962337  -125.96 -178.056 -82.4274  -79.243
 101.112 -110.857  60.3051   1.0284  -125.99 -178.077 -82.5116 -79.2272
 101.064 -110.835  60.3328  1.05823  -126.03  -178.12 -82.5739 -79.3022
 101.005 -110.805   60.344   1.0849 -126.053 -178.148 -82.6045 -79.3036
  100.96 -110.779  60.3275  1.12358 -126.065 -178.178 -82.5935 -79.3546
 100.896 -110.747  60.3682  1.19161 -126.062 -178.219 -82.5617 -79.3788
 100.834 -110.719   60.371  1.22484 -126.055 -178.251 -82.4852 -79.4158
 100.751 -110.683  60.4617  1.33067 -126.032 -178.296  -82.406 -79.4514
 100.671 -110.654  60.5002  1.36368 -125.995 -178.324 -82.3094 -79.4847
 100.575 -110.615  60.6127   1.4811 -125.956 -178.387 -82.2201 -79.5244
  100.49 -110.584  60.6576  1.51628 -125.876 -178.406 -82.1172 -79.5663
 100.378  -110.54  60.7964  1.66782 -125.814 -178.476 -82.0269 -79.6014
 100.268 -110.508  60.8475  1.70015 -125.694 -178.487 -81.9362 -79.6386
 100.125 -110.464  61.0202  1.89012 -125.604 -178.581 -81.8166 -79.6811
  100.01 -110.425  61.0918  1.92348 -125.451 -178.596  -81.689 -79.7291
 99.8896 -110.377  61.2935  2.11016 -125.338 -178.694 -81.5642 -79.7771
 99.7811 -110.329  61.3728  2.14445  -125.15 -178.696  -81.413 -79.8283
  99.641 -110.287  61.5967  2.36625 -125.016 -178.812 -81.2806 -79.8805
 99.5114 -110.241  61.6963  2.40351 -124.796  -178.82 -81.1364 -79.9273
 99.3342 -110.186  61.9988  2.69982 -124.643 -178.936 -80.9641  -79.967
 99.2108 -110.134  62.1544  2.73033   -124.4  -178.94 -80.8059 -80.0256
 99.0464 -110.087  62.4701  3.06362  -124.24  -179.07  -80.597 -80.0646
   98.91 -110.042  62.6436  3.09087 -123.979 -179.077 -80.4208 -80.1199
 98.7383  -109.98  63.0074  3.46406 -123.811 -179.201 -80.2441 -80.1576
  98.572 -109.924  63.2046  3.48353 -123.553 -179.228 -80.0469 -80.2229
 98.3874 -109.866  63.5938  3.88885 -123.415 -179.335 -79.8079 -80.2595
 98.1933 -109.811  63.7983  3.89902 -123.194 -179.361 -79.6006 -80.3128
 97.9827 -109.755  64.1402  4.22166 -123.086 -179.457 -79.4006 -80.3699
 97.7866 -109.693  64.2976  4.23802 -122.921 -179.529 -79.1553 -80.4056
 97.5851 -109.633  64.6274  4.57449 -122.887 -179.605 -78.8977 -80.4665
 97.3764 -109.578  64.7784  4.59552 -122.801 -179.698  -78.649 -80.5123
 97.1744 -109.513  65.1324  4.99522 -122.751  -179.78 -78.4309 -80.5669
 96.9663 -109.467  65.2974  5.01996 -122.635 -179.868 -78.1739 -80.6008
 96.7722 -109.407  65.7277  5.51409 -122.554 -179.955 -77.9513 -80.6412
  96.531 -109.345  65.9603  5.52778 -122.449  179.951  -77.675 -80.6901
 96.3608 -109.293  66.4098  6.00894 -122.333  179.858 -77.3892 -80.7492
 96.1735 -109.221  66.6237  6.01713 -122.209  179.759 -77.1295  -80.795
 96.0315 -109.157  67.0891  6.48866 -122.104  179.668 -76.8877 -80.8507
 95.7554 -109.097  67.2942  6.50528 -122.011  179.572 -76.6389 -80.8813
 95.5297 -109.021  67.7563  7.01007 -121.939  179.483 -76.3557 -80.9252
 95.2723 -108.966   68.016    7.006  -121.85  179.377 -76.1074 -80.9711
 95.0503   -108.9  68.5171  7.47279 -121.781  179.287 -75.8298 -80.9973
 94.8519 -108.822  68.7647  7.47823  -121.63  179.179 -75.5464 -81.0655
 94.6399 -108.761   69.304  8.00716 -121.556  179.078 -75.2294 -81.1138
 94.4164 -108.686  69.6053  8.01071 -121.418  178.975  -74.988 -81.1495
 94.2395 -108.617  70.2197  8.72882  -121.33  178.877 -74.7179  -81.213
 94.0421  -108.53  70.5907  8.71139 -121.268  178.778 -74.4496 -81.2635
 93.8475 -108.458  71.2517  9.34345 -121.108  178.673 -74.1804 -81.3251
 93.6051 -108.359  71.6374  9.31462  -121.04  178.571 -73.8915 -81.3789
 93.3713 -108.287  72.3037  9.93187 -120.952  178.464 -73.5373 -81.4122
 93.2017 -108.213  72.6563  9.91591 -120.903  178.361 -73.2399 -81.4735
 93.0495 -108.086  73.3212  10.5354  -120.86  178.244 -72.9525 -81.5276
 92.8519 -108.002  73.6175  10.5274 -120.885  178.192 -72.6438 -81.5838
 92.6917 -107.884  74.2062  11.0775 -120.784  178.075 -72.3826   -81.62
 92.6368 -107.768  74.4454   11.082 -120.731  177.948  -72.063  -81.681
 91.8227 -106.713  74.9721  11.5426 -120.509  177.866  -71.738 -81.7508
 91.2042 -106.589   75.152  11.5746 -120.587  177.814  -71.348 -81.8122
 90.8765 -106.475  75.6211  12.0519 -120.468  177.687 -71.0342 -81.8536
 90.7195 -106.353  75.7275   12.093 -120.352   177.56 -70.7835 -81.9259
 90.3074 -106.148  76.0812  12.5157 -120.244  177.426 -70.4474 -81.9894
 90.0216 -106.005  76.0153  12.6127 -120.087  177.307 -70.0773 -82.0746
 89.8583 -105.888  76.0914  12.8774 -119.916   177.16 -69.6596 -82.1372
 89.5921 -105.745  75.7405  13.0768 -119.802  177.031 -69.2819 -82.2264
 89.4158 -105.617  75.6196  13.2486 -119.693  176.887 -68.8643 -82.2921
 89.2927 -105.472  75.0561  13.6052 -119.606  176.744 -68.5315 -82.3748
 88.8384 -105.298  74.5713  13.6906   -119.6  176.608 -68.1447 -82.4411
 88.5685 -105.172  73.7087  14.1636 -119.726  179.396 -67.7255 -82.5107
 88.2246 -105.022  72.9693  14.1734 -119.885  179.254 -67.3358 -82.5981
 87.9931 -104.887  71.7844  14.8277 -120.396 -176.536 -66.8864 -82.6449
 87.7399 -104.749   70.823  14.7664 -120.944 -176.676 -66.4436 -82.7308
 87.4891 -104.584   69.414  15.5355 -121.337 -173.174 -65.9717 -82.7744
  87.197 -104.441  68.1463  15.4517 -121.854  -173.28 -65.5307 -82.8376
 86.9872 -104.294  66.3957  16.5253  -122.06 -169.008    -65.1 -82.9342
 86.7071 -104.119  64.8311  16.4191 -122.406 -169.132 -64.6215 -82.9851
 86.4771 -103.966  62.8432  17.6451 -122.496 -164.206 -64.1806 -83.0788
 86.1991 -103.787  60.9534  17.5457 -122.738 -164.344 -63.7363 -83.1285
 85.9769 -103.626  58.5921  19.3193 -122.737 -159.483 -63.3024 -83.2071
 85.7016 -103.455    56.39   19.179 -122.888 -159.629 -62.8563 -83.2981
 85.4798 -103.271  53.8141  21.1618  -122.85 -154.658 -62.3868 -83.3741
  85.259 -103.113  51.3187  21.1377 -122.968 -154.811 -62.0551 -83.4535
 85.0354 -102.935  48.4293  24.2119  -122.79  -151.52 -61.7339 -83.4871
 84.7831 -102.763  45.5973  24.2614 -122.534 -151.675 -61.3476 -83.5879
 84.6102 -102.577  42.4871  28.5975 -122.493 -146.765 -61.0145 -83.5803
 84.3007 -102.424  39.4069  28.7664 -122.496 -146.929 -60.5702  -83.652
 84.0689 -102.249  36.4824  34.7695 -122.454 -142.126 -60.0782 -83.6915
    83.8 -102.092  33.5571  35.0555 -122.324 -142.281 -59.6385 -83.6988
 83.4803 -101.942  31.5233  42.1348 -122.275 -137.352 -59.1603 -83.7302
 83.2557 -101.785  29.4737  42.4688 -122.141 -137.499 -58.7705 -83.7297
 82.8933 -101.499  28.5573  48.9341 -122.061 -132.579 -58.3109  -83.687
 82.6774 -101.377  27.6484  49.2254 -122.046 -132.718 -57.8262 -83.6487
 81.9703 -99.4027  27.4286  55.0012 -122.013 -128.004 -57.3584 -83.5753
 81.4635 -99.2807  27.2465  55.2335 -122.061 -128.132 -56.8129 -83.5606
  80.772  -99.167  27.5138  58.7553 -122.084 -123.277 -56.3547 -83.4879
 80.2888 -99.0762  27.8247  58.9484 -122.214 -123.398 -55.8286 -83.4405
 79.9625 -99.0049   28.973  63.4805 -122.186 -118.557 -55.3168 -83.3698
 80.0899 -98.5357  30.1775  63.5822 -122.286 -118.684   -54.86  -83.289
 80.2987 -98.5054  31.2368  69.4865 -122.188  -113.77 -54.3667 -83.2308
 81.5964 -95.6842  32.4808  69.6811 -122.361 -113.898 -53.7724 -83.1177
 83.0861 -95.6783  32.9585  75.3738 -122.169 -110.341 -53.2325 -83.0646
 85.2125 -90.4858  33.7844  75.6564 -122.032 -110.494 -52.6395 -82.9902
 87.5389 -90.4397  33.6383  81.0077 -121.798 -107.438 -52.1129 -82.9284
 89.5571 -82.8322  33.8595  81.2626 -121.831 -107.603  -51.557 -82.9088
 91.7788 -82.6952  33.5744  86.7785 -121.835 -103.458 -50.9857   -82.89
 93.0468 -74.6058  33.6692  87.0153 -122.023 -103.619 -50.4637 -82.8369
 94.3479 -74.5047   33.451  92.3778 -122.386 -99.2447 -49.9384 -82.8363
  95.637 -69.4886  33.6064  92.6251 -122.908  -99.413  -49.412 -82.7927
 97.0486 -69.3542  33.4726  98.1163 -123.081 -96.6362 -48.8335 -82.8426
 98.5273 -62.1438  33.6883  98.3649 -123.401 -96.8166 -48.2951 -82.8525
 100.114 -61.9638  33.6024  104.215 -123.465 -94.5758 -47.6933 -82.8993
 101.216 -54.2715  33.8701   104.46 -123.658 -94.7616 -47.0984 -82.9022
   102.4 -54.0644  33.8216  110.446 -123.836 -90.6007 -46.4534 -82.9824
  102.83 -46.9376  34.0872  110.684 -124.028 -90.7959 -45.8575 -82.9985
 103.323 -46.7396   35.351  115.772 -124.204 -90.9516  -45.323 -83.0243
 103.433 -39.9956  36.8444  116.035 -124.347 -91.1514 -44.8222 -83.0277
 103.591 -39.7979  37.9966  122.712 -124.888 -90.0201 -44.2419 -83.0591
 103.345 -34.0443  39.3537  123.003 -125.267 -90.1913 -43.6947 -83.0788
 103.153 -33.8276  39.8744  129.656 -125.289 -90.3973 -43.1059 -83.1601
 102.734 -27.9283  40.5718   129.94  -125.31 -90.6073 -42.4876 -83.1833
 102.359 -27.6944  40.3082  136.284 -124.722 -89.5763  -41.762 -83.3091
 101.911  -27.406  40.2158  136.545 -124.239 -89.8948 -41.0933 -83.3533
 101.407 -27.1562  39.8467  143.214 -123.148 -87.4656 -40.3837 -83.4353
 100.869 -26.8671   39.626  143.486 -122.082 -87.8203   -39.81 -83.4908
 100.449 -26.5941  39.3768  150.633 -120.839 -84.8116 -39.1154 -83.5394
  99.914 -26.3256  39.2473   150.93 -119.505 -85.0936 -38.5224 -83.5645
 99.3688 -26.0664  39.0021  158.181 -118.285 -80.8168 -37.6258 -83.5953
 98.7892 -25.8022   38.856  158.492 -116.948 -81.0846 -36.8956 -83.6425
 98.1567 -25.5033  38.6529   165.58 -116.219 -76.5387 -36.4081 -83.5443
 97.5252 -25.2507  38.2327  165.954 -115.344 -76.7887 -35.5662 -83.5709
    96.7 -24.9368  38.3163  168.209 -114.936 -72.2112   -35.09 -83.3965
   95.98  -24.729  38.2086  168.597 -114.377 -72.4629 -34.2359 -83.3063
 95.1223 -24.5296  39.3011  171.813 -114.028  -72.546 -33.4573 -83.1364
 94.3123 -24.3092  40.1582  172.079 -113.643 -72.7908 -32.7562 -82.9662
 93.6032 -24.0634  41.6438  177.117 -113.078 -73.0604 -32.0087 -82.7612
  92.804 -23.8942  42.8872  177.346 -112.527 -73.3174 -31.3394 -82.5567
 91.9871 -23.6462   43.869 -179.336 -111.835 -73.5363 -30.6636 -82.3596
 91.2568  -23.466  44.8301  -178.94 -111.243 -73.7887 -29.9425 -82.1617
 90.4235 -23.2383  45.3511 -172.692  -110.65 -74.0019 -29.2942 -82.0012
 89.6672 -23.0616  45.9156 -172.292 -110.064 -74.2493 -28.7855 -81.8361
 88.9297 -22.8255  46.1134 -166.586 -109.387 -74.5104 -29.3342 -79.8715
  88.239 -22.6359  46.3851 -166.167 -108.832 -74.7983 -30.0382 -79.7703
 87.6351 -22.3984  46.4184 -160.753 -108.306 -75.0071 -31.3132 -76.9331
 87.1627 -22.0499  46.4534 -160.328 -107.992 -75.2356  -32.828 -76.8204
 86.7899 -21.8255  46.4873 -155.045 -107.028 -75.3214 -34.6997 -72.7358
  86.762   -17.82   46.548 -154.625 -106.437 -75.6238 -36.8418 -72.5945
 86.8679 -17.6135  46.5842 -149.644 -105.855 -75.8555 -38.7856 -67.1332
 87.4377 -13.7961  46.7606 -149.215 -105.366 -76.1499 -41.0357 -66.9222
  88.156 -13.6453  46.5258 -145.238  -104.86 -76.3341 -42.3366 -60.5916
 88.9776 -8.88374  46.3651 -144.835 -104.335 -76.6064 -43.9737 -60.3762
 90.0453 -8.70624  46.3529 -140.375 -103.903 -76.7321 -44.4489 -54.7267
 90.8999 -3.37624  46.4215 -140.007 -103.509 -76.9877 -45.2553 -54.5478
 92.0199 -3.19241  46.5969 -135.882 -103.301 -76.8778 -45.2643 -49.8339
 92.4903  2.52718  46.7685 -135.559 -103.216 -77.1124 -45.5863 -49.6976
   93.23  2.72001  47.1807  -132.88 -103.741 -75.9893 -45.4224 -45.6131
 93.2915  8.17139  47.7601 -132.545 -104.493 -76.2287 -45.5442 -45.4948
 93.6018  8.36813  47.8325 -130.329 -105.722 -74.3174 -45.3578 -41.7376
 93.5498  13.8612  48.0736 -130.009 -107.166 -74.5462 -45.4249 -41.6441
 93.7467  14.0632  48.0193 -127.067 -108.991 -71.2262 -45.2621 -37.9453
 93.6142  19.7666  48.1601 -126.742 -111.028  -71.405 -45.3179 -37.8714
 93.5833  19.9836  47.7912 -121.896 -112.926 -66.9122 -45.1835 -34.2396
 93.4364  25.7322  47.5227 -121.571 -115.027 -67.0352 -45.2354 -34.1896
 93.4775  25.9743  47.4874 -121.152 -116.417 -62.1713 -45.1051 -30.6525
 93.4182  31.6964   47.412 -120.829 -117.989 -62.2863 -45.0524 -30.6277
 93.5329    31.96  47.6349  -120.49 -118.717 -58.2614   -44.84 -27.2045
 93.4452  37.6257  47.7908 -120.167 -119.592 -58.4178 -44.6738 -27.2014
 93.4966  37.9078  47.8067 -119.825 -119.922 -55.3122 -44.2437 -23.9909
 93.3224  43.2024   48.002 -119.453 -120.357 -55.5102 -43.8432 -24.0094
 93.2403  43.4995  48.1717 -119.101 -120.471 -52.9738 -43.4884 -23.5839
 92.8901  48.7907  49.1595 -117.601 -120.594 -53.2206 -43.1164 -23.5726
 92.4805   49.098  49.8651  -117.31 -120.669 -51.8131 -42.2732 -23.3794
  91.948  49.3803  50.6237 -110.891 -120.716 -52.0728  -41.564 -23.3363
 91.3694  49.6735  51.2636 -110.529  -120.69 -50.6817 -40.7618 -23.4162
 90.6286  50.0308   51.706 -103.855 -120.612 -50.9671 -39.9751 -23.3615
 90.1564  50.3841  52.0054 -103.448 -120.608 -49.4483 -39.1414 -23.4208
  89.543  50.7362    52.04 -96.8113 -120.532 -49.7613 -38.3123 -23.3424
 88.9408  51.0728  51.9119 -96.3686 -120.458 -50.0597 -37.4183 -23.3435
 88.2592  51.4469  51.9079 -94.0836 -120.291  -50.394  -36.391 -23.2964
 87.6977  51.8068  51.7311 -93.6172 -120.043 -50.7301 -35.3778 -23.2718
 86.9516  52.2001  51.9678 -87.5239 -119.737 -51.0734 -34.2846 -23.2299
 86.2633  52.5647  51.9999 -87.0469 -119.413 -51.4357 -33.2712 -23.1443
 85.4971  52.9688  51.5578 -81.1014 -119.074 -51.7928 -32.2728 -22.9771
 84.8274  53.3552  50.8151 -80.5462 -118.608  -52.159 -31.2169 -22.8657
 84.0111  53.7591   50.494   -74.71 -118.206 -52.5145 -30.1694 -22.7708
 83.2236  54.0926   49.882 -74.1489 -117.664 -52.8874  -29.215 -22.5511
 82.1757  54.6195   49.734 -68.7483 -117.158 -53.2496 -28.1937 -22.4262
 81.2382  54.9556   49.321 -68.1925 -116.538  -53.673 -27.1982 -22.1533
 80.1269  55.5008  49.2507 -63.1397 -116.006 -53.9914 -26.2312 -21.9425
 79.1903  55.9128  48.9478  -62.585 -115.341 -54.3635 -25.3641 -21.6545
 78.2712   56.286  48.8874  -57.956 -114.661 -54.7357 -24.4298 -21.3976
 77.3471  56.7015  48.6364 -57.4032 -113.968 -55.0581 -23.6896 -21.0701
 76.5016  57.0675  48.6159 -53.0941 -113.148 -55.4255 -22.7867 -20.8183
 75.6118  57.4756  48.4488 -52.5588 -112.357   -55.75 -21.8486 -20.5112
 74.8004  57.8437  48.2414 -50.3808 -111.536 -56.0873 -21.0333 -20.2234
 73.9636  58.2454  47.9643 -49.8402 -110.809 -56.3951 -20.1438 -19.8706
 73.1727  58.6081  47.9829 -46.1773 -110.061 -56.7035 -19.3847 -19.5628
 72.3902  59.0097  47.9442 -45.6702 -109.354 -57.0258 -18.5185 -19.2182
 71.6682  59.3855  48.0041 -42.1366 -108.546 -57.3215 -17.8869 -18.8932
 70.9077  59.7877  48.0434 -41.6498 -107.787 -57.5947 -17.1028 -18.5453
 70.2579  60.1671    48.12 -38.2909  -106.94 -57.9001 -16.6908 -18.1435
 69.5457  60.5731  48.2064 -37.8167  -106.23 -58.2428 -16.2211  -18.071
 68.9699  60.9532  48.3029 -34.4357 -105.478 -58.4889  -15.989 -17.6801
 68.4293  61.3561  48.5614 -33.9559 -105.094 -58.6993 -15.6386 -17.8956
 67.9516  61.7451  48.5421 -31.7213 -104.409 -59.1294 -15.5216 -17.5057
 67.4952  62.1546  48.6491 -31.2599 -104.068 -59.3318 -15.2771 -17.7936
 67.0941  62.5363  48.8206 -28.4103 -103.454 -59.7203  -15.244 -17.4131
  66.866  62.9335  49.1555 -27.9472  -103.18 -59.9144 -15.1408 -17.8557
 66.5514  63.2796    49.34 -24.6482 -102.692 -60.3201 -15.2271 -17.4887
 66.5221  63.6822  49.6295 -24.2086 -102.524 -60.4764 -15.1922 -18.0269
 66.2059  65.5773  49.9676 -22.3877 -102.222 -60.8993 -15.3292 -17.6778
 66.2403  65.9848   50.342 -21.9451 -102.236 -61.0205 -15.2828 -18.2447
 65.8909  68.0023  50.6362 -20.4987 -102.151 -61.5604 -15.4014 -17.9128
 65.8266  68.4062  50.9613 -20.0535 -102.369 -61.6514 -15.3093 -18.4783
 65.3993  69.9931  51.2372 -16.6567  -102.47 -62.2734 -15.3775 -18.1786
 65.2833  70.3999  51.5562 -16.2328 -102.801  -62.359 -15.1929  -18.682
 64.8779  71.2366  51.8554 -14.1906 -102.966 -63.0132 -15.1579 -18.3917
 64.7288  71.6519  52.1362 -13.7379 -103.346  -63.077 -14.8171 -18.7269
 64.5856  72.0701  51.7337 -11.2833 -103.561 -63.7059  -14.629 -18.4711
  64.657  72.4831  51.3651 -10.8425 -103.949 -63.7872   -14.03 -18.5078
 64.2844  74.0688  51.1575 -10.2989 -104.162 -64.3796 -13.6064 -18.2588
 64.0781  74.4872  50.9241 -9.83453 -104.515 -64.4615 -12.9823 -18.1673
 63.9587  74.9026  51.0588 -9.22955 -104.695 -65.0454 -12.5185 -17.8875
 63.8281  75.3289   51.036 -8.77991 -104.958  -65.148 -11.8289 -17.7243
 63.6996  75.7363  51.5512 -7.71896  -105.04 -65.7237 -11.2756 -17.4314
 63.6387  76.1873  51.9176 -7.31331 -105.183 -65.8637 -10.5899 -17.2545
 63.3589  76.6919  52.6357 -5.77242 -105.155 -66.4096 -10.1088 -16.9356
  63.232  77.1375  53.2107 -5.36894 -105.162 -66.5858 -9.41839 -16.7231
 62.9561  77.6036  53.9624  -3.9108 -104.973  -67.084 -8.86375  -16.392
 62.7528  78.0626  54.4835 -3.47776 -104.823 -67.3018 -8.18226 -16.1481
 62.5347  78.5308  55.1458 -1.67111 -104.482 -67.7742 -7.70453 -15.7857
 62.2519  78.9931  55.6293 -1.19495 -104.162 -68.0459 -6.97098 -15.5155
 62.0151  79.4581  56.2137  1.57446 -103.661 -68.4869 -6.36441 -15.1551
 61.7493  79.9329  56.6897  2.05842 -103.191 -68.7824 -5.66963 -14.8773
 61.4446  80.4031  57.1379  4.93679 -102.506 -69.1671 -5.11617 -14.4978
 61.0684  80.8908  57.4832  5.43435 -101.783 -69.5087 -4.46062 -14.2135
 60.7621  81.3745  57.6616  7.90899  -100.99 -69.8943 -3.99772 -13.8169
 60.4271  81.8708  57.6991   8.4285 -100.178 -70.2343 -3.31877 -13.4915
 60.1237  82.3618  57.5514  11.0635 -99.3202 -70.6184 -2.74646 -13.0867
 59.7658  82.8649  57.3301  11.5876 -98.4595 -70.9544 -2.14437 -12.7253
 59.4529  83.3611  57.1424  12.9966 -97.5552 -71.3364 -1.72663 -12.3029
 59.1008  83.8691   56.876   13.524 -96.6377  -71.659 -1.15453 -11.9185
   58.744   84.3746   56.6602   14.2641  -95.6902  -72.0313 -0.699747   -11.507
   58.364   84.8945   56.3565   14.8085  -94.7082  -72.3418 -0.217876  -10.9996
 58.0172  85.4024  55.9066  15.4556 -93.6524 -72.7116 0.175684 -10.5997
 57.6286  85.9317  55.4533  15.9996 -92.6002 -72.9426 0.487334 -10.0178
 57.2801  86.4344  54.9489  16.5733 -91.6436  -73.276 0.730512  -9.6711
 56.9136  86.9389  54.4945  17.1197 -90.5156 -73.5261 0.806062 -8.92479
 56.6156  87.4615  54.0073  17.6965 -89.4413 -73.8431 0.804287 -8.61991
 56.2915  87.9745  53.5484  18.2507 -88.2743 -74.0671 0.666732 -7.77367
 55.9986  88.4892  53.1237   18.827  -87.145 -74.3338 0.450692 -7.52051
 55.6747  89.0018  52.7904  19.3948 -86.0011 -74.6526 0.130085 -6.59647
  55.3896   89.5099   52.4457   19.9915  -84.8422  -74.9011 -0.260902  -6.39679
   55.089   90.0222   52.0959   20.5445  -83.7175  -75.1418 -0.738012  -5.36629
 54.7908   90.521  51.7595  21.1383 -82.6073 -75.4194 -1.23817 -5.21009
 54.4992   91.027  51.4381  21.6581 -81.3915 -75.6247 -1.81138 -4.14988
 54.2271  91.5198   51.133  22.2562 -80.2324 -75.8877 -2.35946 -3.98941
 53.9501  92.0151  50.8847   22.783 -79.1327 -76.0733 -2.88024 -2.97196
 53.6899  92.5019   50.635  23.3699 -78.0103 -76.3132 -3.46788 -2.84878
  53.447   92.992  50.4256  23.8884 -76.9301 -76.4691 -4.03844 -1.82337
 53.2216  93.4764  50.2048  24.4942 -75.9688 -76.5563 -4.63328 -1.71486
  53.0059    93.953   50.0238   24.9877  -74.9604  -76.7568   -5.2306 -0.634423
  52.7995   94.4086   49.8452   25.5698  -73.8963  -76.8255  -5.90967 -0.524028
 52.6468  94.8412  49.7041  26.0376 -72.8012 -76.9551 -6.46611 0.609236
 52.5431  95.3335  49.5619   26.616 -71.9041  -77.102 -7.03589 0.764358
 52.5231  95.7133  49.4579  27.0567 -70.8876 -77.1544 -7.47543  1.89511
 52.5013  96.2256  49.3576  27.6234 -69.9583 -77.3034 -7.96815  2.09257
 52.5532   96.577   49.295  28.0343 -69.0026  -77.333 -8.23236  3.21371
 52.5967  97.1014  49.2379  28.5994 -68.0625 -77.4027 -8.52539  3.43942
 52.7029  97.4335  49.2066  28.9962 -67.1162  -77.481 -8.72528   4.4717
 52.8291  97.9762  49.1869  29.5595 -66.2076 -77.5546 -8.90381  4.69772
 52.9687  98.2985  49.1908   29.937  -65.354 -77.5772 -8.94341  5.53427
 53.1427  98.8595  49.2088  30.4938 -64.3863  -77.623  -8.9734  5.76363
 53.2811  99.1715  49.2213   30.868 -63.5874 -77.6138 -8.93424  6.54161
 53.4681  99.7378  49.2681  31.4388 -62.7395  -77.732 -8.84339  6.79431
 53.6204  100.064  49.3171  31.8099 -62.0185 -77.7375 -8.75529  7.51711
 53.8487  100.663  49.3926  32.3896  -61.117 -77.8246 -8.59676  7.78414
 53.9852   100.99  49.4576  32.7564 -60.3402 -77.8268 -8.34001  8.36739
 54.2271  101.614  49.5398  33.3453 -59.4325 -77.9126 -8.00598  8.65387
  54.339  101.959  49.5942  33.7276 -58.5495 -77.9663   -7.634  9.13885
 54.5414  102.557  49.6804  34.3177  -57.573 -77.9569 -7.17617  9.42539
  54.612  102.911  49.7252  34.7079 -56.6432 -77.9908 -6.64284  9.81214
 54.7419  103.495  49.7988  35.3111 -55.6252 -78.0369 -6.03695  10.1234
 54.7721  103.876  49.8481  35.7159 -54.5219 -77.9879 -5.44326  10.4783
 54.8592  104.442  49.9232  36.3228 -53.3578  -78.101 -4.83101  10.8041
  54.804  104.863  49.9719  36.7414 -52.2208 -78.1196 -4.15326  11.1585
  54.866  105.409  50.0183  37.3503 -51.2752 -78.1697 -3.51015  11.5056
 54.7807  105.862  50.0439   37.795 -50.2398 -78.1929 -2.81585   11.869
 54.7346  106.333  50.0541  38.3897  -49.223 -78.1879 -2.18769  12.2191
 54.5655  106.815  50.0322  38.8686 -48.1975 -78.2615 -1.49843  12.5903
  54.4277    107.29   49.9984    39.446  -47.0471    -78.27 -0.863011   12.9561
  54.2413   107.772   49.9573   39.9435  -46.0451  -78.3351 -0.158878   13.3388
 54.1216   108.25  49.8556  40.4809 -44.8364 -78.3276 0.469194  13.7102
 53.9889  108.745  49.7166  41.0211 -43.7383 -78.3026  1.15575   14.113
 53.8284   109.23  49.5458  41.5639 -42.6118 -78.2266  1.76297  14.4977
 53.6327  109.795  49.3711  42.1134 -41.6503 -78.2462  2.40634  14.8922
 53.3444  110.277  49.1909  42.6552 -40.5414 -78.1494  2.98905  15.2904
 53.1078   111.03  48.9924  43.1924 -39.4788 -78.0955  3.61771  15.7098
 52.7851  111.517  48.7988  43.7647   -38.31 -77.9779  4.18839  16.1198
 52.5875  112.198  48.4573  44.1991 -37.2447 -77.9563  4.80793  16.5569
 52.2689  112.736   48.139   44.817 -36.0781 -77.8287  5.34815  16.9654
 51.9529  112.458  47.6559   45.226 -34.9998 -77.7927  5.91098  17.3989
 51.4953  112.953  47.2259  45.8946 -33.8478 -77.6548  6.41717  17.8131
 51.2905  113.459  46.6541  46.2941 -32.8151 -77.5959  6.95078  18.2601
 51.1574  113.948  46.1375  46.9866 -31.7093 -77.4246  7.42227  18.6956
 50.8751  114.516  45.4361  47.2929    -30.7 -77.3134  7.92476  19.1512
 50.5792  114.865   44.804  48.0184 -29.6803 -77.2055  8.36804  19.5839
 50.1848  115.454  44.0055   48.236 -28.7477 -77.0131     8.83  20.0365
 49.7573  115.843  43.3125  49.0085 -27.7209 -76.8612  9.22479  20.4702
 49.2344  116.525  42.4886    49.32   -26.77 -76.6313  9.64366  20.9247
 48.5774  116.773  41.8009  50.1329 -25.8329 -76.5146  10.0169  21.3542
 47.8463  117.334  40.9352  50.4161 -24.9767 -76.2842  10.3087  21.4994
 47.4946   117.75  40.2122  51.2384 -24.0766 -76.1368  10.6432  21.9533
 47.1192  118.257  39.2959  51.4944 -23.2421 -75.9386  10.9422  22.3862
 46.9294  118.731  38.5602  52.3278 -22.4054 -75.6861  11.2093  22.8388
 46.6526  119.213   37.661  52.5654 -21.5468 -75.5166  11.4587  23.2816
 46.3748  119.582  36.9217  53.4008 -20.6621 -75.2997  11.7361  23.7231
 45.9677  120.079   36.021  53.6762 -19.9497 -75.0835  11.9704  24.1645
 45.8019  120.431  35.3496   54.539 -19.1271 -74.8286  12.2211  24.6041
 45.5134  120.902  34.5147  54.8844 -18.4997 -74.6119  12.4552  25.0393
 45.4282  121.227    34.02  55.7008 -17.7605 -74.3272  12.6585  25.4729
 45.2353  121.684  33.3591  56.0559 -17.1005 -74.1115  12.8167  25.9056
 45.0907  122.181  32.9984  56.7609 -16.4213 -73.8601  12.9865  26.3362
 44.8735  122.627  32.4615  57.1253 -15.6902 -73.5484  13.1309  26.7634
 44.7335  123.137  32.2447  57.7856 -14.9643 -73.2533  13.2776   27.186
 44.4705  123.567  31.8908  58.2175 -14.2554 -73.0297   13.418  27.6064
  44.276  123.974  31.8882  58.7424 -13.4833 -72.7073   13.576  28.0258
 44.0323  124.363  31.7881  59.2005 -12.6342 -72.5676  13.7712   28.415
 43.7926   124.92  32.0236  59.5207 -11.7096 -72.1564  14.0623   28.872
  43.449  125.282  32.1231  60.0012 -10.6755 -72.0282  14.5909  29.0328
 43.1218  125.977  32.5249  60.1393 -9.55966 -71.4889  15.2171  29.5646
 42.7797  126.369  32.8269  60.6271 -8.29927 -71.4452  16.1084  29.4667
 42.5711  127.047  33.2364  60.8027 -6.90362 -70.7305  17.0799  30.0913
 42.3152  127.461   33.579  61.2789 -5.37271 -70.7658  18.3192  29.8734
 42.2156  127.857  33.9251  61.4563 -3.74798 -69.9341   19.663   30.647
 42.1853  128.252  34.2022  61.9456 -1.99758 -70.0493  21.2327  30.3681
  42.1594   128.586   34.6917   61.9487 -0.121763  -69.0231   22.8849   31.2839
 42.0588  129.002  35.0804  62.4747  1.90594 -69.1658  24.7338  30.9233
 41.8586  129.268  35.7076  62.3404  4.01469 -67.9696  26.6739  32.0253
 41.6046  129.712  36.2086   62.859  6.19982 -68.1244  28.8227  31.6112
 41.2974  129.916  37.1169  62.4518  8.52703 -66.6496  31.0881  32.9427
 40.9073  130.399  37.8857  63.0224  11.0196 -66.7698  33.4755  32.5229
 40.5118  130.505  39.0043  62.5355  13.6244 -64.8099   35.918  34.1098
40.0252 131.031 39.9126 63.1406 16.3875 -64.884  38.581 33.6984
 39.5949  131.093   41.016  62.9039  19.1918 -62.2448  41.2903  35.7923
39.0617 131.644 41.9488 63.5286 22.1413 -62.244 44.2017 35.4388
 38.6213  131.623  43.0608  63.2515  24.9856 -58.7455  46.9974  37.8872
 38.0751  132.166   44.017  63.8984   27.969 -58.6389   49.974  37.6292
  37.712  132.127  45.1831  63.7102  30.0301 -55.1377  52.7741  41.0494
 37.2513  132.668  46.1527  64.3942   32.219 -54.9134  55.7358  40.9251
 36.7013  132.448  47.3609  64.2593  33.2772 -52.6532   58.136  43.9965
 36.0235  133.083  48.3335  64.9119  34.4531 -52.3783  60.6696  44.0246
 35.3288   132.74  49.4696  64.8591  35.1798 -50.9231  62.2822  46.8436
 34.4604   133.45  50.3586  65.4965  35.9554 -50.6449  64.0319  47.0201
 33.6395  133.061  51.3329  65.5583  35.9288 -48.4999  65.5817  50.2167
 32.6192  133.872  52.0374  66.1181   35.996 -48.2229  67.2262  50.4521
 31.6162  133.233  52.8823  66.1577  35.8558 -46.3095  68.4951  53.8902
 30.3142  134.127  53.4258  66.6839  35.7731 -46.0245  69.7712  54.1006
29.1553 133.552 54.0734 66.7669  35.923  -41.74 70.5525 57.0267
 27.6525  134.518  54.3988   67.264  35.9953 -41.4486  71.3113  57.2944
 26.1187  133.795  54.8477  67.5121  36.1362 -36.6393   71.642  59.6413
 24.2223  134.923  54.8835  67.9549  36.2479 -36.3391  71.9639  59.9572
 22.3387  134.118  55.0228  68.3532  36.3126 -31.4857  71.9516  61.8115
 20.0362  135.433  54.6025  68.6107  36.2289 -31.1769  71.9065   62.129
 17.7033  134.568   54.149  69.1774  36.1973 -26.0534  71.7427  63.5788
 14.8937  136.323  53.1204  69.1532  35.9957 -25.7389  71.5342  63.8887
 11.9127  135.458  52.0904  69.8931  35.3641 -21.5265  71.2193  65.0378
 8.47311  137.989  50.4708   69.594  34.5781 -21.2175  70.8563  65.3477
 4.78937  137.413  48.8555  70.5316  34.0046 -17.5787  70.4011  65.7265
0.720275    141.4  46.6957  69.9809  33.1859 -17.1976   69.944  66.0285
-3.55617  140.932  44.5788  71.0922  32.7068 -12.4394  69.3892  66.3793
-8.16446  145.977  41.8866  70.2791  31.9646 -12.0558  68.8439  66.6773
-13.0676  145.835   39.215  71.5139  31.6376 -7.70345  68.2411  67.0067
-16.7714  154.638  36.0472   70.555  31.0618 -7.35386  67.5975  67.2458
-20.8802  154.983  32.8297  69.5038  30.9518 -5.87432  66.8976  67.5465
-23.7717  162.532  29.6429  70.8788  30.6325 -5.55319  66.1648  67.7439
-27.0061  162.821  26.0595  69.8102   30.833 -4.33148   65.447  67.9848
-28.8872  171.041  22.5586  71.3624  30.8617 -4.10744  64.6458  68.1529
-31.0849  171.314  18.6357  70.4111  31.2341 -1.85216  64.0317  68.3342
-31.9599  178.454  14.9361  72.3659  31.4678 -1.69518  63.2607  68.4637
-33.1265  178.732  10.8872  71.7313  31.8643 0.959692  62.5989   68.625
 -33.245 -175.722  7.14841  74.0143  32.2377  1.09015  61.8285  68.6743
-33.6174 -175.478  3.11563  73.5303  32.7227  3.40535   61.313  68.7667
 -33.5094  -170.998 -0.369254   76.3103   33.2343   3.48144   60.6759   68.8649
-33.6125 -170.783 -4.10928   76.267  33.8387  5.81039  59.9984  69.0019
-33.4905 -167.314 -6.56718  78.8789  34.5284  5.84827  59.2342  69.0328
 -33.532 -167.111 -9.24147  79.0164  35.2508  8.31643  58.4812  69.1255
-33.4216 -164.552 -10.5543  80.8785  36.1005  8.28692  57.9564   69.106
-33.4213 -164.351 -11.9428  81.0317   37.037  11.4852  57.6924  69.8357
-33.2675 -162.572 -12.5746  82.0204  38.2133  11.4959  57.7436  69.7789
-33.1834 -162.371 -13.3307  82.1949  39.4382  16.0553  58.3845   72.104
-32.9345  -161.37 -13.5838  82.8665  40.9646  16.0857  59.3571  71.9603
-32.7088 -161.217 -13.9146  83.0613  41.7464  20.0518  60.5642  74.9625
-32.3767 -161.016 -13.7162  83.3137   42.876  20.1204   62.193  74.8894
-32.0227 -160.925 -13.5215  83.5071  43.6687  25.6926  63.6078  79.3729
-31.6015 -160.811 -13.1867  83.7072  44.8533  25.7926  65.3653  79.2673
-31.1891 -160.773 -12.8432  83.8512  45.3985  31.5181  66.7531  83.8867
-30.7069 -160.715 -12.4687  84.0045  46.3524  31.6525  68.5784  83.9477
-30.2238 -160.734 -12.0079  84.0879  46.6507  37.2007  69.7148  89.9402
-29.6249 -160.747  -11.396  84.1935  47.3499  37.3565  71.2833  90.0829
  -29.05 -160.825 -10.7922   84.225  47.4947  42.7553  71.9356  96.3226
-28.3675 -160.893 -10.1462  84.2929  47.8925  42.9043  72.8583  97.2604
-27.7049 -161.002 -9.47222  84.3031  48.0146  47.6867  73.8392  97.2048
-26.9779 -161.065 -8.72818  84.4207  48.4553  47.8921  75.5886  98.7694
-26.2152 -161.184 -7.93106  84.4787  48.5019  53.0254  77.4003  98.6468
 -25.339 -161.264 -7.18458  84.6056  48.8135  53.2532   79.856  100.998
-24.5487 -161.384  -6.3576   84.625  48.8247  58.8335  82.3444   100.88
-23.7012   -161.4 -5.55154  84.7704  49.0447  59.0896  85.1483  104.121
-22.9077 -161.511 -4.69754  84.8012  49.0192  64.6948  87.9553  104.068
-21.9931 -161.519 -3.90885  84.9248   49.139  64.9604  90.8403  108.543
-21.1135 -161.567 -3.00472  85.0127   49.015  70.3542  93.6206  108.455
-20.2168 -161.644 -2.13497  85.1577  48.9816  70.6177  95.5938  113.292
-19.5383 -161.657 -1.23491  85.2956  48.8589  76.0306   97.555  113.459
 -18.6918  -161.693 -0.469269   85.4577   48.6543    76.291   98.5721   118.456
-17.9093 -161.739 0.378611  85.6247  48.5229  81.5944  99.4909  118.597
-17.0253 -161.729   1.0644  85.7475   48.383  81.8434  99.7771  121.269
-16.2026 -161.669  1.82555   85.957  48.2281  87.0044  100.042  121.419
-15.4071 -161.617  2.54323  86.1057  47.9098  87.2652  100.249  123.828
-14.7477 -161.514  3.23134  86.3231  47.7402  92.3707  100.437  123.944
 -14.022 -161.465  3.76456  86.5603  47.3848  92.6328   100.49  126.106
-13.4373 -161.308    4.351  86.7894  47.2021  97.4746  100.494  126.193
-12.6591 -161.241  4.80385   87.017  46.9258  97.7165  100.392  127.994
-12.1391 -161.073  5.28286  87.2981  46.7421  102.332  100.265  128.052
 -11.467 -160.937  5.37225  87.5253  46.2606   102.63  100.069  129.681
-10.8695 -160.708  5.31944  88.4059   46.337  106.623  99.8632  129.708
 -10.312 -160.517   4.7934   88.595  46.2168  106.877  99.5843  131.069
-9.80149 -160.257  4.23565  89.6891  46.1789  110.917  99.3442  131.067
-9.33053 -160.033  3.17804  89.8088  45.9879  111.168   99.041  132.604
-8.87215 -159.774  2.23315  91.0858  45.8877  114.929  98.8493  132.555
-8.44819  -159.48 0.847383   91.205  45.6669  115.173  98.7243  134.383
 -8.51923  -159.179 -0.307982   92.7262   45.5264   118.666   98.7501   134.307
 -7.8096 -155.958 -1.97675  92.8265  45.3057  118.886  98.8494   136.56
-7.59288 -155.667 -3.20261  94.1823  45.1609  122.285  99.1406   136.44
-7.16484 -154.665 -4.90866  94.2071  44.9116  122.505  99.3074  138.873
 -7.2705 -154.357 -6.38128  95.7232  44.3147  123.618  99.7076  138.765
  -6.918 -152.895  -8.3056  95.6754  43.8322  123.845  99.9275  142.241
-7.02878 -152.604 -10.0332  97.3669  43.3259  123.996  100.427  142.124
-6.77775 -151.579 -12.2977  97.2571  42.9027  124.196  100.539  145.328
-6.96578 -151.311 -14.1443  99.2964  42.4585   124.33  100.964  145.209
-6.81093 -150.524 -16.5355  99.2312  42.0509  124.512  101.307  149.431
-7.06201 -150.275 -18.2281  101.527   41.652  124.617  101.893  149.274
-7.00954 -149.606 -20.4477  101.539  41.2699  124.783  102.282  153.497
-7.34421 -149.382 -21.7873   103.67  40.9058   124.84  102.915  153.335
-7.40983 -149.229 -23.6261  103.823  40.7494  124.992  103.299  158.473
-7.80397 -149.042  -24.257  105.061  40.4745  124.951  104.033  158.355
-7.91258 -148.773 -25.3057  105.214  40.5433  125.073  104.337  164.144
-8.29285 -148.602 -25.2752  105.447  40.3452   124.95  104.983  164.029
 -8.5417 -148.764 -25.6792  105.556  40.4238  125.012   105.18  169.329
-9.00867 -148.624   -25.58   105.69  40.1609      125  105.694  169.238
-9.31125 -148.922 -25.8761  105.764   39.951  125.002  105.781  175.702
-9.78789 -148.836 -25.7784  105.832  39.8246   124.99  106.159  175.631
-9.87912 -148.793 -25.7627   105.89  39.7641  124.948  106.078 -179.765
-10.1363 -148.742 -25.7252  105.933  39.9755  125.107  106.249 -179.823
-10.1556 -148.776 -25.7556  105.966   40.223  124.985  106.184 -172.872
-10.3249 -148.747 -25.7174  106.008   41.242  125.729  106.341  -172.92
-10.1591  -148.55 -25.9731  105.956  42.2083  125.511  106.075 -167.828
-10.1134 -148.565 -26.1013  106.092  43.8764  127.026  105.872  -167.86
-9.91365 -148.541 -26.4645  105.988  45.6657  126.834   105.99 -163.888
-9.87871 -148.539 -26.7328  106.229  48.1905  130.367  106.239 -163.896
-9.55199  -148.37 -27.2076  106.079  50.8151  130.196  106.193 -156.931
-9.39425 -148.397 -27.6307  106.392   53.462  135.085  106.269 -156.913
-9.15103 -148.422  -28.217  106.173  56.1845  135.034  106.141  -150.11
-8.95037  -148.47 -28.7984  106.596  58.4923  142.795  105.974 -150.059
-8.59708 -148.508 -29.5005  106.303  60.7187  142.747  105.917 -149.871
 -8.3515 -148.577 -30.2257  106.812  61.9033  148.845  105.837 -149.775
-8.67484 -147.828 -31.0716  106.441  63.1056  149.008  106.346 -147.945
-8.97912 -147.992 -32.0007  107.122  63.3141  156.159  106.838 -147.817
-9.99598 -146.483 -33.0081  106.721  63.5258  156.341  107.636 -142.438
-11.0693 -146.722  -34.135  107.657  63.3565  163.441  108.429 -142.273
-12.8466 -143.749 -35.3896  107.157  63.1702  163.638  109.027 -136.751
-14.8105 -143.914 -36.9134  108.471  63.0036  170.548  109.619 -136.564
-17.1853 -138.648 -38.4498  108.015  62.6651  170.778   109.67 -133.485
-19.7112 -138.863 -40.3589   109.84  62.5926  177.215  109.729 -133.291
-21.7046  -131.83 -42.5113  109.399  62.1873  177.468  109.167 -129.406
-24.1126 -131.749 -44.8816  111.846  62.2027 -176.871  108.562 -129.221
 -24.403 -124.126 -47.5295  111.459  61.8894 -176.656  108.057 -129.095
-25.1415 -124.078 -50.5917  115.124  62.0768 -173.367  107.518 -128.956
-24.8968 -116.453  -53.979  114.888  61.9503 -173.185  107.033  -128.87
-25.1863  -116.39 -57.2637  120.422  62.4691 -170.382  106.512 -128.771
-24.7732 -109.021 -60.9105   120.36  62.6901 -170.272  106.038 -128.722
-24.8873  -108.96 -63.5344  128.541    62.89 -169.172  105.616  -128.66
-24.6424 -101.777 -66.5792  128.629    62.89  -169.07  105.151 -128.641
-24.9349 -101.703  -67.801  136.555  63.2034 -165.632  104.798 -128.626
-24.6544 -95.8639 -69.4723  136.675  63.2537 -165.585  104.547 -128.639
-24.7561 -95.7972 -69.6578  143.242   63.537 -162.074  104.341 -128.668
-24.6065 -89.6598 -70.2702  143.321  63.5725 -162.066  104.299 -128.719
-24.9796 -89.5495 -70.1057  149.372  63.9059 -159.029  104.151 -128.832
-24.9058 -83.7585 -70.3844   149.46   64.171 -159.048  104.262  -128.81
-25.1932 -83.6653 -70.0707  154.498  64.2091 -155.967   104.19 -128.992
-25.2809  -80.432 -70.1825   154.59  64.1096 -156.002  104.357 -128.994
-25.7453  -80.298 -70.0122  159.391  64.3013 -153.439  104.316 -129.212
-25.6645 -75.5919 -70.2306  159.508  64.3107 -153.505  104.509 -129.248
-25.8488 -75.4822 -70.2507  164.031  64.5262 -149.712  104.431 -129.445
-26.0073 -74.1769 -70.6396  164.177  64.6598 -149.789  104.591 -129.502
-26.3712 -74.0687 -70.5753  167.525  64.7642 -146.232  104.405  -129.61
-27.4316 -71.7977 -70.8341  167.651  64.8057   -146.3   104.48 -129.696
-28.6159 -71.7623 -70.5912  170.358  64.9812 -141.925  104.022 -129.529
-30.0194 -68.4805 -70.6567  170.458  65.1262 -141.999  103.856 -129.648
-31.5159 -68.4384 -70.4171  172.699  65.3645   -137.4  103.759 -129.761
-32.6163 -66.6802 -70.4656  172.798  65.4807 -137.479  103.785 -129.878
-33.7944 -66.5904 -70.2647  174.671  65.8408 -134.044   104.75  -128.22
 -35.071 -64.0273 -70.3281  174.757   66.089 -134.124  105.806 -128.372
-36.4242 -63.9228 -70.1349  176.209  66.6857 -129.388  107.434 -124.155
-37.6925 -61.1778 -70.2054  176.285  67.1573 -129.478  109.168 -124.286
-39.0269 -61.0789 -70.0845  177.604  67.5697 -127.114   110.82 -118.268
-40.0839 -58.2354 -70.1848  177.665  68.0107 -127.164    112.6  -118.34
 -41.209 -58.1515 -70.1092  178.969  68.3498  -121.94  113.455 -113.932
-42.1223 -55.7108 -70.2746  179.018  68.7111  -121.99  114.426 -113.967
-43.0959  -55.643 -70.2498  179.581  68.9701 -116.705  114.868 -107.883
-43.8189 -53.3561 -70.4414  179.609  69.3743 -116.728  115.427 -107.888
-44.5398 -53.3691 -70.4799 -179.927  69.3349 -114.591  115.579 -101.932
-45.0025 -52.9251 -70.7145 -179.917  69.3288 -114.614  115.835 -101.913
-45.4402 -52.9264 -70.8013 -179.906  69.4728 -109.201  115.852 -95.9902
-45.4408 -52.6116 -71.0237 -179.911   69.737 -109.211  115.952 -95.9638
-45.4164 -52.6561  -71.143 -179.956  69.8457 -109.238  115.933  -90.248
 -45.623 -51.8599 -71.4035 -179.981  69.9768 -109.238   115.97 -90.1975
-45.7948  -51.922 -71.4932   179.95  70.0971 -109.228  115.928 -84.7402
-45.9531 -51.6774 -71.7037  179.905  70.3028  -109.21  115.795 -84.6691
-46.0487 -51.7537 -71.7553  179.826  70.4493  -109.18  115.745 -79.6167
-46.1526 -50.6294 -71.9049  179.749  70.5875 -109.141  115.613 -75.7562
-46.2024 -50.7198 -71.9578  179.651   70.724 -109.091  115.469 -72.9058
-46.3082 -47.9487 -72.0425  179.547  70.8912 -109.021  115.321 -72.7946
  -46.36 -48.0474 -72.0648  179.437  71.0421  -108.96  115.098 -68.4279
-46.8324 -46.2425 -72.1113  179.318  71.2068 -108.859  114.869 -68.3141
-47.2945 -46.3202 -72.2675  179.963  71.3082  -108.77  114.652 -64.3673
-47.6497 -43.7402   -72.42  179.847  71.4149 -108.661  114.427 -64.2554
 -48.013 -43.8225 -72.3614 -179.945  71.4183 -108.557  114.262 -60.7609
 -48.357 -40.5398  -72.363  179.935   70.913 -104.663  114.016  -60.636
-48.6666 -40.6503  -71.818 -178.244  70.2745 -104.556  113.913 -58.7218
-49.3041 -37.1004 -71.4294 -178.404  69.7422 -100.848    113.8  -58.618
-49.9276 -37.2003 -70.6972 -175.995    68.99 -100.688  113.667 -55.9841
-50.3787 -32.4913 -70.1535 -176.157  68.8754 -100.047  113.539 -55.8945
-50.9349 -32.5247 -69.4191  -173.14  68.6416 -99.9259  113.404 -53.6542
-51.1515  -27.675  -68.889 -173.273  68.7498 -99.4288  113.287 -53.5826
 -51.381 -27.7181 -68.5423  -173.29  68.7171 -99.3243  113.162 -53.1461
-51.5435 -23.5823 -68.3929 -173.345  68.6436  -99.213  113.067 -53.0765
-51.8227  -23.591 -68.2081 -173.421  68.5913 -99.1204  112.849 -52.2411
-51.8009  -18.636 -68.2123 -173.439  68.4863 -99.0223  112.663 -52.1929
-51.9312 -18.6382 -67.8692  -173.38  68.3121 -98.9448  112.427 -52.1689
-51.6604 -14.6849 -67.7877 -173.379  68.2083 -98.8761   112.28 -52.1454
-51.5605 -14.6795 -67.4892 -173.324  68.1198 -98.8245  112.107 -52.1477
-50.9573 -10.5263 -67.4877 -173.303   67.996 -98.7837  112.002 -52.1486
-50.4662 -10.5098    -67.1 -173.032  67.8817   -98.76  111.879 -52.1807
-50.4435 -6.42089 -67.0035 -173.004   67.734 -98.7279  111.846 -52.1884
-50.6205 -6.36185 -66.8352 -172.968   67.579 -98.7081  111.603 -52.1382
-50.5677 -3.82919 -66.8244 -172.926  67.4339  -98.702  111.501 -52.1812
-50.6163 -3.76893 -67.2042 -170.721  67.2458   -98.69  111.333 -52.2334
  -50.7744 0.00122392   -67.8133   -170.636    67.0557   -98.6852     111.24   -52.2917
 -51.0429 0.0710847   -68.131   -167.42   66.8537  -98.6822   111.133  -52.3568
-51.2288  3.47113 -68.6928 -167.322   66.701 -98.6978   111.14 -52.4231
 -51.526  3.54838  -69.002 -164.402  66.5103 -98.7179  110.874 -51.0143
-51.7726  4.13145 -69.5527 -164.287  66.3548 -98.7439  110.789 -51.0881
-52.1028  4.18917 -69.8006 -161.837  66.1579 -98.7787  110.746 -51.1582
-52.5033  4.52898 -70.2671 -161.727  66.0135 -98.8257  110.817 -51.2213
-52.8963  4.55332 -70.5047  -159.67  65.8854 -98.8735  110.736 -51.2417
-53.3599  4.91815  -70.941 -159.562  65.7778 -98.9128  110.848 -51.3102
-53.7856  4.93384 -71.1336 -157.973  65.6692  -98.973  110.873 -51.3895
-54.1788  5.27247 -71.5034 -157.872  65.5486 -99.0259  111.044 -51.4429
-54.5401  5.32908 -71.6601  -156.75  65.4861 -99.0877  111.057 -51.4934
-54.7028   5.4171 -71.9687 -156.657  65.4271 -99.1422  111.232 -51.5251
-54.8716  5.47565 -72.1072 -155.922    65.34 -99.2063  111.307 -51.5901
-54.9606  5.52977 -72.3705 -155.841  65.2974 -99.2703  111.419  -51.652
-55.0286  5.58425 -72.5159 -155.832  65.2981 -99.3339  111.576 -51.6984
-55.1054  5.62178 -72.7437 -155.754  65.3088 -99.3946  111.729 -51.7517
-55.1936  5.66508 -72.9194 -155.794  65.8445  -98.629  111.852 -51.7935
-55.2761  5.69552 -73.1435 -155.724  66.3017 -98.7335  111.968 -51.8317
 -55.353  5.72309 -73.3318 -155.788  66.8223  -98.142  112.067 -51.8675
-55.4117  5.74506 -73.5298 -155.752  67.2618 -98.2306  112.182   -51.89
 -55.465  5.76048 -73.6337 -155.743  68.0551 -96.9596  112.256 -51.9129
-55.5116  5.77083 -73.7547 -155.715  68.8191 -97.0621  112.318 -51.9192
-55.5574   5.7703  -73.883  -155.77  69.6107 -96.2632   112.35 -51.9171
-55.5689  5.75646 -73.9915 -155.759  70.3593 -96.3393  112.369 -51.9052
-55.5375  5.75346 -74.1268 -155.844  71.2122 -95.3185  112.392 -51.8856
-55.4142  5.61975 -74.2303 -155.854  72.0111 -95.3792  112.415 -51.8576
-55.2492  5.61585 -74.3791  -155.97  72.8775 -93.1941  112.417 -51.8251
-55.0337  5.43023  -74.473 -155.993  73.6798 -93.2192   112.56 -51.7108
-54.7811  5.40904 -74.6081 -156.134  74.2779  -91.832  112.554 -51.6513
-54.4925  5.13472 -74.6797 -156.184  74.7677 -91.8107  112.653 -51.5189
-54.1754  5.11481 -74.7647 -156.284  75.1915 -91.4229  112.594 -51.4332
-53.8628  4.89245 -74.7903 -156.358   75.554 -91.3791  112.589  -51.337
-53.5094  4.84981 -74.8506 -156.502  75.8601  -91.037   112.45 -51.2061
-53.2435  4.68316 -74.8485 -156.589   76.091 -90.9647  112.313 -51.1439
-52.9296  4.63781 -74.8624 -156.775  76.2888  -90.636  112.069 -50.9591
-52.6375  4.42774 -74.8226 -156.874  76.3995 -90.5445  111.811 -50.9054
-52.3272  4.35681 -74.7554 -156.957  76.4504 -90.4379  111.516 -50.6982
-52.0972  4.24671 -74.6486 -157.069  76.4231 -90.3267    111.2 -50.6582
-51.8177  4.16817 -74.5332 -157.153  76.4505 -90.2447  110.841 -50.4316
-51.6226  4.22885 -74.3657 -157.275  76.4108 -90.1262  110.447 -50.3909
-51.3949   4.1448 -74.1856 -157.314  76.3611 -90.1025  110.118 -50.1614
-51.1305  4.08273  -73.967 -157.437  76.2457 -89.9731  109.774 -50.0778
-50.8485  4.00081 -73.7536 -157.473  76.0855 -90.0019  109.616 -49.9661
-50.5767  4.12181 -73.5183 -157.571  75.8712 -89.8597  109.481 -49.8568
-50.3273  4.07197 -73.3197 -157.669   75.683 -89.8328  109.345 -49.7628
-50.0812   4.0136 -73.1425 -157.749  75.4679 -89.6789  109.211 -49.6751
  -49.84   3.9779 -72.9873 -157.844  75.1839 -89.7362  109.099 -49.5889
-49.5919  3.93146  -72.849 -157.909  74.8932 -89.5718  108.962 -49.5146
-49.3655  3.89795 -72.7109 -157.977  74.5209 -89.6739  108.856 -49.4459
-49.1732  3.85705 -72.5772 -158.041  74.1658 -89.5011  108.768   -49.39
-48.9881  3.83317 -72.4108 -158.092  73.6935 -89.6272  108.574 -49.3414
-48.8372  3.82597 -72.2704 -158.133  73.2708 -89.4354  108.412 -49.2957
-48.6775  3.81629  -72.144  -158.16  72.7385 -89.5774  108.269 -49.2648
-48.5522  3.81166 -72.0353  -158.18  72.2762 -89.4097  108.194 -49.2415
-48.4228  3.82224 -71.9269 -158.197  71.7338 -89.5601  108.074  -49.218
-48.3032  3.83044 -71.8308 -158.198  71.2844 -89.4053  107.978 -49.2108
-48.2076  3.85069   -71.71 -158.185  70.7032 -89.5721  107.888 -49.2101
-48.1407  3.88145 -71.6187 -158.169  70.2455 -89.4199  107.817 -49.2151
-48.0842  3.90611 -71.5322 -158.157  69.6722 -89.5749  107.746 -49.2348
-48.0863   3.9296 -71.4505 -158.132   69.233 -89.4378    107.7 -49.2509
-48.1347  4.02666 -71.3827 -158.107  68.6991 -89.5922  107.734 -49.3411
-48.2336  4.04465 -71.3361 -158.058   68.295 -89.4857  107.744 -49.3647
 -48.326  4.15316 -71.3141 -158.012  67.8038 -89.6109  107.979 -49.6781
-48.4801  4.16443 -71.3017 -157.932  67.4552 -89.5269  108.178 -49.6749
-48.6277  4.29384 -71.2951 -157.881  67.0398 -89.6282  108.505 -49.9666
-48.8374  4.30309 -71.3358 -157.725   66.759  -89.585  108.784  -49.968
-49.0075  4.42847 -71.3817 -157.674  66.4281 -89.6736  109.145  -50.272
-49.2563  4.43219 -71.4377 -157.522  66.2189 -89.6738  109.447 -50.2528
-49.4499  4.56652 -71.5047 -157.464  66.0011 -89.7349  109.771 -50.4584
-49.7106  4.57901 -71.5566 -157.338  65.8721 -89.7666  110.075 -50.4411
-49.8922  4.69926 -71.6157 -157.279   65.776 -89.8088  110.391 -50.6309
-50.1448   4.7092  -71.603 -157.192  65.7059 -89.8492    110.7 -50.6019
-50.2944  4.80279 -71.6028 -157.125   65.636 -89.9019  111.018 -50.7919
-50.5226  4.82202  -71.522  -157.36  65.5698 -89.9429  111.345 -50.7725
-50.6253  4.87653 -71.4714 -157.301  65.5203 -89.9985  111.617 -50.9234
-50.7579  4.91049 -71.4225 -157.472  65.4881  -90.041  111.906 -50.9295
-50.8416  4.95014 -71.3838 -157.424  65.4883 -90.1193    112.1 -51.0355
-50.9258  4.98106 -71.3667 -157.825  65.5228 -90.1502  112.292 -51.0395
-51.0136  5.01733 -71.3191 -157.786  65.6464 -90.3081  112.429 -51.1099
-51.0992   5.0392 -71.3525 -158.528   65.793 -90.3232  112.564 -51.1184
-51.1743  5.05741 -71.3406 -158.504  65.9424 -90.4408  112.647 -51.1535
-51.1924  5.07274 -71.4842 -159.836  66.1175 -90.4423  112.726  -51.165
-51.3569  3.89051    -71.6 -159.827   66.274 -90.5432  112.767 -51.1774
-51.4425  3.88815 -71.6834 -159.818  66.4511 -90.5186  112.806 -51.1818
-51.5809  3.87237 -71.7736 -159.828  66.6313 -90.6014   112.83 -51.1742
-51.6342  3.85555  -71.747 -159.881  66.8265 -90.5686  112.854 -51.1614
-51.6483  3.83527 -71.6892 -159.894  67.0257 -90.6411  112.878 -51.1337
-51.4413  3.34579 -71.6009 -160.861  67.2297 -90.6124  112.881 -51.1137
-51.2644  3.31979 -71.4735 -160.882  67.4029 -90.6419  112.768 -50.8638
-51.0883  3.17446 -71.4114  -161.59  67.5818 -90.6054  112.642 -50.8391
 -50.891  3.14965 -71.3065 -161.625  67.7408 -90.6136  112.543 -50.6991
-50.6107  2.95434 -71.2587 -162.278  67.9032 -90.5708  112.406 -50.6724
-50.3201  2.92268 -71.1456 -162.324  68.0456 -90.5716  112.285 -50.5418
-50.1102  2.74045 -71.1204 -163.054  68.1558 -90.5261  112.118 -50.5068
-49.8641  2.71394 -71.0271 -163.113  68.2543  -90.489  112.028 -50.4078
-49.6189  2.56018 -70.9804 -163.197  68.3418 -90.4343  111.883 -50.3516
-49.3521   2.5267 -70.8684 -163.254  68.4146 -90.3806   111.81 -50.2641
-49.1379  2.40931 -70.7476 -163.332  68.4466 -90.3194    111.7 -50.1897
-48.9032  2.37252 -70.5802 -163.392  68.4895 -90.2655  111.603 -50.1372
-48.6982  2.29705 -70.4627 -163.462  68.4925 -90.1935  111.458 -50.0617
-48.4574  2.27838 -70.3519 -163.523  68.4782 -90.2175  111.325  -50.028
-48.2082  2.18481 -70.2187 -163.578  68.4198 -90.1353  111.158 -49.9603
-47.9248  2.18381 -70.1192 -163.637  68.3476 -90.1499  111.041 -49.8982
-47.6739  2.09354 -69.9911 -163.692   68.239 -90.0683  110.933 -49.8335
-47.4001  2.09771  -69.866 -163.747  68.1952 -90.0219  110.828 -49.7831
-47.1583  2.02485 -69.7381 -163.801  68.1032 -89.9487  110.707 -49.7249
-46.8961  2.02965 -69.5885 -163.831  68.0553 -89.9063  110.592 -49.6763
-46.6961  1.99097 -69.4271 -163.885  67.9604 -89.8415  110.464 -49.6256
-46.4821  2.00035 -69.2443  -163.91   67.918 -89.7861  110.341 -49.5872
-46.2962  1.97822 -69.0961  -163.95  67.8722 -89.7301  110.226 -49.5474
-46.1222  1.97838 -68.9347 -163.963  67.8313 -89.6803  110.106 -49.5219
-45.9892  1.98052 -68.8004 -163.984   67.782 -89.6335  109.986  -49.495
-45.8735  1.99003 -68.7069 -163.992  67.7246 -89.5906  109.866 -49.4829
-45.7695  1.99081 -68.5954 -164.007  67.6559 -89.5601  109.754 -49.4756
-45.7216  2.00247 -68.5033     -164  67.5954 -89.5278  109.656 -49.4756
-45.7089  2.06209 -68.4151 -163.999   67.522 -89.5092  109.545 -49.4731
-45.7529  2.08218 -68.3109 -163.982  67.4438 -89.4903  109.446  -49.483
-45.8367  2.58361 -68.2398 -163.963  67.3515 -89.4764   109.35  -49.489
-45.9396  2.60796 -68.1804 -163.938  67.2588 -89.4701  109.274 -49.5065
-46.0532  2.85563 -68.1344 -163.917  67.1488 -89.4639  109.211 -49.5332
-46.1995  2.89521 -68.1332 -163.853  67.0548 -89.4698  109.135 -49.5602
 -46.252  2.94732 -68.1535 -163.828  66.9542 -89.4736  109.081 -49.5874
-46.3361  2.99819 -68.2586 -163.533  66.8556  -89.485  109.045 -49.6306
-46.3445  3.03521 -68.3937 -163.516  66.7737  -89.503  109.004 -49.6609
-46.4108  3.09637 -68.5758 -163.316  66.6958 -89.5162  109.017 -49.7199
-46.4513  3.11379 -68.7743 -163.296  66.6079 -89.5503  109.021 -49.7403
